0.13262219931404146,0.03660305531798121,0.0050526310292193085,0.062171805332608986,0.0461760586487188,0.06665283553941427,0.0404384203427819,0.02989846361090884,0.034642574729324915,0.034557704208109816,0.041269009970258265,0.04770491210794569,0.022752724027729154,0.029699582511808972,0.03588395087092119,0.05663179711796025,0.03500283726338481,0.02809754226802712,0.03953987194776259,0.02933864216732603,0.04260620490853426,0.025441879029423624,0.035021041738492145,0.03846107499888085,0.03129987808441188,0.02997416733229775,0.023478487920522206,0.012408240732543985,0.014702040730854488,0.03462742844996371,0.00934286229498606,0.023311246392861057,0.028485468640749946,0.04495136945927018,0.03740113868787584,0.05804780170353688,0.03517043197465388,0.028381291929010954,0.09158550980545249,0.07585039718998077,0.07708030735253035,0.03012322794911285,0.06918660234834273,0.034366069106552995,0.05321402965386837,0.02576587466988826,0.050396321400729985,0.11229744062554471,0.07152526279314672,0.05322875143211986,0.011991068523544297,0.028628660374698422,0.03301317209114888,0.03145290684728488,0.034540832779545415,0.04658155075769427,0.04830890148008471,0.054703924111392944,0.022748519365724716,0.0646975596822079,0.009581250919673682,0.04268828997678972,0.05296534425618693,-0.01551311799174369,0.019014073483168536,0.06653883770216862,0.01381039412041813,0.043214335219212655,0.029426880279549032,0.017428294379364523,0.001219843679770837,0.02900628194794374,0.017767523387583403,0.04900055604709971,-0.0038133600935834444,0.04836639332229597,0.028379760104845265,0.0137039102251296,0.08576866402157422,0.031238074156083057,0.09329832626223748,0.04968549441631331,0.03327410183086268,0.03375039214500208,0.02768598762491227,0.021201229430967285,0.0705125192775901,0.08562910964103246,0.05459079104089175,0.03535150267311898,0.03354445173203457,0.03121825772380114,0.009961897446321645,0.043933699933355684,0.015520757413632224,0.10765576338057307,0.08138224790441277,-0.000346362850519965,0.050567212553249745,0.07950762587401224
0.03660305531798121,0.23509842113111093,-0.0013288989200066375,0.04129579080958691,0.0807362119802716,0.04654221198836609,0.07277015964282929,0.02235010874575939,0.03054668229173529,0.03817301241167896,0.031821311789870944,0.04800771681103365,0.015763642611704046,0.03551480499405212,0.009015378395356027,0.04207727121243727,0.03273034336412533,0.025588576150335676,0.02355236765015596,0.013359798724473442,0.038553577133573255,0.02640778652274267,0.039157739649701914,0.04772980777236003,0.027805477688564364,0.029222036115950454,0.03184083232123196,0.013514071694754756,0.025449140406048874,0.025477797440967682,0.00864800027950659,0.08310134407617799,0.05708878778608249,0.023234880167441414,0.01670075378354457,0.06480069147487921,0.02535716136898535,0.02716546805269202,0.09003199746043124,0.0645852357498998,0.05564799499910537,0.04519301323495701,0.04711593881297492,0.03399369139601654,0.049645949174480626,0.024758626225771838,0.05125524382915577,0.10197431781607316,0.05673693820112408,0.05028449314127534,0.0163924256320668,0.03511811270196898,0.03859591943191237,0.03125895242268974,0.017892779529813507,0.0029951451534057072,0.053240597698384545,0.11251834800129104,0.034058724199148266,0.06614704200247609,0.0038376752135612004,0.039064649458628455,0.041631505650260706,0.0039691967771997546,0.0035329746166714864,0.11886196224204279,0.024791213422220206,0.057478643034634215,0.02553532079409276,0.026390943774697327,0.0027616872155083287,0.03729805404158669,0.009684524100906425,0.03619151751949791,-4.686216458966628e-05,0.039231280342225186,0.021785017067398084,0.004104506507917798,0.04594109654855479,0.043672324387932206,0.07177832591513801,0.0661717625933303,0.030298330431097514,0.037197490764058525,0.03727341157214772,0.02095480095466372,0.07497820786185044,0.06880207527507859,0.06006831151320346,0.04170771955637889,0.03122403939505149,0.01133848542706633,0.008782703604986846,0.03840253447859252,0.010886745805404592,0.10463983928752953,0.07111945656215406,0.004936624217737654,0.03531116824733779,0.06208632408219342
0.0050526310292193085,-0.0013288989200066375,0.051468818763482506,0.016023068207490936,-0.004896844118753548,0.004857187752376737,0.014372137009198102,0.008647191245725695,0.005321744199843055,0.004346464410428025,0.014901738574193869,-0.0017294517120817806,0.002667716330700848,0.00789576074438189,0.01183095969079263,-0.00393245507867735,0.0014445495729517664,0.013646031647424896,0.009927809084887815,0.01249847560425586,0.0149767164630825,0.0030160501506292406,-0.0011646912223717482,0.006814414608176422,0.011603676644735668,0.01191439981075535,0.007639069680315823,0.0029004184315319995,0.00985040914792965,0.009967683128805476,0.002870951788647395,-0.0008980604155245989,0.010188411034877831,0.0032528791893507024,0.003916512654296618,-0.0032544789769448183,0.006605234784671195,0.007312857640843255,0.0063908283071512865,0.014129000735111185,-0.001640142636670696,0.013683253312287811,-0.012829925909656491,-0.0008258571517010749,-0.003491765430367603,0.008352694125823144,0.017578855456779174,-0.0034156070362504187,0.010449031618200147,-0.006010972265931719,0.013243636575303096,0.00834811699767418,0.01347690548809342,0.0025439865430742035,0.0012040994093389914,0.0207075696104154,0.020703967207874145,0.00700031995091191,0.009185465560259726,-0.001872869447023332,0.004528754076901691,0.005224225759837243,0.016051280337588604,0.02055163919356409,0.000325667737939883,-0.0001447639138128791,0.008331521626425208,0.0060555724775805215,0.01718365666691375,0.000487994799561985,0.01770376420163287,-0.0028687232671503484,0.00725088284679886,0.00437678393122637,0.020360595384438067,0.004959690756548469,0.0056902689506348764,0.015358772784563124,0.01120629608414777,-0.0024400948552864904,0.01059977344348534,-0.0005800509792432472,0.021257053056084177,0.010883114138109521,0.004909926431949822,0.005950918245031666,0.014091096309970184,0.017670081321495886,0.0029266969928205323,0.004575728834103552,0.014278214138219043,0.003528633245649987,0.004298640950145463,0.002733077204466389,0.007041182492119112,-0.0035500648722513,0.028707398333026293,0.01005104340445016,0.008733847344238169,0.01571003804828943
0.062171805332608986,0.04129579080958691,0.016023068207490936,0.12360565337212831,0.012141874909762719,0.01997460770951813,0.022442164351972025,0.027553564248399137,0.02327785927800644,0.027924604857476262,0.0442122382903649,0.03531974010529858,0.014986135864275088,0.028384163781512303,0.023493264553012913,0.028491589329108596,0.026281136852067996,0.024782766161732334,0.022003287055252972,0.028475378403097686,0.039434549158023,0.01837785259387582,0.04186969416139301,0.025312837356713972,0.020278846564807433,0.029554769190854292,0.0333104570958143,0.00773248994741474,0.019785557944055954,0.026168802029721144,0.007992902557661713,0.02053761567224384,0.05394533929636931,0.004108987543958149,0.028971359815171027,0.052969534951842645,0.008976904532160039,0.02400767636789374,0.0394579376319154,0.052733097683162346,0.038264887446160835,0.04613793650800315,0.01992762206764183,0.023468733806475125,0.029296654041705877,0.02224103289145845,0.049645317794142496,0.05729495757804975,0.050533947457790926,0.028376402410309167,0.022143607462821385,0.028811359233193716,0.03771129361961639,0.02576718496278456,0.019706975359904115,0.02808315043658953,0.031157922618321045,0.0481388620132037,0.007514225478767719,0.06538638754412299,0.0033280945283251364,0.038726181956946264,0.03239277732065148,-0.014713844043664985,0.007983030977276729,0.047526474300385486,0.00896929665125829,0.04598719640045231,0.022105103454779864,0.017066928291550907,0.002220727299313573,0.022518934060738384,-0.0008368835443142941,0.03523404118990474,-0.02513378783620983,0.022888386093353707,0.01626171790709725,0.016473795619764312,0.06380831253453864,0.01876107372469513,0.05580937910987447,0.022916325714399687,0.03908300850916761,0.02406092405081678,0.02094355471650602,0.013046513362156209,0.054595670958281724,0.06909692229804915,0.03062904516802118,0.030054330592036854,0.036061490067979235,-0.011286824102147352,0.011928703927448974,0.03034139972565483,0.016164831114645548,0.01940548674476254,0.06052418036646877,0.0026988071091270448,0.032639681545639475,0.040609308877134716
0.0461760586487188,0.0807362119802716,-0.004896844118753548,0.012141874909762719,0.1964487903597813,0.0442919278835596,0.05916053883915607,0.024190456768833798,0.0316041896021029,0.023839427292878582,0.015200481698405408,0.038069001836277504,0.02150636032485608,0.024063141136181777,0.02727255505083433,0.039002466697428115,0.026859969448575816,0.020022911323099718,0.024524912599879455,0.008673393235441364,0.032636302835149684,0.01738690204052412,0.010067695434886777,0.05110129227597779,0.029075225881445805,0.015315919495012632,0.017944998808541418,0.01347593364036279,0.028832347026304057,0.045869825488309666,0.009921063092410667,0.09126766872787746,-0.00831454815411816,0.03228814970327493,-0.033546038686504714,0.0506407962819025,0.02781649456930594,0.012125459566374874,0.06286424318186704,0.04236480192955864,0.07208783142541625,0.016567192933541135,0.0649939330399025,0.03456316493028107,0.0395260016600341,0.020193851401235877,0.037264423847194944,0.11155585232215277,0.03304932203706661,0.04545553190080194,-0.001932170702037749,0.018591167424864604,0.02170205700927117,0.02080749925324635,0.020393590736902598,0.008542000349126881,0.0408331153707289,0.09020868071272355,0.015280137222375518,0.062055985614776064,0.006008356633755086,0.03456830896033757,0.042152376923390474,0.00482928556038231,-0.006539230748113224,0.05673440720445013,0.011450379524993583,0.04927848729851237,0.017980658522894443,0.009832788160455037,0.0010666961775680954,0.034502274225413056,0.03514840864653731,0.03228411388306615,9.160243326515854e-05,0.03703282697698948,0.024299074864915827,0.01890272730952399,0.04258345977339871,0.03718941138966824,0.06308752419170148,0.038429797151979465,0.0448313683846177,0.029249763798899056,0.02852838767727361,0.02224603333746665,0.055744923527415564,0.06265065332272791,0.025510510187318546,0.03471692335856913,0.029580304271883195,0.04804813500976002,0.01609732697471099,0.036268309095662025,0.013934468859312696,0.09750459721394089,0.08107017818617622,-0.0008294224625273656,0.04190244594352267,0.08191890713078417
0.06665283553941427,0.04654221198836609,0.004857187752376737,0.01997460770951813,0.0442919278835596,0.2212347508764671,0.07012808467629547,0.027463607734109437,0.0388106395981336,0.03300243209634477,0.04064115246505613,0.050645489947598765,0.02737155860258162,0.025458431179797115,0.04792023523633163,0.06771197438323702,0.03269080926021273,0.04313228806716387,0.02600217744711816,0.023630577435683392,0.0659429739307174,0.027969088848435218,0.047819125322342275,0.06435696070582242,0.04368210122333524,0.04240126779585521,0.04782675501534697,0.012396808011542164,0.019057943893308164,0.03118465379592284,0.009476180042317227,0.09814086995215085,0.04913234574750377,0.08432013252911488,0.08840502540371964,0.05554449540557461,0.047328682401363106,0.03843255006523362,0.17305453948443814,0.08639922230010395,0.13005817817672974,0.030042991947715914,0.1854914055332965,0.035130207097811596,0.08667584354659803,0.06460512820079609,0.07281723462833876,0.17730606944063856,0.07133029730221668,0.05876172668459595,-0.0019757600795232222,0.024772612159990538,0.019761969587361403,0.031140281024734012,0.03453899632026589,0.05113241224030109,0.06156418191742893,0.056226683779331446,0.039495150055799934,0.05853689479010861,0.02872700433064224,0.06850097323188951,0.0655649482358503,0.04147796546075897,0.023048483377101584,0.10371230615354617,0.02036064647995857,0.04201685787796116,0.07219247849739847,0.013628673870376116,0.014645324333122552,0.02793399013178132,0.027345028512621244,0.057973420157697776,0.06376019119348789,0.060190713139864994,0.038718561042415965,0.01728451736877172,0.06290607534983239,0.09942650618749203,0.12863636693572736,0.06708778268382348,0.04267724778079629,0.0360133811402628,0.03408350278977368,0.025789117617574738,0.046788804311133546,0.11662599079218448,0.09176403573693365,0.04203595551319432,0.039867296669677185,0.04570072880365034,0.01530977855052812,0.04580036010077929,0.01074750217974946,0.23394445933176844,0.1212426248125154,0.007297918387174289,0.07934121756357702,0.13667906272373526
0.0404384203427819,0.07277015964282929,0.014372137009198102,0.022442164351972025,0.05916053883915607,0.07012808467629547,0.4610598904297916,0.005087537959535032,0.04291051808968515,0.038265849471473344,0.04410629265530078,0.04665218940859946,0.0222570983259274,0.02607409835338682,0.03051409258629895,0.03247565501359341,0.02741056190116566,0.04049277485566058,0.04355445376873656,0.02849885513360139,0.05321162806757251,0.0272008184568278,0.017743315485965895,0.042681412839945344,0.02987088760256725,0.026082482913952893,0.025922637699228895,0.013646750945093121,0.02471940954274927,0.03638120359573584,0.004060390758701796,0.16786900227267368,0.030853026573860912,0.05020015950009439,0.060410057752070465,0.05993483309646589,0.03407415279182905,0.032984117108921074,0.14245371330580525,0.07216368834237746,0.06231110845203177,0.03467049678290514,0.05616029950570519,0.028869696493588618,0.05278963523733948,0.047198312156947184,0.04308215793312999,0.1868929489926421,0.01945891874374578,0.04959899585895912,0.01878336060173867,0.024793236337240055,0.024375025327223798,0.02528766712255791,0.027958231046766188,0.019391918410873267,0.04123873308847165,0.11778285483551078,0.034260895327766216,0.0312103603158426,0.019218381667342396,0.0799011764932966,0.0458698273359803,-0.0047903782100420685,-0.014492542449869432,0.08184663878182395,0.004029428828956942,0.03262020631593966,0.05564433994225004,0.021381901372095974,-0.0010499351929194039,0.03342984298363654,0.033277648827728074,0.020779583634367365,0.0008652655399731533,0.05137667024459981,0.028074668151051654,0.03514278940167149,0.05006903989350527,0.047727384437075394,0.1071191970522842,0.029635155924100987,0.049649681756725454,0.034209102876367456,0.018414208361068458,0.01275358022266723,0.058207066223065276,0.10098469562961526,0.06166554229213409,0.034532441267327275,0.040473045107314504,0.06434521972872746,0.0314782963879649,0.03565650459353099,0.011583114801192753,0.13497852794962215,0.11939354118422926,0.001517154588605757,0.04065761326827559,0.13821824225367224
0.02989846361090884,0.02235010874575939,0.008647191245725695,0.027553564248399137,0.024190456768833798,0.027463607734109437,0.005087537959535032,0.23353439918882227,0.031687220844104816,0.03532777123557862,0.022103961828044347,0.04095914774796619,0.016952270115893286,0.020000670578615022,0.020560779697119662,0.025933975042305577,0.030699356708472233,0.012496354188582498,0.011273391896652718,0.008490914366847764,0.027762256719270944,0.02690060002976033,0.030117485439548633,0.02301771387421483,0.013892753486177066,0.020473982656941173,0.030392148204115718,0.009714713631252246,0.014145709558500471,0.01331601909563759,0.009525740958135995,0.03747560465142442,0.035396230845862006,0.032037339974762644,-0.01276028077937577,0.029326572232070334,0.019282346722712722,0.02030925449607682,0.059708431734815055,0.05658706888365821,0.04106855503159568,0.03027434816552069,0.07652953439602793,0.02795458971723364,0.0365171310877372,0.011151152294478963,0.03495213438946042,0.02709322247182713,0.0066237506574816935,0.03584899599205933,0.0008366960472061777,0.0192055527396066,0.011851785397072368,0.03580634381973751,0.019402324595851374,0.0038834010110246195,0.025278281593294656,0.029976079595318686,0.01401360697546526,0.025004305217721946,0.007593119590732573,0.04439268353541603,0.028765891988939727,-0.02575650218895264,0.016973881997010734,0.03971630554968476,0.012444484912639824,0.0033244260116503757,0.014185104601840871,-0.0017057133949188808,-0.0024250393366531775,0.033742132253432026,0.03768347743552832,0.027649105462753218,-0.0298077638577071,0.03513157628043013,0.01528031331389583,0.025776689587140546,0.016766631060126817,0.024578992685707235,0.0421017202249097,0.043921460899537204,0.030088962648848343,0.020662303540589327,0.016950492619116683,0.018439809498358585,0.030917550724989935,0.0593596175755024,0.03393049752299627,0.02918376113711023,0.0059439572438161415,0.029739131490295643,0.012287305049633719,0.03433612079426349,0.014885770796641343,0.05435848809992479,0.04207149388222625,0.002158213725674999,0.0296157568193082,0.05641408266328901
0.034642574729324915,0.03054668229173529,0.005321744199843055,0.02327785927800644,0.0316041896021029,0.0388106395981336,0.04291051808968515,0.031687220844104816,0.061356528716092484,0.033271470761148024,0.02327237673243379,0.04401120908971795,0.021541620152763844,0.023088231301027076,0.018824440359819734,0.039397852813117355,0.03509804232941337,0.021541948979635562,0.019326100940611865,0.01831622249703218,0.026027765348722972,0.02976125854189454,0.024578567136057713,0.028574862550291753,0.02234682538219441,0.01991782113754601,0.02940945917585536,0.008222863552068024,0.013453452079176219,0.0228583818053939,0.009472881892875016,0.010593479610570715,0.02086120300404677,0.03253863599249268,0.013710960326834012,0.04565814560594906,0.020387151653192954,0.020719885154743194,0.05710004951368173,0.04326230469704453,0.04517341890047348,0.023792199628195343,0.07506643445573384,0.030467317637981575,0.03725605468933681,0.025932064210449652,0.03024820691331482,0.08200470110894857,0.031275571803974896,0.04444942675430371,-0.0002946685905410114,0.020966142668057804,0.025076460073478204,0.035557884821684364,0.01551844523786699,0.021725581856643833,0.03378408743244325,0.04514704083252606,0.008359290199251322,0.041377447814695954,0.012589853072805501,0.04370006182366589,0.03375037362336201,-0.014765921036259563,0.006719331805064088,0.039612046530713464,0.01169496873270988,0.018893666617934974,0.01957400329572867,0.004715045385150578,0.002427796298548688,0.033409698378659744,0.02997808876481995,0.040631649613330455,-0.002516860510815889,0.025511118124978343,0.019771397151849595,0.0161101349361269,0.028707669231267035,0.03224176299842452,0.06805012892457021,0.033065561318738314,0.02944800875378126,0.01962298751978353,0.024462632376062613,0.01755550997069498,0.03753683459402459,0.05132943631868653,0.03391447440663943,0.029961503802415818,0.017466460206322178,0.028163189785601894,0.008342996017787749,0.036455688495236296,0.015799577548709122,0.05691787649345034,0.05149936450576736,0.006078908206980468,0.03869578597518723,0.037056857010808984
0.034557704208109816,0.03817301241167896,0.004346464410428025,0.027924604857476262,0.023839427292878582,0.03300243209634477,0.038265849471473344,0.03532777123557862,0.033271470761148024,0.054148971555825993,0.028107427267404915,0.0496030371580661,0.023861273048757087,0.024054019492509342,0.025290455821671252,0.038206813528020626,0.04026460412152576,0.02514585826968579,0.01779563265833812,0.028053468679555667,0.03437837333745819,0.037272760906747186,0.025336165995849164,0.027874509394407613,0.020232685543385847,0.024657243283914228,0.0372445432549696,0.008080297781021062,0.017811384511997982,0.021670719296006866,0.010862608113142333,0.01811890650252992,0.032517330092595616,0.0212198900779101,0.0413201110964262,0.03954711773173959,0.023916242687295756,0.013497163598702294,0.05496235383284759,0.0449766771130772,0.04030077286990941,0.03060220167860054,0.050631676886207386,0.03471801042763237,0.0402490752339347,0.023466369068346878,0.03241193493450473,0.04496018850627116,0.03034636763027048,0.04560116592242986,0.01078574029964491,0.020999149883602384,0.021276468053048572,0.0369314171544558,0.017393231746947856,0.022863863281259878,0.02980074373664317,0.03479915434990686,0.0131149046966869,0.0358431991471601,0.008283215560316496,0.03987704782158872,0.03485914783520257,-0.019745879668861398,0.01735092462785186,0.038338221696514574,0.014216237401074935,0.026363049064402344,0.01985789460872795,0.008276070311897957,0.00018508412427495832,0.03712160059875597,0.0019986656492410205,0.037989864154586266,-0.017061344947862402,0.02552836075381605,0.02255311612277474,0.01815847995147835,0.03147840908377806,0.03607597869893675,0.05555297877889981,0.03148914079329822,0.02638369840496591,0.02069472390569522,0.030825884752827253,0.020633719907718995,0.04637888744868974,0.04835736977103576,0.037957481630129256,0.03375183440987745,0.01981279343117577,0.0398051270946445,0.011627804568621974,0.04250207295462331,0.016363530079208963,0.05164210933182537,0.028570561837228465,0.002233402624723098,0.03540145471014705,0.045748669811788586
0.041269009970258265,0.031821311789870944,0.014901738574193869,0.0442122382903649,0.015200481698405408,0.04064115246505613,0.04410629265530078,0.022103961828044347,0.02327237673243379,0.028107427267404915,0.15224653456786932,0.036873095705299716,0.013236249428069767,0.022730433704778837,0.03302824635361618,0.024606569135503898,0.015275976623877143,0.026944123090096198,0.020518304559277844,0.03457176784684272,0.0410699374588061,0.02012058689716023,0.02631696516312918,0.02829424572311821,0.025187531794546376,0.032546954335184404,0.03536435649517857,0.009603967573012363,0.017990163114862994,0.03194460130946439,0.010193774085246531,0.04187016723561172,0.020997648547084198,0.019061879346481382,0.056055891638165975,0.05741099452405997,0.04017841302568765,0.011134077783503608,0.05973978343514455,0.05396952975186326,0.04731161112315916,0.03317674128629015,0.01279991737616699,0.02199918690174393,0.038859156946642597,0.030639254422844802,0.0340789652593393,0.09878262075964603,0.04001920645819244,0.02894738414056549,0.018857679564055506,0.03160538241879083,0.02097837736058389,0.02714316317376369,0.023587301588862568,0.01866608755833828,0.04240719698868918,0.06613797003134836,0.01916261583609159,0.09788829573235443,-0.003783239475099302,0.03438625454398306,0.053711920056583366,-0.004979393148897799,0.007464033942234309,0.07042617136377793,0.01986104462530845,0.029408077912133828,0.038063770007094835,5.24403652432555e-05,0.0017544403797228945,0.023570007737275484,0.006490320564928738,0.026693804640725342,-0.012750834059478425,0.030687122793182503,0.02944269202527449,0.02862834596765323,0.04343080480939453,0.01521411070840226,0.06670942991544374,0.029214051782686965,0.03355833701161466,0.02878408151533005,0.023160222605091634,0.01613543202121692,0.03838128435356158,0.04095581387767691,0.02895303859699607,0.032630990041097076,0.03435200339689861,-0.00850847526880059,0.00537392753268963,0.027774568484819052,0.01568109834761802,0.048969063341871295,0.07335082748104838,0.004138469621582611,0.04030205309904721,0.08182599462392304
0.04770491210794569,0.04800771681103365,-0.0017294517120817806,0.03531974010529858,0.038069001836277504,0.050645489947598765,0.04665218940859946,0.04095914774796619,0.04401120908971795,0.0496030371580661,0.036873095705299716,0.0690376153519798,0.028263457088105397,0.0291376356044712,0.03088458628410639,0.05600250629760901,0.04644938968836296,0.02964695368083447,0.022572989109213137,0.02556461723483914,0.042565605634565115,0.03988381592114224,0.030410699920861376,0.03809080459491617,0.02635755332754046,0.02850167327692696,0.03983093930640847,0.011485032397032321,0.01963761465746374,0.02887114723678563,0.012616505543928026,0.021709321934435005,0.034673694873259,0.03076929863080158,0.03532280903955363,0.05444836144346303,0.030491981156213856,0.019511902281864467,0.07750284793648839,0.05916481489461296,0.06175092218331746,0.03486692179567398,0.07215598240577162,0.044117504148427036,0.054677233139137874,0.032140888731658275,0.04446691750760418,0.09635234839914099,0.039423328375374954,0.0609107420511333,0.008270981891868869,0.024083639340667436,0.02962693335246235,0.043049081582464246,0.02516243223423677,0.024195948831176536,0.038320163565001585,0.059682778289960416,0.013451271821639433,0.06403769935812113,0.01152449272273986,0.047922248496010754,0.049896811949663424,-0.016628204828005796,0.010037464825836475,0.06178675946282873,0.015219545703585701,0.03126003315484672,0.024416298322436806,0.008290567517238695,0.0005885992392841095,0.042071659626990124,0.009786043636297537,0.053362998948210665,-0.013156830614634773,0.03690701891322897,0.0299532223896861,0.019829994428054408,0.04058140334102117,0.042561250503702484,0.0802035369308439,0.046041460451988626,0.03467460254314218,0.028503454194734875,0.03403730179599981,0.02282722211103965,0.05233758189719993,0.07533863151243078,0.0526762804754799,0.041867655806844165,0.025321181053351245,0.04100029070152321,0.012837369760834641,0.053197851281916675,0.019416129541768305,0.08951758366590033,0.05653475992967172,0.002443082881651027,0.04849732851143247,0.06819130985808079
0.022752724027729154,0.015763642611704046,0.002667716330700848,0.014986135864275088,0.02150636032485608,0.02737155860258162,0.0222570983259274,0.016952270115893286,0.021541620152763844,0.023861273048757087,0.013236249428069767,0.028263457088105397,0.02346267307158798,0.01620317700870674,0.014375204954293185,0.024355767630272678,0.02234687046513076,0.02008734824420825,0.012006236531499213,0.011700433153742284,0.021861145571477888,0.02139725497846149,0.015260458542440878,0.019572197594151537,0.01216442193622162,0.01735744868876721,0.020168377691115482,0.005635515047318896,0.013665112258837797,0.014166685762132312,0.00630423622449534,0.037217096714176806,0.012741765943888327,0.018446568412595607,0.01619683643105714,0.025367048858098908,0.012886075124915377,0.009410320491478021,0.03777881225428223,0.030076344928889207,0.030214476790329233,0.013220249242249127,0.04197262047225343,0.020227527040296317,0.0255567480544418,0.018008234286023772,0.022845719645585134,0.04309248791495938,0.020894581879289602,0.025088191298414678,0.008054673388187843,0.013556428878309225,0.012492589541941825,0.023057137620353496,0.011059840164203635,0.012081368705680844,0.019234262969887107,0.022563057554578533,0.009149579830808522,0.032217795039204154,0.009336237632286934,0.024656867527718843,0.021472061244276617,-0.005729682939050384,0.006971723891093612,0.03191095098935,0.008836815636897664,0.023292493160707684,0.010772632488435652,0.0077951664159512934,0.003848098021980769,0.02152491130441502,-0.0005399281074241528,0.022444628893757822,0.0007866224871455621,0.014712107404155192,0.014879832557717873,0.017300494979470057,0.021053930967752987,0.023567526029909504,0.03206711780675215,0.020630104012628218,0.015253247474342129,0.012344208502409925,0.01914822282520321,0.010877177509663829,0.026382138011458865,0.04563273119668252,0.02420357236064056,0.01998134007601604,0.014807127245808292,0.02907259608190888,0.003930576429388789,0.024518022224763226,0.00985949483896717,0.03674721449992553,0.0199690569862401,0.0028504514405770383,0.026767202305376155,0.03261602104315757
0.029699582511808972,0.03551480499405212,0.00789576074438189,0.028384163781512303,0.024063141136181777,0.025458431179797115,0.02607409835338682,0.020000670578615022,0.023088231301027076,0.024054019492509342,0.022730433704778837,0.0291376356044712,0.01620317700870674,0.04909440109168948,0.021656574145185584,0.022431656025569856,0.021877030186144536,0.02033015274119299,0.0190091197413093,0.02025159774448372,0.019701513217025235,0.017442928005446497,0.012406478255697372,0.022634249742734997,0.020512530679579127,0.026010021735150518,0.02114702435593602,0.006641449794310404,0.01579423509448947,0.01682037840290579,0.007487219704741256,0.04888858397238332,0.020268571997150837,0.008849285945589164,0.010456015624597982,0.034660021626550214,0.011715875429297641,0.021376328511838637,0.032439555637673374,0.04066981246133965,0.025006520367545443,0.017515815229759448,0.013475417248558092,0.018214045082583404,0.026585340562550668,0.011180124434047456,0.03645260249729936,0.033708669232930116,0.038564818102991685,0.024379326633327057,0.008403806641644241,0.01071483061897847,0.03438116617640173,0.020982453620092267,0.031038465701157848,0.011099013518839062,0.03183820732244025,0.03846646141465695,0.007779523958961838,0.054030856295509196,0.005264108523396556,0.029028521384777125,0.022359451495977224,-0.015107467077006002,0.00854380315983687,0.03848828050678877,0.013016959318802356,0.0382536276979119,0.01311533984250775,0.006691424240111585,0.004223955905530659,0.022074125758545733,0.020662704397749712,0.02548878473362507,-0.01728252728592164,0.021788202949668982,0.01748290161992723,0.01076244694136716,0.032804986946762836,0.02395472715460816,0.0441201918841561,0.021650082237070954,0.026722150264283318,0.021371952108769108,0.02442255072368479,0.016278412950260224,0.044659400606491144,0.028950394891654355,0.0281007684796563,0.018698925140344647,0.020834321263536706,0.01792091149756462,0.007352926210050772,0.023143472221101156,0.00969313859827612,0.03925245826897332,0.04028140963293357,0.00232908513328589,0.023438004416897227,0.03626811350739675
0.03588395087092119,0.009015378395356027,0.01183095969079263,0.023493264553012913,0.02727255505083433,0.04792023523633163,0.03051409258629895,0.020560779697119662,0.018824440359819734,0.025290455821671252,0.03302824635361618,0.03088458628410639,0.014375204954293185,0.021656574145185584,0.09565546666795138,0.036633619618891944,0.01684631985223118,0.020670439081223704,0.028104020523754727,0.04510983264004917,0.04522103942489302,0.020499774447286047,0.021146058793291376,0.038467118016665906,0.02811302711874742,0.021424577766806306,0.02066211186373784,0.010395039288482809,0.01983921371479839,0.02717136406161744,0.010896302071766317,0.006970646551400594,0.02069135707426153,0.04035725074433262,0.017745623603651582,0.03894431606942694,0.041516891290195396,0.021134331370848528,0.07438323955485333,0.04499863118173836,0.06668501200956875,0.021758991076655108,0.06084927287288848,0.023109185708837365,0.044849930126099447,0.025606318314547932,0.043297127148249785,0.10067505170514142,0.040292722361709415,0.03158473181174436,0.006464247015174866,0.016560131674929018,0.01871480224854049,0.020253592934564225,0.026795431913311307,0.013443481056608114,0.030798738304494443,0.03265660385809507,0.01883604099969085,0.029362172840503176,0.012583857897958973,0.02950059323078769,0.04492515118141171,0.00011271327011648304,0.01131520267192113,0.060848626191819195,0.0023588496713052246,0.023915063703055045,0.02509116334339011,0.005905913691675728,0.008250073911667835,0.01690875654958692,0.007219769519107924,0.039432741575591554,0.005788900791498123,0.03907560435805957,0.02064674946807975,0.03368082036584553,0.04107185096584339,0.03463343339783517,0.06663626774377734,0.02690755218552541,0.0288478600094256,0.02610438676339231,0.02995973437636551,0.023216877277794312,0.05444286921142998,0.05334965976151075,0.05067022745182049,0.02912690128524927,0.024185991711437774,0.03450632079462819,0.008907968411009538,0.029549898451082024,0.011769581455102688,0.11644490474568835,0.07881535261845592,0.003913897477322318,0.04435759261954947,0.07162137221380932
0.05663179711796025,0.04207727121243727,-0.00393245507867735,0.028491589329108596,0.039002466697428115,0.06771197438323702,0.03247565501359341,0.025933975042305577,0.039397852813117355,0.038206813528020626,0.024606569135503898,0.05600250629760901,0.024355767630272678,0.022431656025569856,0.036633619618891944,0.09426096216370278,0.0385257119765841,0.02306183620501728,0.027105707094808508,0.0285947515028876,0.05321790916581012,0.03020725893271901,0.027891927547112384,0.04891749185725399,0.036677261988938455,0.027463219643546293,0.035000703785342695,0.014066446616467023,0.01936171783071697,0.03030750958359049,0.012071449725911168,0.0011322054369527642,0.0359292539758667,0.03474566977317685,0.029314428923115497,0.06044147306231284,0.04561666148285501,0.02621583488694209,0.11513697710103196,0.06934808710842948,0.08865322883031461,0.03446761995041874,0.13119370931762336,0.0401916558725795,0.06146804133546442,0.030112440879159166,0.0520132076075396,0.12080637233399993,0.06119610056109972,0.0634509441743597,0.006532873175582152,0.02119884904635122,0.031186662027506258,0.035322411787510104,0.01892277904661697,0.031119589574673166,0.042760534844786154,0.06284269017063374,0.010176880039617257,0.05850545095792246,0.016408900151954592,0.05119410120848046,0.05700752065509349,-0.008215978856585255,0.010369959023256678,0.07606883897804673,0.011528562094674958,0.03461290545041384,0.04386009384031839,0.006910277023539882,0.005767500417090339,0.03800188040006866,0.009959569104820513,0.06310140966930101,0.016555697096032218,0.04942443454336183,0.027640764264311026,0.02759231510514915,0.04786327663213272,0.047667844824709725,0.10487909338015314,0.054621705299176426,0.0327947816004604,0.027381676586329454,0.03514925501523015,0.029051624031646052,0.05677624540101277,0.08755588848719235,0.06331316567413944,0.044958047046917936,0.029141775806472637,0.04859141174968605,0.015997289694997134,0.04963775905257776,0.01722617354172837,0.13640920892291297,0.09696138317445231,0.00045648227200598,0.06506166565339651,0.07417884622803758
0.03500283726338481,0.03273034336412533,0.0014445495729517664,0.026281136852067996,0.026859969448575816,0.03269080926021273,0.02741056190116566,0.030699356708472233,0.03509804232941337,0.04026460412152576,0.015275976623877143,0.04644938968836296,0.02234687046513076,0.021877030186144536,0.01684631985223118,0.0385257119765841,0.05989349944495907,0.02069348126857357,0.011311799233421738,0.026864270589660576,0.02442115515908696,0.03263446164071838,0.022906553195712658,0.020950745274854715,0.01811002034666441,0.02443216472816857,0.02667004411491679,0.006309832786509159,0.01507215873352503,0.015905207745173323,0.010899368558470996,0.01988678962238551,0.02483178861072638,0.021157889716596313,0.030553413802340005,0.0351527708215199,0.01279292792811605,0.013357776412458066,0.0463512762363466,0.038669232988811315,0.03704299110706877,0.025230470473403457,0.05513462084573502,0.033499131543451854,0.03844605371562102,0.022646539075080515,0.023727590145094082,0.04813145408413623,0.020391129054484265,0.043223395848061064,0.009237520097550739,0.016783675677946575,0.02515421758319606,0.03615265894042768,0.014798659065335484,0.013277011832314932,0.027068679501460875,0.035039128796536353,0.009191694702727626,0.03687110873714461,0.009538233453206828,0.0356425689829285,0.024530914538879473,-0.007250242366822048,0.007263180010454592,0.028004756917180754,0.00949209206260863,0.0167100910083771,0.012808289159408093,0.005552888609993758,-5.7394236031203235e-05,0.03569234328932147,0.009858315268773378,0.04369521328766225,-0.004160309419340134,0.021226229032402483,0.01902933952783016,0.013014107843184236,0.03174243250461683,0.032180058584711825,0.05208559160037761,0.030584041331527444,0.026401338469634047,0.01899619518152848,0.026661965034440828,0.014247844914626549,0.04018860104005608,0.06857931886332766,0.03124134920561243,0.027897430029211964,0.008419037091923069,0.0275396178043992,0.011700528472039467,0.040584396082130304,0.01594395579809947,0.043999445624482325,0.007868883570997605,-1.0003154569431045e-05,0.029988433925534453,0.0358469345036199
0.02809754226802712,0.025588576150335676,0.013646031647424896,0.024782766161732334,0.020022911323099718,0.04313228806716387,0.04049277485566058,0.012496354188582498,0.021541948979635562,0.02514585826968579,0.026944123090096198,0.02964695368083447,0.02008734824420825,0.02033015274119299,0.020670439081223704,0.02306183620501728,0.02069348126857357,0.06564350556493499,0.01504911270124994,0.025022617642579396,0.029605378530877687,0.022909711588172205,0.024257900577184813,0.02019302142596876,0.014547518670413422,0.01939960020637908,0.03382302568699034,0.009179364469873197,0.017507225073011615,0.020560999503034222,0.009488677824983693,0.06166499735464532,0.020524777135143155,0.020161730575578025,0.053426040064814787,0.029306696818517518,0.008168202062108809,0.008548954882117628,0.06620065683118642,0.039879182566127346,0.044060468085259874,0.02068682728353978,0.05770992059357782,0.01925732242096764,0.029312146579859314,0.02318056994161581,0.04019575239192558,0.07684530610352824,0.04774422736562072,0.023567167047514808,0.009583091139869312,0.020753977402940063,0.020206628692016036,0.021492884052309376,0.014206351962189553,0.026453983864992796,0.03495709080251044,0.036196554443271974,0.007262898053961693,0.04816789104352024,0.015901317827980405,0.033310266723730525,0.03307956250640962,-0.001878949342249357,0.008253054843907955,0.058374409681314174,0.012119226164626776,0.026609223588437203,0.028508800802605472,0.00809469260079596,0.0051450865736690395,0.020198634184910778,0.000875774278629321,0.022183929202684628,0.004304818878814621,0.02369317518943365,0.01866473407458843,0.01978925799941406,0.029059178352663226,0.025223214292153608,0.047822781692085425,0.022244321923692113,0.031452282078680484,0.016029555600085434,0.021139240148555238,0.014605995941636168,0.03480506745280032,0.06443960858974636,0.03551781496981239,0.022700682752238865,0.021673372692832107,0.020748111461152345,0.010805900043735946,0.02739600248103727,0.010241902000811227,0.07020969941460148,0.030387901131375784,0.006021941514424787,0.03600113121999604,0.06416962980342636
0.03953987194776259,0.02355236765015596,0.009927809084887815,0.022003287055252972,0.024524912599879455,0.02600217744711816,0.04355445376873656,0.011273391896652718,0.019326100940611865,0.01779563265833812,0.020518304559277844,0.022572989109213137,0.012006236531499213,0.0190091197413093,0.028104020523754727,0.027105707094808508,0.011311799233421738,0.01504911270124994,0.09265371974179595,0.01723661269568555,0.03816634631783233,0.015249484558078123,0.01215514616450644,0.038127599678105535,0.02904979704943469,0.02178595838943447,0.016106171216116686,0.012606272415570881,0.017369898034954295,0.028486785340935707,0.008504443883485464,-0.0026567569020264563,0.01807048088018253,0.017168656798628865,0.01936775746582727,0.019150251700651866,0.02574024811221198,0.02232355130633252,0.04196228398783827,0.03937608936070672,0.0418086600145999,0.01780154123068471,0.05732939630859331,0.018008502733031773,0.03330881174141274,0.01587058617314644,0.03763525615342159,0.093584359630878,0.030714317956687262,0.026919119122263722,0.009143805626090566,0.0201649031482114,0.025239149399961865,0.013534609259630657,0.020738983137469004,0.02147284332123592,0.034939351318863346,0.026641084704595884,0.018731192776860518,0.028988638455793594,0.010395107914729987,0.031395536961046154,0.03924690706401828,-0.010434661596210267,0.0028784699907296258,0.03493979795188577,0.006928873816683789,0.02049911520163474,0.027216115390194293,0.012564055286647596,0.00993502551680146,0.011339590197902255,0.025414427207585726,0.023553325156353132,-0.0052019512293297486,0.03025116656249272,0.021829289986021082,0.017986031582811687,0.02926982354318867,0.027297160240668743,0.0378695288702584,0.020882312571858914,0.013630434775986537,0.02397660909264815,0.017004321165990648,0.023094804379386352,0.02981428351856905,0.04284490200411105,0.023790458498075918,0.024380598053091392,0.030537435258877088,0.023973996548816785,0.009215572056271163,0.02022590388309702,0.012938326410270493,0.052661902198715665,0.06475646574372533,0.002483391754200557,0.026727499124431363,0.041997066822698936
