0.054187695547970434,0.01866140936104104,0.0272590060179692,0.04529417508325523,0.043513452161196724,0.0005602914764665275,0.04669406203905781,0.0638064130897785,0.0240695354101173,0.007039334844372817,0.014849738010461758,0.0077312876529574475,0.02579324528000983,0.04845399521220708,0.026284113780379936,0.027956663683754653,0.01972164808317533,0.03248961679127928,0.032284709691846,0.048461971768282486,0.028094574141783964,0.02655719026590807,0.03964266872316892,0.025291335204012753,0.03734051014600422,0.022174122112010027,0.03506075617891463,0.0330967931884332,0.03998229295953316,0.0062251536638880025,0.026786858803394535,0.0289378802005281,0.009388587379131046,0.032157506202553886,0.022516799372333432,0.025906433462134223,0.03475299753906212,0.022564176335144907,0.0549632144361851,0.020782246698892774,0.03337947344130395,0.02886056503040343,0.05176304406411494,0.01983916999242682,0.016938859420297537,0.042750847134966734,0.06199684808059954,0.021450266887616674,0.05101252360849304,0.03452456240523585,0.009806353153220773,0.03033406910225092,0.011642547466309227,0.029083782606097616,0.03493937305994308,-0.00910899445298898,0.0567618225073472,0.02731065149940489,0.025590098692206294,0.04290809850014474,0.02413378987494765,0.04008903086033123,0.05850493971058375,0.05315716660279158,-0.000573556611630628,0.021621908723289476,0.009291693894864776,0.06134207641964199,0.027695494038625076,0.021775895774926352,0.023858074826304126,0.033585816384154525,0.0416842500725721,0.011923096889601562,0.03186689447131768,0.04776829676921641,-0.001431532660283314,0.0267188803051369,0.0028610297708452303,0.004742711082512043
0.01866140936104104,0.08678625714501294,0.0065298297748511225,0.055566747491437904,0.029977094577876652,-0.000104316062211038,0.012972039839625646,0.05170038952179615,0.011229025793553985,0.01304612879769265,0.014869151611951986,0.00323403516798702,0.021560758536818,0.022738239525089084,0.022576156803402567,0.01873488743590142,-0.0026763136736266797,0.014130245103305192,0.008681808354627769,0.08545765299215172,0.006410886171745268,0.0021195098461299555,0.023360246490209634,0.010295435344237889,0.026621715687907877,0.006480836580086681,0.025389767251593514,0.028045007584473366,-0.002095128146434728,0.005900012895493826,0.022258321414585103,0.012532484297974718,0.02269035943185623,0.017245131548713752,0.013349021305652551,0.022520117057491153,0.028421956403237605,0.017887281271919513,0.019979253616780053,0.0020180412953411755,0.026070134464393813,0.015723539913311557,0.034748920180623415,0.011706051594814294,0.009604753611322861,0.01470899071091992,0.05280350068172554,0.006893919933354697,0.04838432061109607,0.026795345416580803,0.011145374434604383,0.020662725725981386,0.00793197544494586,0.022274556581174103,0.01675372875263522,-0.005063780247117258,0.058955311927668536,0.08100838124250974,0.013012888622899918,0.033473098023087594,0.01241547188364651,0.03309830535899511,0.08665321178027122,0.10426627559591091,-0.001762527334274711,0.028306076457901674,0.005866814098560199,-0.000463033466345547,0.0223188047169336,0.016117392970360245,0.020467820230997486,0.02255245764585409,0.02521570324495197,0.002537977454965203,0.016890719564834733,0.03764969455951773,-0.004851380481168663,0.02464463090721505,0.0009837700365242592,0.0036870863248013707
0.0272590060179692,0.0065298297748511225,0.08584784136748079,0.029044942588805984,0.01611327495237592,0.0011878844230522002,0.06477208198620357,0.04911689849926792,0.020418131671564723,0.007925667100327704,0.016784783601054155,0.012434941099881072,0.01690322586201347,0.04693287837098571,0.03108479058880911,0.015563913397996893,0.033658404858025306,0.026285241064457506,0.03171370248132028,0.023448314998276536,0.0361075906127835,0.018288785356831875,0.017880829832109788,0.018638271101716165,0.026387437537842326,0.023597106401393418,0.02988195784438205,0.0211168075480849,0.047135094250519184,0.006756852758266941,0.023484921179216967,0.028155389967197013,0.022008121879692987,0.050988875679892326,0.031491400083158094,0.03005615352989858,0.021300511162583767,0.029047634776056853,0.10849329150958936,0.0168635744248989,0.02488070146924527,0.018179599891757225,0.05366527019150206,0.013391327326938948,0.015721080577159596,0.035385299790300764,0.027526765666775005,0.02634301569863765,0.028810035345062244,0.03797476935756861,0.002560587151189599,0.01894577488645084,0.004062494125715182,0.045196874557787335,0.029674654426176405,-0.006585047048805125,0.0066046843344179105,0.013143348914150022,0.023231348540379216,0.02839601103240992,0.02573661107705229,0.013621532894813949,0.017580567157062826,0.04322238364498499,0.018846227941015918,0.020887645043907464,0.024799118286487565,0.08199353081038169,0.02048583937305068,0.011966757798690143,0.0181722312266953,0.042249476020400904,0.03415497090230914,0.020226015095349804,0.03243488920787855,0.02736135177033963,0.024573884315579417,0.0120899810011929,0.015108209403908616,0.02028016621901889
0.04529417508325523,0.055566747491437904,0.029044942588805984,0.4865706610236812,0.06051295791528774,0.0006494923780324991,0.06692072990286331,0.13504986937502772,0.04009991400728322,0.019444081967462768,0.01850185387579365,0.002990363109038524,0.027234777052276164,0.050538915711164464,0.04153377238262245,0.0416994179718421,0.02322415086666965,0.017989566856924162,0.03635672445755237,0.2825934819268636,0.05194655118683443,0.016109272641250064,0.018389932746171553,0.02861687725140522,0.038313035275796534,0.01534333508941692,0.03762977772053396,0.03726224665092991,0.029392155661723592,0.009172197575542563,0.040126220417429075,0.03660698195192374,0.004024940905644387,0.04590387191462198,0.016826419569898096,0.053381839454271544,0.036482367869213876,0.04810983963234084,0.07494860801314994,0.009272657487711479,0.07470457474666568,0.013152058805038202,0.08483663294557925,0.02300163012443204,0.021254220403977325,0.06076280149705052,0.1520050966098237,0.03192995734311442,0.07859962283784698,0.05312232956429261,0.01138705567158005,0.03664357881800235,0.00044380372994656857,0.03115730125173869,0.02484744552971799,-0.0298548702561873,0.14820334446651992,0.17253934380595545,0.012297438091623444,0.06439124835168804,0.024413362336545178,0.0892268053902136,0.17273417486174475,0.061965246171438386,-0.003986200560155074,-0.05405737146379515,0.03152885041096342,0.10460761595021677,0.029111638664696824,0.022619829578832403,0.04356723171717352,0.06903334158679898,0.04781786361529981,0.0035569003393203734,0.04012336765967614,0.12408164732566312,-0.008286295726760486,0.025658965450197725,-0.0007557532706462839,-0.0038949064143823046
0.043513452161196724,0.029977094577876652,0.01611327495237592,0.06051295791528774,0.2186547771243987,-0.00010915222523769122,0.027939503724764992,0.07366042047771706,0.005346960700990199,0.015886879678486378,0.014430647916492977,0.0006708830426588054,0.023794065528430833,0.04388914608023411,0.03858619130014356,0.024399109384990802,0.014632463750548698,0.02726972521879679,0.0268363522767303,0.08636558229254357,0.023858980715985374,0.03710952868983421,0.02709953938675123,0.023988544481599084,0.030683017345137308,0.014513215435930897,0.03596797717911757,0.029446514677523756,0.07042591270424309,0.009530877989453962,0.013817512450629713,0.028729480710202586,0.03744701300489073,0.02169889970261219,0.019746126402579313,0.01630383834272779,0.0312562316709726,0.016657921692229953,0.08394666381341759,0.024446449468738442,0.03518833664514714,0.019884513049380218,0.06444341363973392,0.008269567973998412,0.01034723331658901,0.03298080088058314,0.10734201730378756,0.02733550608732186,0.039258288063315376,0.013848838034737998,0.009845410772769495,0.02587691195023958,0.007217217459064831,0.034636045329173346,0.028347658841934898,-0.010298652522404413,0.07498014506342864,0.081981427046339,0.02707553149605278,0.02917231301988693,0.029996511952643704,0.06822662645677256,0.08772006239023078,0.09873383883828002,0.002828711243491739,0.01424365516366181,0.0005230790355667894,0.04082995793045322,0.02676998071609829,0.028729086461197494,0.02828022775324988,0.04209508474068446,0.030226537225690495,0.0030357802572097956,0.03675028002393309,0.05838924100388861,0.0021439392401730937,0.024545885022374602,9.475254057020454e-05,0.0166071950352834
0.0005602914764665275,-0.000104316062211038,0.0011878844230522002,0.0006494923780324991,-0.00010915222523769122,0.0003048848288336464,0.0011852301177963647,0.0013486779825321454,0.0003835132154551452,0.00022538340648983515,0.0010325730937089776,0.0010587909683040595,0.0009916462631606713,0.0010701076498721121,0.0007319700364674935,0.00042880461943028844,0.0007639242657353157,0.0011431903597846306,0.0015419277183505436,0.0010465784055491583,0.0011953043902916925,0.0007691594135135569,0.0008120506733414578,0.0004483879443527639,0.0010044377110109536,0.0008972290266070743,0.0006439244993065797,0.0009652533675520546,0.003472183001956085,8.845047533921494e-05,0.0006808666816573236,0.0005604367367141719,0.001953418741205507,0.001456772998025021,0.00122420536421823,0.0009353521159966269,0.0009512039096597336,0.0011778753344400706,0.003707765935644342,0.0008972247352427488,0.001775463647674386,0.0002601248581910436,0.0017166811955892632,0.0005390280999954488,0.0004229232577733808,0.0014565947210116706,0.0013819694117040676,0.00045543812226757336,-0.0010255861681797403,0.0017235628477855706,0.0003799791137315235,0.0010104767897802158,0.0003005296773201784,0.0014359827748621156,0.0007742397822711881,0.000191705287996711,0.00044457054152888346,0.00169691990260105,0.00010793951843997553,0.001110504959851588,0.0011277815820360515,-0.00015828582727967592,0.00047596726789113846,0.00055318688051655,0.00024397234498707508,0.0003007732318360888,0.0007464913772248335,0.002057793970081083,0.0009323701625798384,0.0009388509178541373,0.0008608317966752895,0.0003553653532842653,0.0006058637017951486,0.00044278644774619686,0.0009766786112792836,0.0007548762211965284,0.0005607008389784142,0.0008412458687186765,0.0006699105671955438,0.00037767073287903267
0.04669406203905781,0.012972039839625646,0.06477208198620357,0.06692072990286331,0.027939503724764992,0.0011852301177963647,0.2212347508764671,0.10981864247266308,0.06553512203224993,0.029833041943921692,0.023117486605894206,0.01897275358128041,0.040981411054259405,0.11829843213146472,0.06233523315450374,0.05113364550414731,0.01541870453055166,0.038291703146196676,0.05646796656171173,0.06904450008882908,0.09497442681343361,0.0414995711428771,0.05144028279442402,0.036829135265194164,0.05568773532161908,0.02286431548402728,0.08770988297326834,0.0472967535005846,0.0878379638373571,0.01119695493060516,0.04913234574750377,0.04164773014343867,0.0883500614268986,0.09996045471582912,0.05486988663243623,0.05577434583686261,0.05700810389398286,0.05497029063065518,0.1854914055332965,0.031236112970507168,0.06798222150899051,0.025157624763672996,0.13447290524262212,0.02814885768062654,0.02152600383441326,0.06015383362720103,0.09267186402673468,0.06284583060131883,0.07700988744027527,0.03215593076565337,0.0188750522180297,0.04861470283380991,0.013628673870376116,0.08819788892584991,0.06890378232209113,-0.01026315645784935,0.02994592737606772,0.048973672150083775,0.036932174688850045,0.07330658027110044,0.03952888435736489,0.04065839907117662,0.061735971673753984,0.04899869009586532,0.001093743250407829,0.1063789824294035,0.022694190058855368,0.16139235622863904,0.04421426910751276,0.036420655886303124,0.03915532426283871,0.05262615001516437,0.06580822419124391,0.011320728595293284,0.03654953728174404,0.048621988624895876,0.0026824208846059436,0.03826955389559741,0.007297918387174289,0.0193019124622135
0.0638064130897785,0.05170038952179615,0.04911689849926792,0.13504986937502772,0.07366042047771706,0.0013486779825321454,0.10981864247266308,0.6220250941873614,0.06720845224542644,0.01547428890415761,0.030621239132762653,0.012927111014020264,0.0658680950673403,0.11081026117043186,0.07241756656156137,0.06755231118785257,0.015433134829697628,0.0638686021221389,0.07369197053278649,0.11303953394953249,0.0896517422097613,0.010488624617816087,0.09591156590113051,0.04476267212397956,0.07727681036437581,0.021615767872695583,0.09702949146223583,0.08590482518901735,0.14921743595800618,0.024718096675100987,0.08412851341410044,0.0501781394883624,0.046927721172862,0.09869212113126788,0.05713116232504458,0.08930513231815872,0.08812601536624479,0.06466298421904389,0.1394167496389594,0.052822676391917144,0.1434706775998711,0.05131355157546814,0.18700666167594437,0.04449726450471179,0.03727874809135254,0.07794567868973222,0.100703835572422,0.054868075661990985,0.15245310796647799,0.08894963784411132,0.03728589792009027,0.07781446824249695,0.03527658614098348,0.10297826249383708,0.08532566814207798,0.006652486903805764,0.13994583013061335,0.10048491791679041,0.055061934174482,0.09551186401775577,0.05943306409383074,0.07128403909120487,0.1794420854844205,0.16720065969005266,-0.0014413201409677642,0.22385901945781492,0.047310379137346786,0.1779276719842058,0.07792949220849082,0.068587844029137,0.05226510288095991,0.12825397615317283,0.07535537810969395,-0.004757112493684638,0.06028550125006603,0.08913387143600533,-0.01675338332387437,0.05766089855737445,-0.0034269499730447,0.020831329936806323
0.0240695354101173,0.011229025793553985,0.020418131671564723,0.04009991400728322,0.005346960700990199,0.0003835132154551452,0.06553512203224993,0.06720845224542644,1.2219279204419824,0.025366070394345297,0.04255134504436491,0.025359994351252402,0.034930005412674284,0.058314024530325866,0.017854738300243055,0.044242833357761385,0.011918256595069317,0.023056510512706796,0.07182869236014902,0.19407515893010385,0.08603922160150741,-0.004656108069260723,0.04643228765722198,0.008087874345903018,0.019944455517038235,0.0015632724869440499,0.05417121900360058,0.025876168676388454,0.06976132725914083,0.0147072214425749,0.012277798644406706,0.04988530619942809,0.16729885692113608,0.03805769089414674,0.009149709425307377,-0.0077201632523338694,0.03605765212051717,0.13391745144964404,0.07254605415871866,0.040017633133747184,0.03217011223377663,0.027250260831753578,0.0766221032882083,0.03205789986159486,0.05838493727562399,0.028832144063325935,0.11567366710375837,0.059370083317984025,0.13055409360435571,-0.0011090749446454116,0.024560183394445906,0.027434730108013325,0.027128931740848683,0.052142501607900085,0.04188492086548865,-0.008302996155724086,0.005209610908514353,0.1485587649731454,0.04195835068739686,0.0317057733094097,-0.0014445643994677802,0.020630994979789166,0.012058853620295863,0.060479545988699916,0.002098309803031282,0.1145255886754245,6.605109749049804e-05,0.4803280839992402,0.02765212045628831,0.012944303266227477,0.03257167189219506,-0.014601873140057346,0.013506324364388955,0.028763750428463134,0.026614660318909772,0.03901730110528278,0.008974023779141428,0.012144875397073823,0.015148715335194202,0.01831827946137823
0.007039334844372817,0.01304612879769265,0.007925667100327704,0.019444081967462768,0.015886879678486378,0.00022538340648983515,0.029833041943921692,0.01547428890415761,0.025366070394345297,0.04974597760190342,0.009831986068956845,0.005890454008779747,0.01048432590362109,0.023399302588971663,0.01588895310773834,0.015622215843960195,0.004211925388329654,0.014864801157481459,0.0021009625756204975,0.01676363211560304,0.0161917854038433,0.010776894721851761,0.013739996989645478,0.011930731640372401,0.01934317226519612,0.0049934064213130016,0.02064161488849148,0.014374534145260224,0.008672171091708545,0.0063154174819047264,0.014458683608347086,0.014342164886537776,0.028645027908971468,0.01880105969833339,0.010868529758492675,0.0053589039600075465,0.013609509919546058,0.013724902869071158,0.051946120729232076,0.012303750115525711,0.01529270619720103,0.006938170296244726,0.03669147083670918,0.00758288658800254,0.01349254746437939,0.015603051992141145,0.01567897887047737,0.012951973304231208,0.01976284309303186,0.023171211880072762,0.008731597350589555,0.00812231381015433,0.004974932274557929,0.02188329742585616,0.016490653789400123,-0.00479374790654267,0.008532823954809796,-0.001692064240063785,0.01009061685507974,0.016455645161348544,0.01759404111957245,0.013756785312462176,0.01727345206919821,0.0196622972682326,-0.0019391976063403797,0.008090507383263118,-0.0027079975288851308,0.003301684934330749,0.01117409998673369,0.012220115602417524,0.013840918090904444,0.023475586149654965,0.013668543873449896,0.002665963599920173,0.018305150073376093,0.012289052311567959,-0.0017743984119675193,0.012507195723335387,0.00200885633585707,0.00697483135069619
0.014849738010461758,0.014869151611951986,0.016784783601054155,0.01850185387579365,0.014430647916492977,0.0010325730937089776,0.023117486605894206,0.030621239132762653,0.04255134504436491,0.009831986068956845,0.05631971040052529,0.009788343618496814,0.019562662349406488,0.029815659628923165,0.01843697498647435,0.018136889803239964,0.01045250374759091,0.02445341190928969,0.015541681930878458,0.03989009061111382,0.026220000567197508,0.019713711558280056,0.021974162462096145,0.019387228666508053,0.02750660004830593,0.01234687080728859,0.02196769008436679,0.023512827377684592,0.017099942419042526,0.006181647826517276,0.018092301201519105,0.019382764774375186,0.033048356324920675,0.01990863867806938,0.024635899991612895,0.025482580465695737,0.0249671938031961,0.006149998628652507,0.045322313719357965,-0.0003075602506954437,0.018788104131165044,0.015990726750142858,0.020009912316953482,0.022936840101745265,0.012174153578420511,0.022716794671200063,0.036468343131195256,0.01590080492586612,0.03177707566563348,0.027528738352096575,0.014818236494209623,0.019067226108480714,0.00570524962049364,0.02601138313184822,0.02230947198686152,-0.00195548946477782,0.018854196749438196,0.039378180286728744,0.015611148419460343,0.027366782321998896,0.013007690771359298,0.01181812561355745,0.03142145325593585,0.003199803306118819,0.004482692363333974,-0.001308100420705416,0.012206983049447936,0.03402689509848406,0.02326330072819596,0.017510761969749045,0.01636221802949815,0.032431225303915186,0.020132776805636,0.013057303112467084,0.020705616543400886,0.023744075919124037,0.005891917427720909,0.02175185779235459,0.0071244549457386225,0.0137797031871741
0.0077312876529574475,0.00323403516798702,0.012434941099881072,0.002990363109038524,0.0006708830426588054,0.0010587909683040595,0.01897275358128041,0.012927111014020264,0.025359994351252402,0.005890454008779747,0.009788343618496814,0.01857157507209052,0.010490369909265758,0.015480773401528994,0.01015873297542504,0.008674323954284413,0.00964928645160257,0.013114113595224929,0.012428748732751425,0.005475138206720724,0.025680251440668326,0.0056614755449904495,0.014758859059524605,0.008358676108194544,0.011042802537997769,0.007460992259798157,0.01554201101440954,0.012018473703914807,0.014474275922405605,0.0035118918446834495,0.003446673685618578,0.011107143150491567,0.02891718536873707,0.027467766547583195,0.00981060618175211,0.014325878110545726,0.013321382955438393,0.011531225932193445,0.057497533491599084,0.013779467671125142,0.011776855432986157,0.006824242105931813,0.03510480675475836,0.0057544925917144855,0.004447845023425408,0.01361338775073803,0.01624025243088954,0.014454835749847107,0.017073440368965714,0.006022082989777811,0.005567305886632932,0.009941210346101632,0.006678737712932871,0.02441318601694776,0.015301741300428388,-0.0054347271679374715,0.012142048988071667,0.018712974494271412,0.008937003737491261,0.01460599632557737,0.009706774461277505,0.006910997400434382,0.007349784745610534,0.016009533348096572,0.0003948709293361386,0.013527555521938524,-0.00017674723593581653,0.06348636014456974,0.011998729936376287,0.01001111015562906,0.0053543007368926105,0.014334564017618425,0.010512839648244255,0.007799378990158066,0.01250115206015054,0.012810726379426627,0.0029930751406949526,0.010949861823882965,0.0036606280104494186,0.003686163549610771
0.02579324528000983,0.021560758536818,0.01690322586201347,0.027234777052276164,0.023794065528430833,0.0009916462631606713,0.040981411054259405,0.0658680950673403,0.034930005412674284,0.01048432590362109,0.019562662349406488,0.010490369909265758,0.04973059724545842,0.04974678994773388,0.03556111213892526,0.03672555061879683,0.011316272058432579,0.03102835989738595,0.03443400493648454,0.042392819347522114,0.04191062456966968,0.015490179510677169,0.03671251260661901,0.02243988707799387,0.04241867009090479,0.016206984557254035,0.039948571251237915,0.05013996228857443,0.04907672998149288,0.005718779952238151,0.028659021362645212,0.023643752828793833,-0.00781945245065177,0.03323631640125211,0.02972141609728253,0.03458408690969231,0.05706440719306025,0.03070447633130753,0.05993991753506441,0.010503493961605284,0.030162598573536436,0.024481146517010336,0.05283598472737839,0.02618454621424295,0.02373305818577116,0.030691811719535528,0.04847171770610879,0.023321482772563212,0.05602340391935124,0.03481219479279224,0.022687499123746596,0.048438466128502396,0.005795826168488424,0.04028372204990409,0.03426935691378124,-0.007820078120770492,0.03629794065223264,0.03416123574385345,0.02947134656585596,0.0590758212242304,0.02819553107210563,0.027305788553453034,0.06029640053789481,0.04907797346919513,-0.0032255283610131674,0.015514123618510137,0.017028574428118042,0.06738951175518265,0.04555722857441129,0.03489414159582975,0.02821173113257841,0.024682685807848184,0.039398168653360405,0.007864464622421881,0.025896315938272345,0.042266514311117886,-0.0037043947033875146,0.03732015325055668,0.0033539213009913357,0.013622306093220835
0.04845399521220708,0.022738239525089084,0.04693287837098571,0.050538915711164464,0.04388914608023411,0.0010701076498721121,0.11829843213146472,0.11081026117043186,0.058314024530325866,0.023399302588971663,0.029815659628923165,0.015480773401528994,0.04974678994773388,0.18437459802404424,0.05858450286928904,0.06472328738633602,0.005964148037553984,0.042637427356353126,0.04404061333153735,0.06607925732922602,0.07480496593733571,0.039043628151380676,0.04582194419400495,0.048313046608294906,0.06690519207518199,0.022706641418079817,0.09772779591289808,0.06064236518826482,0.08227029688418722,0.008107105383779739,0.033383598187805875,0.05103785906030289,0.0348061823956242,0.09690934178545457,0.0642303995035102,0.0450141352770427,0.06907819977071442,0.05078122024282897,0.16667864313902706,0.015125194039108393,0.05774004072814493,0.030575358920527946,0.14589811386217244,0.03420038647166485,0.03886155345082941,0.06063326215465967,0.08270052796330611,0.04260639060904194,0.0989951674804434,0.03766377839589094,0.020243672454888197,0.05662541663380258,0.01698204157273886,0.07411396066389868,0.0777626812019805,-0.01182980717101795,0.05283634720727626,0.05629455273355431,0.03591594748562794,0.08578023972184548,0.039014009439037406,0.03576760313641494,0.07921528506572685,0.08872636670858614,-0.00557297485519433,0.03436482209696079,0.01908116672712749,0.19675993685062546,0.055385664470577245,0.03789807427234568,0.03841708590448808,0.06055364163740099,0.0601299480214031,0.00848787276400511,0.04024463032770961,0.04747257531494693,-0.00695567236239594,0.05156915899693343,0.003692945442052014,-0.00020524350940972951
0.026284113780379936,0.022576156803402567,0.03108479058880911,0.04153377238262245,0.03858619130014356,0.0007319700364674935,0.06233523315450374,0.07241756656156137,0.017854738300243055,0.01588895310773834,0.01843697498647435,0.01015873297542504,0.03556111213892526,0.05858450286928904,0.12715790442877634,0.04025959162680945,0.016116071439451995,0.034511055512630964,0.038883824853892815,0.008552722791085978,0.05431640777012236,0.015531593371487363,0.04270738596466647,0.02406829744149357,0.04211415070678726,0.014103794560150073,0.04502236330468075,0.03796206377583378,0.033828249965790994,0.00993271329133972,0.03181073683064999,0.024800704476122853,0.014009261576297345,0.0503798233260689,0.03348450509130583,0.05303149721719838,0.04404923090035935,0.029247337306569365,0.10712185726789226,0.01866622784017129,0.03019537189137328,0.018291787621118313,0.10925676715466473,0.024776226856729183,0.019389615921029488,0.031873048379932385,0.03714945383597789,0.012480508365264714,0.05111953187016152,0.025409748120967128,0.02010961605410575,0.043913746279889115,0.007092908932493025,0.06182366601722758,0.03600300007088262,-0.003482824248943383,0.03249944846274268,0.0012193464222354073,0.033112902921962686,0.045950067256542056,0.02707348746828988,0.013561131455304359,0.05786235691842047,0.026294102497358036,0.00412281306251205,0.0061216105937068775,0.03196704035720409,0.13669056835546392,0.035031662057379016,0.028382342220485048,0.0390965722519278,0.03009910423009696,0.036548609422068085,0.007950057781089538,0.025589847283874294,0.031330577193270794,0.0020217147790739976,0.025066994276596664,0.007410809794687535,0.0158638961154752
0.027956663683754653,0.01873488743590142,0.015563913397996893,0.0416994179718421,0.024399109384990802,0.00042880461943028844,0.05113364550414731,0.06755231118785257,0.044242833357761385,0.015622215843960195,0.018136889803239964,0.008674323954284413,0.03672555061879683,0.06472328738633602,0.04025959162680945,0.10650329770836274,0.009623721492891599,0.028452651295542856,0.03492622370715086,0.04288799896165071,0.0490859090975516,0.024229766353771616,0.04205589578354196,0.024177301065236842,0.04455961586563264,0.012388263135621573,0.04495733423480557,0.04329072704630294,0.05948555136577033,0.00439789617623614,0.032993938876194534,0.022588934071006893,0.02220527790738375,0.04650652007366255,0.022047696055484216,0.033926181313661284,0.049518587124971356,0.0384713792925094,0.08951235298857226,0.006599038962361107,0.051260412452953,0.023918225278474925,0.05993972641933872,0.02974671631720863,0.03090709733626046,0.0336949665671492,0.052693686135898685,0.02127486811476281,0.06070264270671034,0.028156146248014994,0.02086253525802367,0.03476553668754382,0.010143700045386847,0.05315761405074931,0.0384202790874834,-0.014122222317625548,0.03663099151283239,0.04016728342757735,0.03887562521667736,0.05012388603184524,0.02587377610990799,0.040154340253464614,0.052252932321496554,0.060037935615307764,-0.0050570499290458395,0.018608017302707443,-0.00010426222254471796,0.08562529112925388,0.03828882523463219,0.03409167770997102,0.03835982610684602,0.04597698663230012,0.04738446242787359,0.008820098831120749,0.02665004384881444,0.04776996223285808,-0.006880550290810689,0.030263290914700293,-0.0019944073613410197,0.015136246010908141
0.01972164808317533,-0.0026763136736266797,0.033658404858025306,0.02322415086666965,0.014632463750548698,0.0007639242657353157,0.01541870453055166,0.015433134829697628,0.011918256595069317,0.004211925388329654,0.01045250374759091,0.00964928645160257,0.011316272058432579,0.005964148037553984,0.016116071439451995,0.009623721492891599,0.07625729736644563,0.027000920965017713,0.025083088106341016,0.00787833422412689,0.005096623083028487,0.022539558758917905,0.02065224691126364,0.012544201713310416,0.015569488671284612,0.023893075562030082,0.007468842947484256,0.010585207917419048,0.02550577239247381,0.004858234238784182,0.02847914440767991,0.0166997118264097,0.04050973202835331,0.015676095665182452,0.011498283103144326,0.01213996836738235,0.010615769995930596,0.0031566796078283652,0.010316411478325228,0.006098434238959337,0.016784732628692893,0.017346350570771413,0.007796521986627531,0.015421254746830875,0.012691370370017685,0.0292864847131695,0.014887051294299352,0.016256987428584044,0.023256151144225988,0.015471207486782311,-4.263300806203431e-05,0.014127603521361616,0.006121396985160183,0.019594048685998965,0.017962903448539392,-0.0008373685249134204,0.016391368686662515,0.030249393137841283,0.019011837918733586,0.004647666103721358,0.026787156913262163,0.008394063654676341,0.007739059505637408,0.005470312910285526,0.015391244567485904,0.0009828017852930807,0.01737097602649709,0.03670033256406745,0.011615540246835893,0.009022072991502973,0.02851730284632708,0.01725500671945907,0.023255296996195576,0.027414745813506756,0.028619057654661127,0.0161387252507558,0.019975049381767036,0.008245628136027493,0.0062146663902314225,0.02663684084329069
0.03248961679127928,0.014130245103305192,0.026285241064457506,0.017989566856924162,0.02726972521879679,0.0011431903597846306,0.038291703146196676,0.0638686021221389,0.023056510512706796,0.014864801157481459,0.02445341190928969,0.013114113595224929,0.03102835989738595,0.042637427356353126,0.034511055512630964,0.028452651295542856,0.027000920965017713,0.08082803659148152,0.043657733964973994,0.01637210459108527,0.029220440181950788,0.03495140810817715,0.03909334298317909,0.024859107598373648,0.03922560831860089,0.022156047822757638,0.033035458352888396,0.03547425431184352,0.055988702797963495,0.007862356882004162,0.028488741754683803,0.029593624253088535,-0.0005543978959442145,0.03461626338735928,0.023744926559086853,0.03675674260132113,0.04010684662520604,0.014108984390388685,0.07218279602878726,0.00851628631332824,0.044859042676166146,0.027533287005383617,0.04665501773821691,0.02481337246120389,0.018630494759719434,0.03905543907299279,0.052087805173789165,0.028615170819551776,0.056913102878295534,0.03890378057702888,0.014469670860119516,0.03473601829267604,0.012826288232585518,0.044578516113464195,0.03421233395307561,-0.006256840435264597,0.03518206137141232,0.020029500528081876,0.028354199639248245,0.041333619379151955,0.03657265349807452,0.02513658651330449,0.05950170204381,0.03439704029159551,0.0010795248642913077,0.008675572179615489,0.016782792340699394,0.02942627064499212,0.031155003221396284,0.028676160732692715,0.028915652153806586,0.04685333495945777,0.03301592123733451,0.01593229089660819,0.034151882806566926,0.02647292198051384,0.0028548449995581776,0.0270069059197997,0.0018438606082670046,0.015783758396817126
0.032284709691846,0.008681808354627769,0.03171370248132028,0.03635672445755237,0.0268363522767303,0.0015419277183505436,0.05646796656171173,0.07369197053278649,0.07182869236014902,0.0021009625756204975,0.015541681930878458,0.012428748732751425,0.03443400493648454,0.04404061333153735,0.038883824853892815,0.03492622370715086,0.025083088106341016,0.043657733964973994,0.18070616791518795,0.02979614121687132,0.04257945428846182,0.023747713648410884,0.05715734986870921,0.021753145827153424,0.04144969201613854,0.01897853391751695,0.029483444151834907,0.03559059745670304,0.07081306321834675,0.0058802447017073265,0.042371855796625314,0.0284466870927512,0.026585975004905754,0.04886859374397536,0.024791472457476975,0.0305740834229186,0.039222288186204476,0.03816351230687288,0.06946089581169183,0.023741834497142785,0.0583713803875009,0.029104113457108203,0.07341505011868757,0.03247246943809187,0.029054712492746538,0.043865723295805986,0.06438356184032559,0.0306089895697277,0.05535010509626574,-0.007674987122602181,0.014075576956014732,0.04451884717749796,0.009926121245699788,0.03402801943938503,0.036644136476069775,-0.020035786723237786,0.0709231775746731,0.05760506001276374,0.03881911790254356,0.04583243356708349,0.0342423135958151,0.02932597998967459,0.07703334300528596,0.0844646831132526,-0.0013163816816346376,-0.007008635542189452,0.033650079058175346,0.03855849208069721,0.029767330477076803,0.03177312171498896,0.05042059608561279,0.03134058455300467,0.04727878809833008,0.012624730229943704,0.04370087294284542,0.04281205266598923,0.0007112643616772081,0.021081400701139206,0.00016014827544921366,0.02350847476481008
0.048461971768282486,0.08545765299215172,0.023448314998276536,0.2825934819268636,0.08636558229254357,0.0010465784055491583,0.06904450008882908,0.11303953394953249,0.19407515893010385,0.01676363211560304,0.03989009061111382,0.005475138206720724,0.042392819347522114,0.06607925732922602,0.008552722791085978,0.04288799896165071,0.00787833422412689,0.01637210459108527,0.02979614121687132,0.7019809310591196,0.054986703256117486,0.017075938911972753,0.03975355499587865,0.03063488660167109,0.05531765325950221,0.0075866513110587125,0.0488399495306532,0.04922558283156125,0.04871129467777599,0.013625587590515168,0.028312171736690775,0.03488060505496634,0.060967696205473265,0.029781572740819922,0.030002035080972097,0.05222528301971789,0.05579800381095796,0.02641525029923506,0.0766349936674467,0.02249439186756605,0.08662892170808253,0.019503244429308283,0.09876155766860606,0.028581883084719643,0.03814045367943853,0.060466020101112905,0.22689163304342136,0.0460537314581392,0.1214161619381505,0.06381113327163095,0.013016514120838232,0.02991557592431561,0.008860753700340757,0.05306967739748485,0.029704197298968345,-0.00801079276794563,0.17519334899792882,0.2820280912794474,0.024121935201827607,0.08019799631579569,0.032063409094797074,0.10762542309819323,0.23776380783194628,0.10013115170830414,-0.0026831638714456393,0.07728835311376513,0.04474147468265824,0.1632902378238943,0.04715962088280658,0.03828996218919939,0.04654280306597776,0.10697040669704676,0.02703950017035653,0.0026907502394430778,0.04294159752976642,0.12710261192996689,-0.009903612759869014,0.05331187003678752,-0.0025456265146048215,-0.023246688541700866
0.028094574141783964,0.006410886171745268,0.0361075906127835,0.05194655118683443,0.023858980715985374,0.0011953043902916925,0.09497442681343361,0.0896517422097613,0.08603922160150741,0.0161917854038433,0.026220000567197508,0.025680251440668326,0.04191062456966968,0.07480496593733571,0.05431640777012236,0.0490859090975516,0.005096623083028487,0.029220440181950788,0.04257945428846182,0.054986703256117486,0.22789812416643834,0.021735858110852043,0.0313493628933119,0.021137605975088167,0.039073764044073145,0.014586824700800688,0.07194079562671327,0.04862738842016133,0.046295188510732395,0.010747142788388602,0.0349323771782276,0.02998483930268497,0.05523705856105849,0.09818568628013614,0.04805627539566451,0.07440531844798878,0.058413583383660185,0.06149024462211558,0.17422112063103345,0.033024802192283396,0.06761543732789296,0.017814686832329445,0.16153080202228817,0.025717716533815164,0.017298823376939824,0.0427732448426485,0.061006177724365396,0.04425242585244273,0.05334930234925413,0.04481772833806848,0.028090095637593702,0.05122410275089097,0.01158352769852661,0.10006471652329602,0.04953175748260173,-0.021115568556076703,0.033053577730866396,0.006168985693979774,0.035092908282202455,0.06282458582535248,0.026562746726751903,0.03380292838548671,0.06790130997839898,0.0835294738623369,-0.002778887500712956,0.08467374656957234,0.034807781845090334,0.25022643434992703,0.04690489437842396,0.03623434572517132,0.031391904984051644,0.043669812663216616,0.0458519865205478,0.005720922648717212,0.039409339116311656,0.040418047677568146,-0.0019604102760418293,0.0338554137901208,0.006659469571237454,0.012948807866376949
0.02655719026590807,0.0021195098461299555,0.018288785356831875,0.016109272641250064,0.03710952868983421,0.0007691594135135569,0.0414995711428771,0.010488624617816087,-0.004656108069260723,0.010776894721851761,0.019713711558280056,0.0056614755449904495,0.015490179510677169,0.039043628151380676,0.015531593371487363,0.024229766353771616,0.022539558758917905,0.03495140810817715,0.023747713648410884,0.017075938911972753,0.021735858110852043,0.18286508644161464,0.027394612478792466,0.015127923105193234,0.020379950153649903,0.029721940394009952,0.020648076387678876,0.015372158748880734,0.025639691225876116,0.007523822188067617,0.02685089932881994,0.019453606576555878,0.019404060902004,0.012160386385509925,0.020727434355537405,0.02862254666018546,0.022444898087903783,0.014877384511622604,0.002662212346424133,-0.001366695629589957,0.03174469891307988,0.006696182524740967,0.031959686082796694,0.019911643914156927,0.020504290711713734,0.017439849085464698,0.022591566559156756,0.03360454334892421,0.024094323225643845,0.02655769157617197,0.006417579360508112,0.011611495196363512,0.001501706283674097,0.03565772026745266,0.01667150621879981,-0.0002592835389324536,0.03173593596985187,0.0968287255936547,0.01892329423102126,0.013771255891159637,0.030926194201760442,0.03564468098013912,0.012466401769198237,0.08670184725543605,0.0071540673267978345,-0.002481132436469608,0.005882840407433238,0.0011874676366928551,0.01855443935637124,0.013619784480474897,0.002883059637596881,0.004268663428545109,0.024857865881535463,0.013471735186058553,0.035838227424663825,0.028757826562861973,0.012458691135349259,0.009041970054747793,0.012108383648330496,0.03982282199867963
0.03964266872316892,0.023360246490209634,0.017880829832109788,0.018389932746171553,0.02709953938675123,0.0008120506733414578,0.05144028279442402,0.09591156590113051,0.04643228765722198,0.013739996989645478,0.021974162462096145,0.014758859059524605,0.03671251260661901,0.04582194419400495,0.04270738596466647,0.04205589578354196,0.02065224691126364,0.03909334298317909,0.05715734986870921,0.03975355499587865,0.0313493628933119,0.027394612478792466,0.13670231354449108,0.02180790109343245,0.04754139398770746,0.023596278596349496,0.044141842196422504,0.04141736670377313,0.040509239157208,0.009556673234296743,0.03199164550715086,0.02504924462329319,0.04434424097835535,0.025376279016447685,0.025403163463508346,0.03552521559759621,0.04717469161339746,0.02678841391563775,0.05155131748885059,0.023658378172161813,0.03928513053082605,0.03240532812499874,0.049635283554060036,0.033712443953430905,0.026363081598224456,0.03501510013771702,0.05636185202149963,0.028917966279416424,0.10435767343838052,0.011913835672333417,0.016656427024552178,0.02650763473167484,0.01942312168772492,0.0457713560054406,0.041750655189071756,-0.005755608862418266,0.053919875454237626,0.0694009084369724,0.045511214751526925,0.035932451752453826,0.034361361144993136,0.04289207541908333,0.09500691341934865,0.054190896315713645,-0.000685024986497731,-0.008966126282141627,0.010224796533007096,0.09072631913876476,0.03802711913454857,0.0364551014925039,0.0553998606475433,0.01733478000963785,0.03693837089841474,0.0070382984908624316,0.042248847310694414,0.05303466525719343,-0.0013443429292476525,0.0310358719313932,0.005892525878208755,0.03062680309595342
0.025291335204012753,0.010295435344237889,0.018638271101716165,0.02861687725140522,0.023988544481599084,0.0004483879443527639,0.036829135265194164,0.04476267212397956,0.008087874345903018,0.011930731640372401,0.019387228666508053,0.008358676108194544,0.02243988707799387,0.048313046608294906,0.02406829744149357,0.024177301065236842,0.012544201713310416,0.024859107598373648,0.021753145827153424,0.03063488660167109,0.021137605975088167,0.015127923105193234,0.02180790109343245,0.07737942920738289,0.03155313905406305,0.012129034817399104,0.029753016860193757,0.02924800485625271,0.023065638077272167,0.005436478482373951,0.0033336219831833695,0.024391795543761013,0.03125250701743141,0.030558943762990263,0.019382518089027183,0.0188936332388776,0.03387636581143854,0.022194462115371228,0.07088287566283843,0.00039796056722810687,0.0332951720507985,0.018298477103900215,0.02993322331022012,0.0176212859172726,0.012315920508027694,0.027883667180341694,0.03794882840625048,0.02181251262233428,0.038502655961467736,0.022641439943185692,0.015961389316932365,0.025826127994033152,0.0022491656502127595,0.027685343829356862,0.028657495531349508,-0.008241656163697701,0.029241360260254978,0.029650286943425187,0.0175755520030348,0.033683305291196765,0.027552852420428566,0.017493865250304337,0.05382977157094506,0.016937996922395674,-0.0009076942650700228,0.03144301872115629,0.0007124474768996383,0.050601111678606835,0.024212842701905005,0.023130979904428552,0.015933726210560183,0.02765138277656492,0.03303970477074575,0.014168581466124996,0.029589461352918702,0.033312405712293144,-0.0016146270673291193,0.02215066677371974,0.0014052243780703561,-0.0005701857956960353
