0.21303994886610056,0.03866239894158607,0.05406321428045709,0.04608466008809593,0.03826985061898799,0.031690341087525664,0.020697654418609223,0.04060685338565994,0.06150869023188206,0.01757638517557502,0.0011980583026116034,0.05243602582792608,0.07097413960177282,-0.005474109391845662,0.005355866046668938,0.012464205837726346,0.06453605658312542,0.035916020870505896,0.04680027253117243,0.02805375261108635,0.040823128303389536,0.0349501083397699,0.059668086018759364,0.10313978006853301,0.0360395297770161,0.11306937523827551,0.01863265982615481,0.059775203080050264,0.025407942949477985,0.05976695000976061,0.018159549271951632,0.03885648582931616,0.045133674055385896,0.03800104129578586,0.0018681858289063163,0.05259965682609798,0.03184563984902,0.04551636019474848,0.0023264874525756457,0.03358772135387815,0.04130061164819827,0.06138518339525819,0.0315414897570611,0.044649339985728266,0.0262902663144328,0.032654417272280065,0.04803437492411879,0.05138360152220697,0.006262762331282066,0.023350002927658955,0.017018761353451525,0.02834086810233979,0.03396533742881004,0.07515735155712876,0.005786513091436388,0.029930409064161972,0.02228162250944969,0.03682581888876876,0.01200904928997766,0.03560642267777882,0.043420975987017434,0.06039206181527832,0.031656722630414226,0.04447432824540125,0.026133453116769508,0.02761711315033704,0.043028797247265015,0.09724785690079346,0.03883572504960192,0.0458711541445414,0.011020802553609802,0.05102040106805645,0.04116258006053871,0.014788364446485546,0.00017980556076928174,0.052477148122527295,0.03253763377122441,0.054621430598370706,0.058179532289063446,0.016290938188204377,0.05074802777471442,0.04103609707719634,0.04427739822460184,0.046721175523522895,0.03740820504815708,0.046461151882322894,0.023098710589425253,0.06987674220927854,0.07137536329491508,0.019059054102455446,0.024822302870800353,0.012661777057762266,0.029559054460423582,0.010801601433172051,0.01168701463069705,0.05012695983064177,0.04221649036709818,0.1162691235301963,0.12332715340398491,0.052820323047313426
0.03866239894158607,0.1598046381288565,0.045032874144014495,0.037600863212755194,0.03112144816002863,0.040263598140280764,0.02114850750769943,0.050652547260395954,0.030404707438134056,0.02061512472716947,0.0008791627417331937,0.07705659705288993,0.04456806798942118,0.007773019856951911,0.01076702212709594,0.021685187969744692,0.035971242301811555,0.016564402479240445,0.024115070732728977,0.017748903041713924,0.05639868676083113,0.03489464758039823,0.040131240317870256,0.04693651842876645,0.07153006670645572,0.0793027040533394,0.03278041245598631,0.05517123219828894,0.015032978579552598,0.05933521618904888,0.012559748509902156,0.03740037909381006,0.037902346357635196,0.03694260496695577,0.0062280017278999525,0.030493657820124836,0.03482158244322558,0.06001468166228432,-0.0036190357882986113,0.01899697736022411,0.03502289096914031,0.04859707367622595,0.03342585048537944,0.03518121082466569,0.029125549641010794,0.027378002549914168,0.08339693203398503,0.047605821540823635,-4.144200472446068e-05,0.012330738259382188,0.012144301451143981,0.02973792601697129,0.031721144676891404,0.06263295516318053,0.0018066047853754772,0.03541211585950827,0.022690916664762115,0.04686388828856832,0.009136545559811584,0.022610345846101457,0.029264265246663385,0.047929937243258156,0.015781343151466183,0.051089599502004195,0.023030393738990636,0.011557155314442725,0.02963023751778398,0.07624910011881088,0.014249886335657765,0.04806646557523405,0.02423440411849146,0.047910750535213195,0.03498945118700207,0.024270634594926177,0.0003726023789214032,0.05217046524425824,0.037205660763758246,0.05409532389723615,0.04579223359605823,0.007455388229779283,0.031036415040350884,0.041689758209608754,0.032004222305617905,0.04936287341884646,0.026807562228594463,0.03809810900039175,0.04656643745209424,0.03563159864929777,0.05166853266561002,0.020308468674961243,0.021468549167472255,0.012694579008651936,0.03536141286862346,0.004875626100604831,0.005705062621609507,0.0337384611763825,0.035367633128138655,0.032793388313969454,0.06442305816738357,0.053651847124907635
0.05406321428045709,0.045032874144014495,0.09276908145195381,0.062381351855417044,0.0409877743546627,0.026727605859974607,0.02502664422333771,0.03692269450357909,0.04238952503804047,0.019599078573216352,0.0007107780023386602,0.07141763586496108,0.05738522073371758,0.015096579522143565,0.01513173198354582,0.01244882010395888,0.05244757394474694,0.02067444946569195,0.036223121142834,0.02585341254831858,0.050400022644448775,0.037804638011994525,0.050544227612396124,0.07485443173210674,0.05304292331358069,0.07703122082530613,0.02623907815125428,0.05402929696475581,0.017184666085234848,0.04846981668635293,0.012599409838244998,0.04047042281933952,0.03510549386011178,0.04543023756096502,0.0032371398594132164,0.03603662874877677,0.042659169988530976,0.05153531550004008,0.0008756236064603934,0.03706800796465896,0.03485205940176204,0.05268231552050343,0.03103271030470697,0.050705730499774455,0.02593958822582362,0.03520295201834383,0.049364674343409784,0.05724852158058153,0.0031165859245946143,0.058598694866726135,0.014320654527009235,0.037824295285592266,0.028719286046633194,0.06437882128876186,0.011084300499185787,0.03268584340094282,0.019625887656947234,0.04594765250663839,0.010932456376001692,0.02311885723186369,0.0534208307514241,0.05502065855630838,0.02651102429319572,0.05652463549001557,0.03335564918203934,0.018054624957151627,0.04121977451457462,0.06534149296560415,0.03620718694751718,0.03503651483516504,0.029625897942025393,0.06307191197800195,0.04000625151777916,0.0024747274839246767,0.00017434388220489633,0.045118463624013935,0.05747583474058564,0.04925390122385617,0.045080053486575046,0.01494428517398612,0.038833327312143576,0.045177173591557034,0.0323411077421611,0.06976832053469574,0.034289513575742156,0.04198847686886453,0.031382065353386286,0.06712734623425044,0.05973644860383289,0.035716563679341666,0.022060602652631166,0.015013283920270801,0.03024539593782955,0.012565081997231045,0.012972628009312965,0.04492249001349769,0.03990987435763863,0.06971221874092567,0.0884559691657375,0.07722432459212758
0.04608466008809593,0.037600863212755194,0.062381351855417044,0.18418912348925207,0.03809594566749887,0.0239779985538024,0.01774340236775139,0.028796639829645643,0.05630053585893359,0.017029577446540118,0.0013938966267884553,0.05720105541248816,0.05395827300799287,0.009659966698567014,0.01571207528459552,0.01630679312880906,0.04915798805097222,0.009989062354005132,0.023058678517136135,0.024709258393657507,0.047464488223889614,0.04013762204741595,0.04426355496314216,0.07337262666362665,0.062370765015550486,0.08381054120912249,0.019015815432811736,0.04551026642850506,0.015894281844953277,0.041246687227911,0.00893423059086332,0.04298651267544817,0.024980677151451816,0.06206513044209217,0.004356708844845449,0.0391622052290379,0.05150782412298262,0.05067649786240037,0.0045986550781958995,0.025580307599772423,0.027727491548749473,0.05070586609168186,0.029771266799994558,0.05436668507389328,0.026340492900523444,0.037955668011125474,0.03312739797054674,0.07021191737609861,0.004643379784888179,0.03717640647879394,0.007765589918557008,0.028830699049316833,0.027513352091877098,0.05924258489559548,0.02185850258377724,0.03311951760563095,0.021329044263840625,0.03591700531029656,0.005149134372346852,0.024350788781854052,0.04728830923742665,0.036374345075004186,0.019563815559057045,0.05600189708154567,0.03098579259591215,0.01726696713034062,0.03836927624748939,0.03337300187945151,0.03512695843545382,0.04429609976125909,0.03744565986610325,0.06563286878946836,0.036436689203714505,0.012910921390767723,0.00042428495964520546,0.0359013805309743,0.05734394419261957,0.039399715315106304,0.049771948222470185,0.01709712984808776,0.025194043056219126,0.036187690044522686,0.03134782716779864,0.08520249392437657,0.027491914356709266,0.0328763698647422,0.03834798848029667,0.051728012455418367,0.0426475403604174,0.05422270839414396,0.020806111804033803,0.014612015833757415,0.023602812395895352,0.01077943009523196,0.014209710399807868,0.03690316167173272,0.03134766915962887,0.033857526265959365,0.04729301711347083,0.05536349447212073
0.03826985061898799,0.03112144816002863,0.0409877743546627,0.03809594566749887,0.054974380295853886,0.01792206690948614,0.014515115160068178,0.02912582608054256,0.03746969983449456,0.013807795965576838,0.0007901219679265514,0.04252748633287954,0.03890702095570768,0.006527938942025758,0.01795110896315478,0.012532893663563492,0.031754579590314656,0.01724461622804732,0.023913853034019564,0.01822815287877032,0.03665961302755513,0.027922913608121984,0.04011312854949198,0.05234991632057374,0.030786115065223583,0.052872570170264935,0.023337342354460854,0.04043552999647969,0.013026639471748746,0.03783606069015001,0.009287781384500206,0.03344777315977947,0.030308143241873198,0.030735930273239506,0.003248641755102281,0.023461414413638873,0.029129143214086363,0.03159968990000433,0.000951757895338686,0.02464577216099452,0.024397305679153967,0.039506404310592415,0.02147943901651752,0.03772431592545948,0.020718927667347013,0.02464879860593464,0.031413956480417456,0.03919945329495308,0.0037254550087581304,0.032756669883262285,0.01020563868287195,0.028307424453023335,0.01913731247004405,0.0523214552467912,0.011764271162199028,0.024249006932871957,0.013575135597701002,0.03443752336048177,0.007631364888922019,0.022291537760508014,0.030491604330244965,0.04949655183127628,0.01975564546795806,0.039493601165583266,0.028715565264106745,0.011463783090925604,0.02816453394688767,0.038647674514766084,0.024974708450865402,0.027271143386923394,0.022495173884990134,0.044791237530613745,0.02964392059005526,0.03149935626601299,0.00017656648133867645,0.03480014659373487,0.03693049394450383,0.04681355431591199,0.03174375271260797,0.011328767063116854,0.02763792261079494,0.030138648270188598,0.027984928852571544,0.04359832072894089,0.025701759167024357,0.029738257093091792,0.018253971153717404,0.043076245763761074,0.04487582117616398,0.024194065939572938,0.02076715650635996,0.012503902271760903,0.02406291357064613,0.009439072760548674,0.009307038552894806,0.030558814023748194,0.030760185317245052,0.048810155017497615,0.06718064506344223,0.04741262247507372
0.031690341087525664,0.040263598140280764,0.026727605859974607,0.0239779985538024,0.01792206690948614,0.05990420757581008,0.017276804486946705,0.03307926508232834,0.017700379119318047,0.014367789192462118,0.0005818767107340998,0.055522834373477714,0.029440695399926706,0.008240036977003533,0.01574082690446035,0.014991032950262875,0.017362616905715198,0.013228422214828573,0.013179098182572374,0.013746194821255785,0.021016818378439554,0.015276261517587429,0.033279994170540665,0.039957962591551356,0.03249898502580248,0.05979601714604636,0.017327128920430937,0.032629070725539486,0.013177642371262666,0.02801933405176686,0.01346403739753346,0.021445063151092094,0.030782672646022274,0.016987303615464813,0.006728154877157588,0.01916221844837913,0.006657683266259902,0.03609409662963495,0.0028927091139396683,0.015212654814589251,0.030857265150389133,0.032310853954589304,0.019194606217489273,0.024485980416168365,0.01663139305875454,0.016186665095876348,0.030375039980034123,0.03525771867914177,0.0033480552798930553,0.0023339329802323874,0.012527931384738332,0.01644505845480662,0.011751068612676658,0.024987472864218964,0.007291508681527984,0.024245067925321086,0.009460899783048928,0.028519753414056288,0.008865103453091818,0.01963938366033648,0.016925730761790797,0.030407173692361893,0.017672276325150303,0.024883580125672926,0.018466404968503384,0.013406395171288969,0.02233951445998128,0.022941446248096856,0.01290993635830633,0.03635948359468976,0.01302082171894409,0.03243663287096483,0.02163240186199908,0.0437518076682249,8.56571286479645e-05,0.03397518702402452,0.026419148721365804,0.03012844422777601,0.02075726641867326,0.007343442123116658,0.014988940043303855,0.02954165721095139,0.021653643717732457,0.022483462389537433,0.01747078963439039,0.021136014028474984,0.023322384209062647,0.027254650705918412,0.03292941048102405,0.005524077734382624,0.015285044457536283,0.009022485589169339,0.023088807539129338,0.007154064945244646,0.011965593971937496,0.023656167016545184,0.02221318668833669,0.0025999635327887912,0.06072699990750087,0.04275802572470029
0.020697654418609223,0.02114850750769943,0.02502664422333771,0.01774340236775139,0.014515115160068178,0.017276804486946705,0.04331608851417493,0.01881300801380049,0.014430672369949289,0.013473464104337435,0.0009337951348077109,0.02961132412593128,0.011953817070617542,0.00900388223764024,0.010648619806596793,0.004833279512050673,0.01896006775115884,0.01467169784875824,0.01846045668145909,0.01362200255118331,0.02828927740638135,0.016055134958848954,0.026964694544962562,0.029690501127771836,0.016419904399754888,0.04398071129057135,0.016101276014318613,0.02345774981693228,0.012549987711715784,0.033819609848214915,0.010444597640817361,0.01799198415180103,0.018830006013347805,0.02124176070267223,0.00015757326872920763,0.02280660578373913,0.01479649171240513,0.010683551020270573,0.002106898141319863,0.018206044381933403,0.013187018235401481,0.02978629718413535,0.017814374326482835,0.028450319584519098,0.009531683541768568,0.006262566308878984,0.019524519515704525,0.02912887229467394,0.005298400114298765,0.003461555706517129,0.00972321177120495,0.02212558987157636,0.019302340390715624,0.03578452854272564,0.0013425215038946243,0.011611831359662986,0.011009187367033074,0.015395416879904842,0.00862226617408614,0.0126257738460926,0.02148724693813759,0.028792510098334202,0.010779977301025229,0.02421801536232769,0.014425366350034965,0.009642211362793765,0.022488501052872405,0.03240239606015944,0.016131417986738537,0.011606048156170464,0.014993653101942995,0.02219578029738827,0.016934566755562597,0.010941209936584933,0.00011155875383864013,0.02610065912928026,0.032922411382377996,0.027060194434029395,0.025230645378269804,0.013876244530495588,0.01682847500290467,0.024463860106827308,0.016102060223685596,0.03301634003764834,0.014518340991529398,0.022173034981590022,0.004258011971365557,0.027436753447146807,0.03260146036471578,0.017342017879642478,0.010735367349880067,0.009063222958094646,0.015114517785640508,0.006450229828916298,0.008599142664778124,0.022747466822651212,0.01739637262034446,0.04275504780934679,0.021644211943712965,0.023071110665316197
0.04060685338565994,0.050652547260395954,0.03692269450357909,0.028796639829645643,0.02912582608054256,0.03307926508232834,0.01881300801380049,0.08144832171555294,0.033240232900734676,0.018047377879836214,0.0006418685760492796,0.05609544173971786,0.05186520331180921,0.005113231450906195,0.022896594882202338,0.0247999414951507,0.0223299759174934,0.014624949752326515,0.025471832357163035,0.011904466974444253,0.03954677540549462,0.02407694264394759,0.03307242977174712,0.05540553284785771,0.035454203295525476,0.044524961482168245,0.0234196084151991,0.03471463950648876,0.01262941876045559,0.0323984226977026,0.01752638285124619,0.03348041666508318,0.022660246378329738,0.033277550158990615,0.006783966778540746,0.025793114762569576,0.01034558446085419,0.042569842438602915,0.009147929534936526,0.033020375345900826,0.03709152479795326,0.043118756249980565,0.025576182328338727,0.02957036748403129,0.023668046871761782,0.017917517606586716,0.030195018916784805,0.03910053186686131,0.008714060425301292,0.03217561901356816,0.012005732503619916,0.030269959613880404,0.01389122169698662,0.05183805782686608,0.012444718775388799,0.02518749638749685,0.011898636137836578,0.04601222241841241,0.010330740649419102,0.017885051139835375,0.0288155315874675,0.040488893567381,0.026694908976215376,0.03780120932289419,0.0274885436490139,0.019108022565180953,0.019769082112491353,0.04614342456295153,0.020229066775224375,0.03657645913743545,0.021058830868043738,0.06392955733197735,0.02493558235829985,0.039666841511608236,0.00014076475946277772,0.03288509704225734,0.044025782362859464,0.03889339748135828,0.025409242494476836,0.008331679894631943,0.02651336056306214,0.03527914274282661,0.02406181012498477,0.05147487697067968,0.021757650438623037,0.022748969511085702,0.02389087829930029,0.038917699376511475,0.045335508288561886,0.01643925755067831,0.015787839263464835,0.012242298402974134,0.029292395497594492,0.012519813016396623,0.013955130557800895,0.027807434960390547,0.031554856249092995,0.05711485159550344,0.06417816524620842,0.056993974989074866
0.06150869023188206,0.030404707438134056,0.04238952503804047,0.05630053585893359,0.03746969983449456,0.017700379119318047,0.014430672369949289,0.033240232900734676,0.2682683962761372,0.011426203180901916,0.0011725650797139743,0.05217731444423363,0.07922092074695894,0.014411834295372654,0.006148693810890921,0.013621681862484499,0.030133173434648677,0.023181018285931162,0.04233477148368381,0.00954806923118278,0.03717146535797481,0.02318355583599774,0.029187290077143966,0.05809397579926052,0.026585549007533137,0.052765805194214206,0.022303194228235877,0.02919504102163464,0.012536964698051647,0.03459684261320913,0.012050800899654723,0.043608447001912416,0.024761708569430406,0.028905548985081676,0.0001069810413944894,0.03269022509790664,0.05287969081300153,0.03161945208594562,0.006982924633513602,0.015461130228488308,0.035305633430559126,0.033200165517460405,0.020647399783740337,0.03494901392286151,0.022451909566506015,0.03878033021273359,0.018625033582598382,0.04699221956761061,0.010471826049727283,0.046927491680400904,0.007588307678105846,0.060998008676907335,0.025686713852219434,0.0452999770258896,0.008209559627862297,0.020595399727476184,0.018471156909741545,0.01669050719348073,0.006683256183163254,0.018863665346644198,0.04281579828073823,0.04574737805201158,0.013130162631280314,0.035720979027413065,0.032735720269853635,0.013807546104872311,0.026349739772675577,0.07468883769487862,0.026821247512171825,0.01309920365493515,0.02423103776531941,0.06264435474706821,0.023344713868910367,0.005683843634619401,0.00012403980642011888,0.024773741911145303,0.030171274323845337,0.03933279177554488,0.036904624450306504,0.01380843950481436,0.025388771284987875,0.029130004118314932,0.02977451572494878,0.04937599647384818,0.021849777397455132,0.02047536527033512,0.012811638366684338,0.06496092884777437,0.047651507229138974,0.011056362796312828,0.0217942877384554,0.019210457365723237,0.01791518661833534,0.009881722785449217,0.011600370799717789,0.026662474310672642,0.027708882875927873,0.04758567058802032,0.052379357868040204,0.055278655415336504
0.01757638517557502,0.02061512472716947,0.019599078573216352,0.017029577446540118,0.013807795965576838,0.014367789192462118,0.013473464104337435,0.018047377879836214,0.011426203180901916,0.028754609544484094,0.0005437239797082165,0.028054382770155113,0.011223338996281548,0.004301688706626978,0.008145052308373821,0.007309854824975872,0.02117230004970724,0.007492357159807252,0.0077041456058070685,0.007521657581914263,0.023680455656674725,0.011262217782146377,0.016609870641035723,0.02022613657409871,0.017248883415819233,0.029362736358210278,0.011960270286269337,0.023614499720880776,0.010201366778614291,0.02196873362117067,0.01404866881198869,0.01061472808982314,0.015304306517256762,0.022232380505937836,0.0024447414464957343,0.018384397935202013,0.009994900892128922,0.01677098903313379,0.003456122824695113,0.01952421155131238,0.012355654759548872,0.02678113262082395,0.01629078432547325,0.01661651513525176,0.01031449181455697,0.013382971535856273,0.009310788435353864,0.014561779638682857,0.0060184962285124675,0.018046214205090342,0.010263250638249122,0.014499818774223638,0.019072807902236838,0.03721358269839525,0.005867744310854141,0.01304592482281253,0.00832942729578846,0.01351008183459726,0.00729258643793601,0.010955356566527625,0.0148480999039573,0.02546893776360981,0.016017340939784238,0.029786642629114776,0.014416532972912502,0.00798624560639716,0.013769448832305907,0.04056298811166475,0.007382448637696113,0.019302581641576062,0.0036285339322114723,0.018912633639517704,0.020324657236724414,0.045270383923821635,0.00015043841305076525,0.02239218211445564,0.019242698911228685,0.02676987432863837,0.019039128585687858,0.00739228899283466,0.015105424297588856,0.021343724671220792,0.015067039358717503,0.027405145062935118,0.013204869230542766,0.014972552901740599,0.007003778036330886,0.02203123567681191,0.025616520632436066,0.012859569802564481,0.01274858265836602,0.009427815588305712,0.02011629374592787,0.008836324564467923,0.0068622659439509116,0.014697721707392109,0.017669625434876195,0.040294887797694336,0.03786467928009508,0.024037755277193068
0.0011980583026116034,0.0008791627417331937,0.0007107780023386602,0.0013938966267884553,0.0007901219679265514,0.0005818767107340998,0.0009337951348077109,0.0006418685760492796,0.0011725650797139743,0.0005437239797082165,0.0003048848288336464,0.0006488719681974703,0.0006338334924995345,0.0009252924455288001,0.0006655401109308091,0.0004034938823291162,0.0011982741914578347,0.0009598955913813885,0.00045510705483263377,0.00041865217256136476,0.0009872091642537844,0.0004717799690732581,0.0006321149154989305,0.0010735413355394926,0.0009220035485232316,0.002278602481804511,0.0005679017689289575,0.0008700090093742022,0.0007002338101252369,0.0014751637033027232,0.0009337459309843693,0.0007223891378408613,0.0009198520721764057,0.0011564541365296469,-0.0002728604363047585,0.0007441904289532507,-0.0002158285463138472,0.00040511554529290415,0.0005326978828959898,0.0007114882920885286,-0.00026386837095098136,0.0018685065361284613,0.0009072104051919084,0.0006726521088619678,0.0011553211716511002,0.0004654617904234897,-0.0012523099595556923,0.0013963236027121199,0.0005406729797584597,0.0008005327749262001,0.00046620192632794785,0.001471115259923856,0.0001808971408426225,0.0014737503307729284,0.0010338926967283515,0.0006064313428563263,0.0003089831641655854,-0.0011128875317503578,0.000634256093847083,0.0005858304631104959,0.00014939786041344216,0.0017173368626029325,0.0004801303718221379,0.001581960070696147,0.0007963402682137892,-9.325077971697561e-05,0.0007492528844373841,0.00035111682080126724,0.0013736963723883892,2.91441167472661e-06,0.0002848390418262743,0.00109947289586437,0.0010306027539701238,0.0011127030339509853,4.607688843384502e-05,0.001233277782066581,0.0013872612517103146,0.0007378124568508072,0.0010080985413152045,0.00045154485163211716,0.00010793951843997553,0.0004857739396156111,0.0007352171799610376,0.0013929072411857854,0.0011173623442928074,0.001344660100111375,-0.0002582660652179057,0.0009730617821716024,0.0006848380574090327,0.0011342100413920424,0.0006398698418873847,0.0006631943971956319,0.0005787686109423462,0.0006019302188300023,0.0007047191772486276,0.0008269728571238954,0.00044407550536852735,0.0017013957784274471,0.0015491917712370266,0.0009244189706177387
0.05243602582792608,0.07705659705288993,0.07141763586496108,0.05720105541248816,0.04252748633287954,0.055522834373477714,0.02961132412593128,0.05609544173971786,0.05217731444423363,0.028054382770155113,0.0006488719681974703,0.3582764292292723,0.0723276448690659,0.0011000974047530952,0.019686404038811393,0.0115076786111344,0.042898078274814025,0.02019816735561049,0.023286029810193856,0.02741340449760368,0.06622249003879548,0.03872927078275709,0.06724939647770073,0.12118995878002753,0.10632500833995011,0.09121032574144221,0.03237350895179454,0.0688922751695575,0.02373263924722932,0.045891848753251335,0.011939204313392744,0.05689793728169652,0.05813980350536556,0.06732953577194378,0.005066212917146031,0.0369131597717559,0.022751519729543455,0.08896387480305817,-0.011645086525565673,0.03185952124450953,0.033258895201648854,0.06319275714666032,0.037880187906823265,0.04527502369508432,0.02171325067509216,0.030499386361743944,0.06858688947938323,0.06048609258727578,-0.013747348755493329,0.03540527486185765,0.016376020948185063,0.05366874961959577,0.019101315617972615,0.07098292955679365,-0.007617808549044281,0.04760251938540761,0.012522775655946632,0.05314633104553001,0.012889227432023153,0.03415078261200668,0.04782565400489272,0.069373304640467,0.026036855168852686,0.04580175335472138,0.03564590202976465,0.0206699446245027,0.04263115000109656,0.08294327725131001,0.045350886333242475,0.06362859628146901,0.038720109519702915,0.0542594826375249,0.03201365658291891,0.03818809587341976,0.00014430170873036262,0.06169979652963905,0.07616441628233178,0.05540516740182883,0.044975232878237875,0.014505842423827464,0.04082407522101446,0.05657488780229661,0.04298664688961574,0.07817131112414237,0.02565584532798334,0.04703094938652841,0.030365634576944977,0.07195430868015108,0.04608802104265606,0.03611977464929957,0.024345950087811246,0.0068915431382159205,0.029937629837892783,0.001951796917336957,-0.0034991319193457006,0.05868622327089272,0.04100763157134299,0.09230785398136071,0.14979109343850672,0.09075680648992807
0.07097413960177282,0.04456806798942118,0.05738522073371758,0.05395827300799287,0.03890702095570768,0.029440695399926706,0.011953817070617542,0.05186520331180921,0.07922092074695894,0.011223338996281548,0.0006338334924995345,0.0723276448690659,0.3262734817742493,-0.009383997622765376,-0.0027196852069645812,0.011117990294920978,0.03953490548227838,0.012842712160803592,0.028870608972270163,0.012436160912192958,0.04901460989530286,0.03537858602004066,0.012919507825977991,0.06469652902099693,0.040848462204744855,0.06001131287031924,0.029286358587721842,0.04800863840645627,0.006854877935443623,0.029836555453881634,0.011426598024457063,0.034517707021528427,0.030881952091149734,0.0679578548331954,0.0034384081870823613,0.04286122404354318,0.05269052448179433,0.04742803507771541,0.0011759698933530263,0.038456775367094485,0.038544264030005645,0.054334679549296,0.027180523128601346,0.05454943509643218,0.026408030371035514,0.03410872213401978,0.08379074090015753,0.04685112591364619,0.004268303866169392,0.06339875181627763,-0.00045528548072210165,0.025488391084969086,0.013054418043167508,0.06713523946568706,0.025207873632622033,0.03148149197316678,0.00960667618889059,0.05174995200181158,0.012340484623093968,0.02241664554096939,0.04141284108128982,0.050127454413794494,0.029171315902875496,0.06737078876280782,0.03923544852739071,0.01413716208724175,0.01778040830842612,0.08477231839494538,0.051080568771608666,0.0379032360566239,0.03889815629836927,0.09508178241139564,0.033618626220159056,-0.010554844085277373,-0.0001679336483561664,0.02678227848300096,0.06445668558920342,0.04869951035854933,0.04042861527355861,0.01379444083785256,0.015098996534869525,0.04221172766427613,0.03533334256895006,0.08697286624095081,0.03347495168077804,0.030080432933414097,0.0485278608892964,0.06281496592324927,0.049233929026738295,0.03817559427153513,0.017743927707863347,0.01830635800810988,0.03335623349557629,0.01523666323618476,0.006717996423017481,0.032486308534341306,0.03973952185644007,0.11980595082251513,0.1129944160891327,0.06151022171185249
-0.005474109391845662,0.007773019856951911,0.015096579522143565,0.009659966698567014,0.006527938942025758,0.008240036977003533,0.00900388223764024,0.005113231450906195,0.014411834295372654,0.004301688706626978,0.0009252924455288001,0.0011000974047530952,-0.009383997622765376,0.07253011829387017,0.007742662225975233,0.007211881383483955,0.01595635619030737,0.008425863841457886,0.026640092246641243,0.012173721256698895,0.017159107233542477,0.014428471428386769,0.025313279306766908,0.006788514696974513,0.00872167531714378,0.01525728297017538,0.006768857015680127,-0.0011535858686663987,0.007740820628605082,0.004095523174101167,0.019564816226357543,0.01882463904555802,0.009888090965827635,0.0057784282215618855,-0.005125188442067341,-0.002322579094585337,-0.0038178060840811023,-0.009606388386394204,0.024762715503462856,0.016417623566892515,0.008440951294055737,0.016812672686807993,0.013653919717119755,0.015036032581369615,0.014090013527994787,0.009785692528771895,-0.00771734154807708,0.018813819955573147,0.0219334862007703,0.0484929820732704,0.010882755947015915,0.020029967444459888,0.006274520212037995,0.015967899311264192,0.02510837392757111,0.005250399136792999,0.0060063040287254565,-0.008043378913187703,0.010715093605971048,0.005405814066544174,0.016748392592636198,0.022623102408106558,0.009447978451891164,0.009734055791678305,0.013590268574702259,0.006183822667292134,0.013644985135742159,-0.015925239628802653,0.012564903233252146,-0.001560562836957633,0.009733046152560975,0.003820783740357036,0.010167852652536315,-0.004569399841431316,9.949424910661668e-05,0.0017197915861009538,-0.002906039756624159,-0.0018278275523913627,0.0014023884172498632,0.010613612483456394,0.015676209396467602,0.007751249846717116,0.0035796099869872568,0.012431167297322096,0.012190542201675465,0.015587953576177715,-0.00261005989576182,0.025440062560357503,0.005211951780058156,0.008337087278973403,0.006348390832916316,0.015289997948149371,0.007803480577697555,0.012782397279536523,0.0357823245588128,0.016384618377624668,0.00048213268615364467,-0.011256350846488253,0.02698911135356527,0.019115152653087924
0.005355866046668938,0.01076702212709594,0.01513173198354582,0.01571207528459552,0.01795110896315478,0.01574082690446035,0.010648619806596793,0.022896594882202338,0.006148693810890921,0.008145052308373821,0.0006655401109308091,0.019686404038811393,-0.0027196852069645812,0.007742662225975233,0.035454589508852,0.012595012426730704,0.004744175078349116,0.0073409070387470505,0.0068382825032299,0.007785430233180695,0.010632477852465688,0.012945788016510591,0.014643698929431492,0.013140900870358251,0.004167915174060976,0.018282526890807387,0.008049138351838937,0.011893576868757867,0.006686373468700164,0.01691281740311806,0.008096638205137648,0.010900206842833365,0.013559399522898826,0.008425771806060404,0.004037588893830518,0.011047753936741704,-0.0009349732836574311,0.0068772551900314815,0.0083412428263841,0.014322232619937297,0.006708012327003502,0.017137038768903084,0.010014633015527217,0.008120945918878872,0.012109521373644194,0.01620181788484811,-0.0055201908845027865,0.01823216782846953,0.006658786005466741,0.006029527345783916,0.00581252482286622,0.008889576918235543,0.009920695529028325,0.014519720517104198,0.013078472913243442,0.011719998444489102,0.0046671704240594455,0.014266148800228615,0.0049669022109261555,0.011102903096697902,0.015209259411182254,0.02189873117179491,0.012478536287503148,0.00361021894881126,0.016315248520688864,0.008202954064597364,0.010641899724850017,0.0030266736692085524,0.00662434728807019,0.012143001546211524,-0.0024365451161937855,0.0253212272605416,0.015238277119402795,0.017053175429029184,0.00021561895564025011,0.01328076333928363,0.018407901160419318,0.02099624417771015,0.012495204122307054,0.005771719014608034,0.01165126875821223,0.011056166310678307,0.011401696456219374,0.006026884543064832,0.006244875962714634,0.010962072939885189,-0.0015186431075544364,0.014568649021859604,0.014915761524497789,0.009102499395656686,0.009676087344183244,0.008726441171031371,0.012132459352241146,0.008705500041555146,0.010499024797194776,0.011964694088119506,0.014179144170094915,-0.009358914557887362,0.01704307666024736,0.023977520935580907
0.012464205837726346,0.021685187969744692,0.01244882010395888,0.01630679312880906,0.012532893663563492,0.014991032950262875,0.004833279512050673,0.0247999414951507,0.013621681862484499,0.007309854824975872,0.0004034938823291162,0.0115076786111344,0.011117990294920978,0.007211881383483955,0.012595012426730704,0.034806944665732927,0.0017910839317114905,0.004966139241407405,0.007441810539531526,0.0011407084844374962,0.00866143069247045,0.009340138037965087,-0.00023384311158685577,0.016502751534724105,0.019034832094104802,0.011109462751890835,0.009759853903195372,0.008813557326998907,0.004949111579339938,0.010436922435799434,0.013024968975106892,0.018982175349643134,0.007393349483863059,0.004707851795513203,0.004366920556985126,0.004394718588637396,0.00905157113325316,0.025381676932695177,0.012402750711020786,0.013224335173948977,0.015807852804010075,0.012149266042679954,0.014224875764393428,0.0064798051563047755,0.008023198317273052,0.004733268152820509,0.016843464954444075,0.013948595068910535,0.011615184552139233,-0.0024295904080848052,0.004672928367960909,0.01028202460604167,0.01183346720115669,0.016320117861003576,0.013424021665239061,0.010011985744877815,0.0052799593012759875,0.022322879039975117,0.0046442425522825485,0.008107740442548698,0.007677742462119259,0.015546741012916612,0.01013488233771158,0.015618510927047715,0.01323106897277211,0.005188906389562672,0.004898785408258654,-4.111013940045396e-05,0.0002065121704063199,0.011452777208878311,0.008712818574350856,0.028442219193966996,0.01481995466516919,0.019658168634636822,8.052496091685537e-05,0.012436363691258058,0.021212340333234252,0.01812465778543372,0.014101643076340181,0.006600156521847856,0.009400848405824804,0.008498167803552512,0.009977937958115588,0.014196531748034601,0.005542906884803986,0.010091299852592175,0.0057051419730413415,0.009014992088731416,0.00896437933208336,0.006106525759316485,0.010469021576868312,0.011025246952323235,0.010933561717782222,0.00782460180464246,0.012891877459227085,0.006450798573434816,0.014828245686567553,0.0017170433803606253,-0.0010864634113345543,0.027376244411737246
0.06453605658312542,0.035971242301811555,0.05244757394474694,0.04915798805097222,0.031754579590314656,0.017362616905715198,0.01896006775115884,0.0223299759174934,0.030133173434648677,0.02117230004970724,0.0011982741914578347,0.042898078274814025,0.03953490548227838,0.01595635619030737,0.004744175078349116,0.0017910839317114905,0.16488403522528822,0.02279425513991657,0.010948009759672545,0.026452511823053686,0.06223635568500882,0.03610144843667655,0.06145132658716044,0.07018936078944907,0.04357358849803793,0.07535985462811907,0.019483935716760437,0.044578441007308935,0.019876864456460728,0.03888788777757175,0.010565962053618313,0.03160674502414686,0.03602528056337579,0.05653186259155564,0.006609875080704873,0.0357737581139419,0.044401094985172584,0.024155633607716318,-0.0035908097402619376,0.01979431432529446,0.04110684178419629,0.052784436109011616,0.02683946215449953,0.03803240405986237,0.038996633875159274,0.03652361138305117,0.036230869395850095,0.0462110826898749,0.0033299750010184195,0.08701249682280916,0.022097890004796325,0.04252065725434799,0.03151620008023457,0.0625179826811852,0.013719309630338726,0.02683447863415129,0.020872656617227328,0.0288966010182398,0.008004162895923823,0.022765731243836438,0.04591002192406111,0.05906309480611713,0.016368826428342434,0.058593016423766325,0.022193615010201242,0.015680776216348398,0.04299262554317966,0.042270672763798346,0.019982868563427826,0.03157302492986697,0.028327242788807216,0.02892386880428239,0.027167954425541072,0.007140559923668822,0.00022524115620493098,0.04070633959470424,0.03492554754199516,0.06368163884052111,0.041276542544744756,0.014681504051904505,0.043174140595363154,0.0403567414793368,0.02755268852051571,0.0781275939121387,0.036786204726160454,0.04035690855264686,0.040204108892049825,0.0793259274777967,0.055005292856094755,0.03974152774165578,0.020681172335024638,0.005732961988692495,0.02319854629587861,0.01026576020239776,0.017135053243754663,0.044650388427416254,0.03645532384414032,0.041604723948475565,0.08633508061080684,0.040596360889001176
0.035916020870505896,0.016564402479240445,0.02067444946569195,0.009989062354005132,0.01724461622804732,0.013228422214828573,0.01467169784875824,0.014624949752326515,0.023181018285931162,0.007492357159807252,0.0009598955913813885,0.02019816735561049,0.012842712160803592,0.008425863841457886,0.0073409070387470505,0.004966139241407405,0.02279425513991657,0.03704371440951798,0.020558396715973808,0.01348164639599947,0.02167952279822337,0.014666654242326375,0.02797385664302496,0.025936112711838166,0.01598040675145279,0.02706483398059381,0.012985369027171569,0.029850748410278446,0.015699496750623727,0.027978228812989264,0.008671922295410623,0.015619092258421034,0.02210583700206767,0.011043599624769735,-0.0002717588183841938,0.01589809496112389,0.020611807713119743,0.01537902948081423,0.0004085535251421898,0.016711152217748753,0.013365998136625345,0.024167393668310246,0.014313378800155796,0.019487325343072976,0.014659343044023098,0.0138495276728073,0.021109147529216395,0.021195444171235808,0.0023640600625041254,0.022071513067357627,0.006815304320707433,0.023227986268857623,0.01835013936229346,0.03282458696317029,0.0006478452869799932,0.014344864083563181,0.016514961207234894,0.010656400124084454,0.004842514128262261,0.013271980905252395,0.017241324327824582,0.033539807752609514,0.010544535617349622,0.023082334667874793,0.013431189860227096,0.008671375776677438,0.023279127883426107,0.036839973313579875,0.016634652303215595,0.018146547465369155,0.01641140011236526,0.021469345552385256,0.018720368055557837,0.022885535079048534,0.00019873929137546615,0.0267360949388202,0.01999569895071805,0.02169501000673016,0.027306696549737795,0.007002999647086233,0.016527091392409165,0.0202738658229641,0.018576912107701522,0.03118571320364288,0.01912687897600493,0.024005670368713893,0.012236523128435178,0.03341600839719254,0.031947404151054654,0.012894658844660855,0.0127388262149428,0.008167773526035831,0.011694761323776687,0.005394946894091217,0.009443415277348188,0.026162934610834913,0.017524552061513755,0.04391879222292573,0.03754234160643793,0.025606122804935055
0.04680027253117243,0.024115070732728977,0.036223121142834,0.023058678517136135,0.023913853034019564,0.013179098182572374,0.01846045668145909,0.025471832357163035,0.04233477148368381,0.0077041456058070685,0.00045510705483263377,0.023286029810193856,0.028870608972270163,0.026640092246641243,0.0068382825032299,0.007441810539531526,0.010948009759672545,0.020558396715973808,0.142663956523433,0.02204750844502005,0.04347942802501619,0.020858087767709026,0.050704985361013845,0.06039795123014171,0.0002586672784175526,0.059603218067716505,0.023087226405876314,0.028380018262278515,0.014784361445955957,0.04169750829025585,0.010942780313807212,0.041684214165280606,0.027619477003322648,0.0014751808851953207,0.0012352650220429418,0.03086175061823104,0.007223956310315421,0.013725768150983681,0.00727311714401,0.033092152116710835,0.033949994326517116,0.03707838838061958,0.017612472007074557,0.03258876883418619,0.01861233011920219,0.03284317290035995,0.01094517060382582,0.029254434994122048,0.005216247896996876,0.048699471455234566,0.00977100769539917,0.035349541619957105,0.02733219970506736,0.02850926312053152,0.005922148196943878,0.018472861477631556,0.017137654965839036,0.002438344488094149,0.011845560128098825,0.01978685108479267,0.03176200646955267,0.06408298193872151,0.012986169670220227,0.02908726360790218,0.021063112478225062,0.014244632151272791,0.03235413829903155,0.054447674411558025,0.034588203267887134,-0.0006686061076160627,0.023946081851978905,0.04106029434824432,0.025060184916389852,0.0051946138703897905,-5.9546828476562434e-05,0.026390226887886937,0.03552956223024748,0.025057528289261288,0.03048084263265475,0.011300303837682246,0.027508059121601872,0.02438714204867148,0.025582062510863833,0.0458142150357673,0.023635849811054575,0.03714719887645952,0.007515708164925067,0.06575335311241966,0.039416630271795206,0.0059934738742381515,0.013526202604280573,0.013711679647564343,0.01358546694747021,0.0074090960831330694,0.015880503749935864,0.03439356762766675,0.022157635223801975,0.05136981694631043,0.07564214404101528,0.03653177750030312
