0.054248955649249926,0.02288199004868453,0.03212032807051888,0.017027245745659288,0.018447920418675788,0.014510058620331417,0.011004583517267276,0.01857338599097861,0.0004436649910089541,0.02587547343889698,0.013629878333925134,0.006930163087983115,0.019750027066268074,0.019171526246822137,0.02196618627064856,0.018681576162991407,0.010396561642375629,0.005355027365790055,0.008746497016709126,0.02749564785547116,0.01638824814677595,0.012468642676704668,0.021676366602998178,0.016851974946575827,0.017126295922380227,0.022770287481160556,0.020495838236917696,0.01250531484183318,0.020407975214496887,0.010237203109404439,0.0267367715081769,0.018878953166530807,0.014881630742724368,0.021862270385098453,0.013289120478884387,0.020090737592154587,0.01517057477347634,0.005631368298478761,0.014625153127464948,0.02424810622499202,0.01481084110723835,0.027859481234117845,0.024238773764104028,0.005850107059321477,-0.015463720312636561,0.004637650140923318,0.02019619618598699,0.021909715432673615,0.025173389892501397,0.009681738840298758,0.00912833583044965,0.013771163912285996,0.03290651823958357,0.031953398594376944,0.015299621086614038,-0.007482890060957987,0.01148060132137146,0.017767889936316814,0.01702127745375581,0.020512014995311096,0.003916014574816097,0.020465528329168637,0.021030161452161935,0.03917394525658443,0.030464916053645784,0.013235978076265514,0.016579374743628035,0.023581284510348983,0.03548979254108766,0.02202417984293346,0.015366590817389595,0.024393876090036223,0.022626794997886022,0.0006442520391041637,0.014963813677653271,0.019701979715790695,0.014768115087049692,0.012768177244106125,0.01958635120384943,0.031945970849272
0.02288199004868453,0.1697406828816018,0.0639383471128401,0.03067709698264782,0.05188619992563945,0.019405236227134918,0.0199830696168995,0.03747566279609403,0.002631149566200791,0.04742537635860521,0.01237692790147787,0.00928609850471186,0.03291020554351148,0.030689159537841175,0.055935025284231436,0.07775983886418623,0.028395778233580807,0.0447390913286053,0.054360888349139644,0.060347403114555956,0.04217409460742664,0.01248701816349452,0.0416006638252169,0.03794327480159726,0.03387393712962206,0.0431381777376193,0.02319505832786661,0.02078817990847516,0.04758941501597117,0.02285353246022443,0.06937464974913268,0.03915073154171891,0.06717186789647238,0.01342126673245797,0.03934281899861911,0.04912601379278158,0.02713718213439942,0.02949041617234492,0.04038138586537972,0.05794453867072138,0.04199009006838735,0.06220229214791191,0.03067852912450307,0.05397764228104639,-0.019496444127530217,0.003176042721136195,0.04231437831366031,0.06735251302641831,0.05456614205451401,0.017036323700457854,0.02483340629708751,0.014153949321892265,0.05548568454042521,0.04975764919224045,0.02414365881925612,0.01723835402567868,0.026319596077115336,0.027530964484879423,0.02689716355240665,0.03318204577332403,0.0010524442373674714,0.05839368272453343,0.050655919058545114,0.11588601791719762,0.037436718113550746,0.044978651847225305,0.022718222147501483,0.044254752926708475,0.10209515287537509,0.03750426570086788,0.02915700613009126,0.059157597283112574,0.07201424407985885,6.345743543898014e-06,0.03807329913262104,0.05100719081126081,0.031444034030065626,0.044239454486755765,0.051798918119387645,0.0622429247466295
0.03212032807051888,0.0639383471128401,0.3861820397129841,0.022181792288602484,0.05059333415230761,0.026624950648463395,0.008146645072765406,0.034016246512663544,2.144620036027922e-05,0.0362638535728382,0.005661238472937889,0.01866311646562592,0.02547057082484524,0.008336846697952136,0.0516204455379365,0.06078304476190383,0.048511543277894635,0.04372970091474146,0.017455171932329816,0.086204074912894,0.04560641146534967,0.005077854498494266,0.02728017509027544,0.030682914485986923,0.026733927791519153,0.040882343294080935,0.015581460087362447,0.033367874105038456,0.04041698396848013,0.012842478170958195,0.05723235929788836,0.017546036637760776,0.03195041291558032,0.015820213485101008,0.048440805198552886,0.04259254419176859,0.01777979063361936,0.002614108709560162,0.028050972225625852,0.060886407617825926,0.058460245246507773,0.15200381829124976,0.022724497474507728,0.03925560566767152,-0.04250232821940511,-0.008622721049701045,0.08132641072418348,0.06469469956624413,0.035835760377967346,0.0033220569791496935,0.014247569659903528,0.02059432304734533,0.07196808352728552,0.17238003701915441,0.02197492295578797,0.029949711868033916,0.03638062489742926,0.04414028040800489,0.062322649165561385,0.060735135655483594,0.01544052993626631,0.07814399116746931,0.04799892901445516,0.14777724744416634,0.07580342481656521,0.03552350060867383,0.008899447696267373,0.06338746302378445,0.19689062024844328,0.03300759688559694,0.03184367612174654,0.05623704675621537,0.05671732769945768,0.002325542096162693,0.02567236887895462,0.10450864019233148,0.05238406912682896,0.03785473078687313,0.04124171165796934,0.01607397798850125
0.017027245745659288,0.03067709698264782,0.022181792288602484,0.06599211058469417,0.016213736167457766,0.014057381168849867,0.012413279269907608,0.019944100662038975,0.001281944734305639,0.014483903927986711,0.01223388232200259,0.011400707681841527,0.014001706945988148,0.011258780715398167,0.023400598219848575,0.041653792595219355,0.00956628858911754,0.01778380485148184,0.022838330897444477,0.0345538078205998,0.02034980282179146,0.005452470972679106,0.020712980741977933,0.023611956799743025,0.028263832616581906,0.02853976893016251,0.015414391623160528,0.02381251774511994,0.02882364331364553,0.018012339533893508,0.03531585568519082,0.023952915794776247,0.012259169400460202,0.012896812332372932,0.013889369299095018,0.02744135744522969,0.010476311764719807,0.00724995653553209,0.02565044225362414,0.030733976592992516,0.020609409126752954,0.03371539733879251,0.021174834643751295,0.010622233873922714,0.012055712803484225,0.0037050608471853722,0.031030166969597667,0.023360918888871967,0.02946066439738426,0.010003174329727988,0.010776771878500622,0.013559378950021739,0.04389355376532952,0.0287903489807042,0.018361435439408276,-0.0074081578420608415,0.017704226742061797,0.013706809559378936,0.01723627177009252,0.007299912193398557,0.001562225872812394,0.021575804189216445,0.026541989460215642,0.026265372720745386,0.02608638331843307,0.01613503734546224,0.013725714417385624,0.026095601901291024,0.033048232366119826,0.02452717626573248,0.020858177302246376,0.035908581498050283,0.038855248181012395,0.0016939092885800869,0.01797493171011744,0.023226699161849742,0.020164418073686925,0.015819917427570506,0.027925533562742126,0.03223424772569005
0.018447920418675788,0.05188619992563945,0.05059333415230761,0.016213736167457766,0.3443702002915372,0.013967399028582565,0.008592166841373391,0.027843648471929872,0.0023935387374369368,0.027908032905936988,0.004776989268171247,0.017786034869177837,0.010122878028050144,0.02827077103688898,0.044187556711891854,0.03586824072128822,0.012916119862548413,0.018201823902144757,0.05309724231485708,0.057499449049659354,0.01755349271282493,0.0066725478228769446,0.02010164941108465,0.03212944171253646,0.029202239871745708,0.03685037137320183,0.023824326965369704,0.026932434231292,0.03316787946825783,0.016820050635106238,0.05513323849949168,0.03546344162368493,0.029492557997780035,0.007091310432895744,0.02509281278347168,0.0393095363506414,0.008663997892353177,-0.011470136112486984,0.04142335196251303,0.039184901889807444,0.029417825829274484,0.0690903154068148,0.009245204057196199,0.05494875064344574,-0.0020348324672293107,0.003431907742367248,0.03036785122142175,0.03268449001452111,0.04847061014402028,0.012557227651224445,0.01172601969634654,0.022376635847761214,0.0446035587385894,0.017201396232499222,0.0202513637214539,0.007544675921294886,0.020289292224681853,0.009688066378004595,0.01746164056426661,0.03585650829529062,0.001435069124738393,0.03545299870117734,0.04337961808168447,0.07881259973222003,0.014420426124822769,0.030551059409162425,0.01839151846989446,0.01786520970494504,0.06186120966385862,0.02105967454404173,0.027826477669215942,0.03724600509326875,0.03983222500894345,0.0013050978126860433,0.019524248893971346,0.03846117557142216,0.004681211833869218,0.0391731030309799,0.042915918101252774,0.03368802828879926
0.014510058620331417,0.019405236227134918,0.026624950648463395,0.014057381168849867,0.013967399028582565,0.04726711091297415,0.012523473050974673,0.017741957495269405,0.001210274491877884,0.017174556277642417,0.02120205411709727,0.02333017998873819,0.013935002608319653,0.014350918009656441,0.03793436564412522,0.02081784088464862,0.0068049634346156905,0.019815450652043008,0.01682300071380976,0.026050055385127304,0.014154877057868758,0.02871371049082295,0.02096611729575318,0.0212185786389958,0.01789695773181559,0.01645489803306316,0.015947370296143622,0.02151698310764079,0.013636976881135984,0.014193486816846073,0.027256847418277958,0.01799288759734058,0.022219472325936216,0.013693374186625744,0.011512865675258584,0.01805930936549747,0.009762407199213577,0.00947442759569037,0.0108850611438466,0.013801236054238348,0.008864951864395326,0.03259686123841406,0.01665355363326708,0.02047792712668573,0.002690542693315959,0.0035762571794615058,0.024413957801575393,0.02129668786464933,0.022335280186637028,0.0285537193519075,0.010442288709357978,0.018858474641328546,0.030645625677795954,0.024750551705532288,0.016270573282989365,0.006745756405873257,0.02805863307739529,0.016019894094912984,0.016242439368706632,0.016956722609580855,0.000610518441264735,0.020856959777491062,0.022928074550103004,0.04145064822924281,0.021463256981844946,0.00766868158317484,0.016106680108545574,0.020779105862755436,0.0730660776748453,0.01492837421113065,0.014151369704864627,0.016462871298341977,0.018397450541080246,0.0017261520842105852,0.018807089012098082,0.014402062765995097,0.008316404039233661,0.01076319430018753,0.02297157615748109,0.016643607835002204
0.011004583517267276,0.0199830696168995,0.008146645072765406,0.012413279269907608,0.008592166841373391,0.012523473050974673,0.035454589508852,0.007233243692886914,0.001355577634647008,0.012595943271420986,0.011846459717781343,0.008096638205137648,0.0131009696228276,0.009953540516547777,0.011754881494751703,0.006265147150258981,0.0014925406727447326,0.003136024576783382,0.022185902374444975,0.017734351747631993,0.013878779871905604,0.013774132021078186,0.014780494063531631,0.011132616615658475,0.014530766480255851,0.009480141848558589,0.015676648011534393,0.0031162838165002017,0.009851905006086462,0.01035639604331273,0.00913903099123854,0.011777190470674168,0.01620181788484811,0.013849153727106402,0.01263150252874568,0.012895481192747728,0.010911132906199026,0.005231281114378691,0.00619783079177947,0.010674820697862401,0.006166043723706732,0.018452079430540357,0.013526220821080553,0.009575507430214205,-0.016314586820023905,0.002320876067011387,0.015995573762596228,0.017492800899002885,0.015790635272657623,0.0059918251707213,0.008202954064597364,0.0045868205849282535,0.025592568029815983,0.0176878364038525,0.012676995126475219,-9.860285007601184e-05,0.006023696288771944,0.014435047591595957,0.008112336528971703,0.014865876443163931,0.005676964932150832,0.010560480220394802,0.013851965072421386,0.010956548402257366,0.011749818682672653,0.015177047042752745,0.010982212892542396,0.011881186992115786,0.04621975751206723,0.008575433228902725,0.011819371520080817,0.01277881178530294,0.01091406669037375,0.0006482981529450843,0.015043130071041496,0.0070361633575461305,-0.0007318206925492944,0.013962015327492616,0.010422850131889564,0.013632707358274161
0.01857338599097861,0.03747566279609403,0.034016246512663544,0.019944100662038975,0.027843648471929872,0.017741957495269405,0.007233243692886914,0.056763600934484605,-9.18633737191075e-05,0.010242609834201357,0.01207012240395202,0.020174817200414235,0.016753217420585092,0.0197689145848295,0.03494499355539651,0.04089308165071436,0.02664054114073687,0.03758896025056695,0.018566324976643775,0.029507575986694283,0.020778203928764474,0.014801664075796861,0.020956193666980132,0.028422892253745027,0.01651610252279649,0.03032550795272582,0.014001461798890905,0.02891690884241133,0.028810240314538778,0.022812131491227572,0.039075184255159365,0.03155138273648233,0.02558208341516092,0.013160906782190064,0.010472667592696747,0.033230068247777286,0.00857453298641309,-0.004437054824385583,0.024937157882070616,0.028394837975676202,0.014042941931699273,0.029778835803057707,0.02363682499384742,0.025332475286266892,0.0001697592842013097,0.0021667159739208446,0.026176308256886154,0.03773675969607238,0.03549909475709227,0.01359139976466818,0.008576512179095021,0.015632341562949122,0.04702805914779753,0.024631665586548522,0.019981464179812464,0.005314385917779466,0.019809705590656097,0.014819987017418858,0.02212303040206215,0.02126513598770542,0.004464679971140399,0.026693466634663092,0.03374330121356798,0.051648392687166214,0.031226298180248094,0.02142139503940346,0.014645283956526646,0.032155077592533214,0.0456199140570066,0.0341076017865062,0.024263794759434014,0.03579725914982624,0.03655905458799431,0.0007317388558965427,0.01551129505804927,0.02662303664118725,0.01676435044114851,0.016502487078513633,0.030271995513192002,0.028103635320974884
0.0004436649910089541,0.002631149566200791,2.144620036027922e-05,0.001281944734305639,0.0023935387374369368,0.001210274491877884,0.001355577634647008,-9.18633737191075e-05,0.005092446052267082,0.002129453927838284,0.000881935100456619,0.0016117612341716744,0.0013843801649968224,0.001655238243789758,0.005858895508116017,0.006296708182956018,0.004257381934109388,0.0006785805169829456,0.002710616705490388,-0.0004802779481970993,0.0013108073034677487,0.001682802178208085,0.0007050974275976927,0.0011590708045708545,-0.0009801310854094547,-0.0005431422644478189,-0.0004426670540435175,0.0013081412195678941,0.0011953322833640812,-0.0003032834940613462,0.0050881926054880695,0.0022184102429793433,0.001771761606698349,0.0016539391766421771,0.00483167731669655,0.0032619562437190604,0.000394018207571058,0.011443904648296904,0.0021037989761230657,0.0011220212875517794,0.009623897309018841,-0.0005588876078658387,0.0005783212750661164,-0.0004956667511124963,0.0005972547234889031,0.00036588428100739283,0.0005364302725970386,0.0008229647813915655,0.000710535247235911,5.779072867882913e-06,-0.0006975185754832412,0.0009835674557725194,0.0030151247534380295,0.002611657212634776,0.0006422366145086403,0.000690039484835168,0.001961739479012165,-0.00013199572744195632,0.0014143414985545017,0.0035149375351752614,0.00025122643559392173,0.0018975107884961898,0.0019405523551602783,0.021710220191356315,0.005636530307063163,0.0009265841975866697,-0.0006567985660296933,0.0032607755955655596,0.0035713356641262953,-0.0011135288284047679,0.0009611086077882649,0.0005615441093154352,0.0015638738600805575,1.4397605304075085e-05,0.0002967248756623966,0.0013455724787194297,0.00461532645469286,0.0013221971112935525,-0.00027979743329968317,0.004866704472169239
0.02587547343889698,0.04742537635860521,0.0362638535728382,0.014483903927986711,0.027908032905936988,0.017174556277642417,0.012595943271420986,0.010242609834201357,0.002129453927838284,0.10601433501023518,0.007254026376474496,0.006325023367171869,0.014689893595772175,0.01979869437334219,0.03305987682681712,0.04836889310407989,0.01769227839172887,0.01393682135218996,0.026879977296750016,0.039180631995767816,0.01662882957001067,0.008612825192682874,0.026805153685012375,0.018611016179680407,0.02609875303979673,0.029299910872941475,0.01506750854689853,0.010881550238795779,0.02692570036186584,0.012541454526086212,0.0300254807848595,0.020576654744018208,0.023858251608914537,0.014280747181807423,0.0142110788644432,0.021396755255629736,0.024496760804332676,-0.011829583897653326,0.012597529780739239,0.028839095073832907,0.019375344769037503,0.04068325933605688,0.010832478589086305,0.019553254884239216,-0.04591411056683231,0.004608431200111042,0.030008281345631035,0.03650346165249815,0.030702374732816635,0.007763688765693616,0.014698437091175425,0.011074863020983093,0.03228933314110407,0.034395136535553275,0.014507681804697393,0.01022288035836296,0.008535925685215126,0.02051394038301317,0.015219903888180043,0.030560538597848557,0.00035427814724954266,0.02762063804704408,0.022963411246794015,0.06424737023069521,0.02830128729814566,0.023392539971359917,0.009777583540716808,0.027525403517192557,0.06165616391673559,0.018312599373796822,0.017152399716390182,0.030030506270293685,0.027906803939629205,0.0011133724941258447,0.04177512743254924,0.03424954564297592,0.011112851216295447,0.021793953435048873,0.03035728293452556,0.022114950988533652
0.013629878333925134,0.01237692790147787,0.005661238472937889,0.01223388232200259,0.004776989268171247,0.02120205411709727,0.011846459717781343,0.01207012240395202,0.000881935100456619,0.007254026376474496,0.036028382448995575,0.019788681685325844,0.012644223328067522,0.01040426508291755,0.02063536496073124,0.02059385418603359,0.00426404408640421,0.006465291793121768,0.00904104501331908,0.017069108285768804,0.009674300547620026,0.028658244547792318,0.015544244477429437,0.017307690000148427,0.007965754957744488,0.01267832941538695,0.012392380026352583,0.01364031053778271,0.006557172219672593,0.007147748206480802,0.02212003224012717,0.012540842540655617,0.010270047874947936,0.01464258230604007,0.002467732205574187,0.016761097838857604,0.008735289869619939,0.015160323921967166,0.0022566634816791795,0.007974201248978609,0.010663339071441581,0.009503517855844596,0.017734145757591652,0.007887150731259274,-0.009619023985130138,0.004811132889341367,0.011691577222013631,0.014001013500263542,0.012862869735790596,0.020719179504747193,0.009622717756762326,0.014836220410852814,0.026912218543303636,0.0068934246565757066,0.01073877260782843,-0.015186946553211244,0.012988184947954349,0.010567962204340987,0.009533415883844517,0.01163619936270979,0.005456255864581556,0.01076257723437969,0.020467091578698374,0.006038494846520204,0.009305795164117472,0.006307015577881831,0.013072619789647442,0.015104559329955988,0.07542974008204338,0.005381042157570447,0.00984361282068492,0.006142716253270085,0.007549059147951781,0.0010528670827823785,0.007259961000973237,0.008962282520490486,0.0024025449458162243,0.005674508849651834,0.012551687769786091,0.014407290935974836
0.006930163087983115,0.00928609850471186,0.01866311646562592,0.011400707681841527,0.017786034869177837,0.02333017998873819,0.008096638205137648,0.020174817200414235,0.0016117612341716744,0.006325023367171869,0.019788681685325844,0.0425341257778126,0.00889934352805701,0.014266516271394473,0.02399040925707396,0.02464161762315235,-7.175588807283541e-05,0.018383688767375114,0.011450754015135945,0.020610709877186658,0.011399032243239491,0.025149004757767893,0.014548445694991722,0.019165035473141377,0.010738306306243797,0.013339069276356115,0.009299940407808033,0.018685528889428205,0.010169768888463122,0.010543551791314802,0.030129495518308694,0.016063172056961464,0.012986220221237242,0.010082792835559852,0.0008897136127821925,0.01949206339681525,0.00428516337077119,0.009275210493224842,0.014221202430082755,0.009046541282394483,0.01203255194930754,0.01178949843353491,0.012992385198344466,0.012710098799646722,-0.0006950129028084263,0.006916359943879857,0.014272403287078583,0.027779006719293432,0.016486345367156627,0.020103250575466688,0.00501152159542483,0.013907735858279289,0.029677986148214885,0.013432085556229564,0.00881112971437769,-0.002645665930125054,0.011866518995029968,0.007833738390025196,0.01480123338918174,0.006924263041093217,0.006755818476452452,0.015206806507881795,0.013121967721942115,0.026488123083271337,0.013954144806330216,0.00901920244819527,0.012108395516224205,0.013486573209873183,0.05813518888890888,0.00595922549199591,0.013660228756101591,0.010735827663663986,0.004563192067204786,0.0005585231518247918,0.012693683403880369,0.010455187549160196,0.005501459683972567,0.011295444601212906,0.011947440846638173,0.02048296956170144
0.019750027066268074,0.03291020554351148,0.02547057082484524,0.014001706945988148,0.010122878028050144,0.013935002608319653,0.0131009696228276,0.016753217420585092,0.0013843801649968224,0.014689893595772175,0.012644223328067522,0.00889934352805701,0.045980899103045376,0.020792443720223305,0.02474664072343145,0.02742675664312054,0.024232865186770872,0.016062538834111455,0.01748086483197256,0.028144431471606793,0.0215607356301636,0.014187390344513637,0.019282727008532393,0.02168516549906208,0.014828533356506437,0.01918113558680807,0.021172650587786147,0.013035622994103666,0.023146894102883134,0.013516725428783282,0.028294742566602384,0.02588362639363378,0.02462054462340321,0.01600006732519487,0.01772186791594083,0.029292022455373067,0.00967701027862915,0.0010375724876675073,0.011399251313128921,0.02259387251688676,0.01789496002967403,0.04465718725525268,0.02764621364844549,0.008536948074772264,-0.013106437350872533,0.002534962976017372,0.033460008014232545,0.021449308948798793,0.03015784067780564,0.009440326829175437,0.013310439745800835,0.009570512560195199,0.046531198701030604,0.0340923264891609,0.02376162910445675,0.005199300004298238,0.016090270006853154,0.020214978680660498,0.018132376967045435,0.01966386469122549,0.0024865669788220004,0.02357546153872066,0.025867574901519415,0.029907376724573755,0.02113798349144982,0.015002583751529217,0.016649016906544,0.03191753353692538,0.05736347555005067,0.023512048237935432,0.02065509163215734,0.026722328202453516,0.0321511783243638,0.0017258514972405218,0.013037864419413405,0.023005177783316275,0.006828232193160049,0.01695819944383251,0.016246166246169546,0.033538795913299696
0.019171526246822137,0.030689159537841175,0.008336846697952136,0.011258780715398167,0.02827077103688898,0.014350918009656441,0.009953540516547777,0.0197689145848295,0.001655238243789758,0.01979869437334219,0.01040426508291755,0.014266516271394473,0.020792443720223305,0.09684965341449436,0.0347867551557383,0.03560290524818301,0.005976380593439506,0.0327470099457801,0.025756596120868412,0.03206096260196204,0.016924837386693176,0.018728083332202505,0.019435146614868178,0.025109620280824453,0.025756685975085906,0.029221716680910545,0.02753024025598309,0.013858867612725447,0.02579106343794883,0.011692160368391404,0.027945998622029903,0.02380324206359491,0.03127527023883949,0.011604175337957986,0.023028268619664793,0.01923037824781273,0.006169706734229443,-0.012640830850360631,0.016808458047845067,0.01943970219181864,0.01008524659729476,0.03207512880928234,0.019127701787093238,0.0051758574353030495,-0.000576203067015647,0.0031492456323976084,0.025310247511388072,0.03961671896629168,0.0326772620263004,0.018075074765013185,0.008616511126649108,0.011413676137078515,0.03179583428879422,0.01804013878346933,0.028418177680763424,-0.01119672807264011,0.017575156989490096,0.01759705961780681,0.030353637852544017,0.014497633162569062,-0.0009089671249517375,0.0268024232795327,0.016229735018755513,0.01611880852645701,0.04454289197536069,0.016507672340494727,0.021440469759022224,0.022694754859924362,0.04359802953344174,0.02753633327499371,0.01897250811433878,0.021836129126200768,0.02719565485317624,-0.0003962762521929346,0.016064566902577286,0.015966361897586136,0.008902566695503197,0.023783804222759355,0.03222963675202063,0.02725026561625565
0.02196618627064856,0.055935025284231436,0.0516204455379365,0.023400598219848575,0.044187556711891854,0.03793436564412522,0.011754881494751703,0.03494499355539651,0.005858895508116017,0.03305987682681712,0.02063536496073124,0.02399040925707396,0.02474664072343145,0.0347867551557383,0.15215596550169647,0.06043006582476068,0.038713946478315116,0.041908866017400424,0.029093344031716543,0.06741685800474322,0.032368078023634096,0.031882093918055784,0.03229209936545755,0.041070389149636725,0.031909386457394585,0.036329805181706254,0.029638082597558048,0.04995695779453605,0.04457765012425729,0.026516009820991712,0.05043611352516994,0.037385728475432305,0.05971124827366941,0.022469477299484644,0.03584171672743391,0.04611342282362636,0.02497423100227899,0.029607878666954125,0.039095408493075426,0.04555839333353868,0.04305998916788152,0.080073295694259,0.03228614637891525,0.04775331421623998,-0.026487413325146876,0.0057479445957285555,0.05846510069441543,0.06442111446876703,0.05457007476682171,0.03153846418632322,0.01730437764784291,0.023473815286596526,0.063031041676454,0.060264598222303324,0.03858305767088782,0.0311396290702368,0.044167881866477604,0.02647114945872611,0.03912169980924091,0.03850193214999032,0.01044104966272255,0.05138513116013384,0.06091602738287559,0.146515211063682,0.05225996306427287,0.020103712676797194,0.016097732362583526,0.057005027391556044,0.06012036410723591,0.042505351788687536,0.030673588489368405,0.05280265961892497,0.06222804757234774,0.0024333701906775027,0.026601207793546328,0.05493248695707681,0.03325081716637517,0.02932924610902025,0.046011549887757776,0.03678401808710236
0.018681576162991407,0.07775983886418623,0.06078304476190383,0.041653792595219355,0.03586824072128822,0.02081784088464862,0.006265147150258981,0.04089308165071436,0.006296708182956018,0.04836889310407989,0.02059385418603359,0.02464161762315235,0.02742675664312054,0.03560290524818301,0.06043006582476068,0.42819187979863776,0.08100315095999648,0.08163349241065097,0.05953881233818755,0.07547885709543148,0.02131623761648404,0.010441885098740396,0.03235886069979533,0.05185559611549614,0.03259428409981084,0.04531077279015453,0.02271722796022227,0.05511618709829384,0.06152765930400886,0.02059291418109985,0.08289701161502375,0.0516857774295745,0.03130716804290499,0.021353857326051412,-0.012501524755194834,0.06717125863125256,0.013763026383088664,-0.015705896183357722,0.03931599937827058,0.06366138648849447,0.06377877527866258,0.10805403696778818,0.04130184928015984,0.05102684733347959,-0.05606636991033164,0.004494230069781055,0.08096070839881765,0.07738482028972804,0.06082276824232509,0.004814842892923106,0.01974023596556385,0.014573011014847486,0.09624030001417169,0.054747938061981985,0.017062719834910246,0.05461594569146662,0.02762615036840469,0.030796880332400682,0.049403172414836806,0.02884595016567398,0.011995409056009893,0.05985105517021826,0.07335091480408241,0.15175448548083917,0.08239497266507918,0.045222550429443585,0.013899228190266523,0.05204863759897276,0.0868314855431772,0.04328955942240738,0.028288800952658042,0.06085464428042959,0.09181526581515934,-0.0005815814043227059,0.03744304610384777,0.09798869146611082,0.06546102003081537,0.04271799213210173,0.04227561296204209,0.05696514318630621
0.010396561642375629,0.028395778233580807,0.048511543277894635,0.00956628858911754,0.012916119862548413,0.0068049634346156905,0.0014925406727447326,0.02664054114073687,0.004257381934109388,0.01769227839172887,0.00426404408640421,-7.175588807283541e-05,0.024232865186770872,0.005976380593439506,0.038713946478315116,0.08100315095999648,0.24795381917815204,0.016033003151067086,0.012028860996555755,0.022243967367252652,0.0218989711106107,0.0004869173624980593,0.019778509204209354,0.009583297958568847,0.004743184810114541,0.02204857173314879,0.01502296505596629,0.037100557901203174,0.021202877919350556,0.005385999919684432,0.023877932586175692,0.01916532178207866,0.026573548079762536,0.00706434544400312,0.03360137538871844,0.036132128527494825,0.0003818659478019771,0.03597500233179535,0.02426371199184211,0.02148677423913356,0.02754865201091648,0.059085997724468646,0.020516703977780378,0.038017331030861586,-0.020740591195005095,-0.004507796764125367,0.04372219468574211,0.0126427390621369,0.03157026635620639,0.0021365532771571633,0.017822123378090346,0.011922591428223158,0.064404400944116,0.05044052737632489,0.01774662720701366,0.023980115426469124,0.015265035835870513,0.021708844568543113,0.02641519922586782,0.016784422363265647,0.0023390550592924174,0.01986850777208711,0.0420679682843222,0.08500719230229617,0.049689874111707916,0.02239843268448237,0.003033738785839145,0.04268024921035191,0.05570772245456991,0.02244192884921472,0.01520649451951407,0.025225579109680915,0.03264647108472364,0.002399175925279623,-0.00217096020157116,0.04030942674516232,0.025498328792380037,0.005387522394100328,0.01331983260368428,0.0357494809432471
0.005355027365790055,0.0447390913286053,0.04372970091474146,0.01778380485148184,0.018201823902144757,0.019815450652043008,0.003136024576783382,0.03758896025056695,0.0006785805169829456,0.01393682135218996,0.006465291793121768,0.018383688767375114,0.016062538834111455,0.0327470099457801,0.041908866017400424,0.08163349241065097,0.016033003151067086,0.2023694069750586,0.02665600410078972,0.05165834359507527,0.025523423010906432,0.020176672119461097,0.021854080233926293,0.03228510030151375,0.018685588163505275,0.03311979053649252,0.022811242368173595,0.025653685318865242,0.050301477609294876,0.02067454961192307,0.05826867809763771,0.038801840001538794,0.03904147132790659,0.011874135659255217,0.02025269181571148,0.03545154375063864,0.014079348633409514,-0.04333540530991149,0.012035835875393286,0.034561505457708204,0.024458891800916382,0.045217627233342814,0.02279351670830726,0.01967800492559711,-0.02094953322211149,0.00047216437548813756,0.03849795354360585,0.06016929243762822,0.04724515264614598,0.014857487835621944,0.007423036266721138,0.016101914673795327,0.04369331427858892,0.0486642464429563,0.03330245063643854,0.020497633679185855,0.02974670683255651,0.016212489905629037,0.024006493169331296,0.01946211301967462,0.004217276293682803,0.03775238550542747,0.04008755017068947,0.06998630793401008,0.0526337814040518,0.0247006170218451,0.026632704763578027,0.036368788674468217,0.0548584229018286,0.04911877867670102,0.025088821271329463,0.05002362161891074,0.06759233731113697,-0.00032534541249239896,0.02057808685660027,0.04177208799195368,0.016745674479780294,0.027265918547515065,0.0404314185374983,0.05338409376918284
0.008746497016709126,0.054360888349139644,0.017455171932329816,0.022838330897444477,0.05309724231485708,0.01682300071380976,0.022185902374444975,0.018566324976643775,0.002710616705490388,0.026879977296750016,0.00904104501331908,0.011450754015135945,0.01748086483197256,0.025756596120868412,0.029093344031716543,0.05953881233818755,0.012028860996555755,0.02665600410078972,0.10412369445346141,0.025499539187958283,0.014792049981908558,0.013475334136444235,0.024959000295398336,0.02762938985752493,0.025806301612172493,0.030611895467152206,0.0151186327798821,0.013914431672209529,0.027614066757333747,0.017150257601285433,0.03353091625861306,0.024676617147785622,0.03543681733844031,0.0126688139486691,0.012002089478833612,0.03183218654332186,0.017183137510182328,-0.017192108454116024,0.018211255602370864,0.025788412180780092,0.014572035468702565,0.04468971084841714,0.019309411161568143,0.0634675573197016,-0.004182479509764161,0.003195856207496067,0.0333972335027619,0.034058602815563825,0.03944923120540085,0.012147187213501786,0.011710656804288486,0.01066215325569354,0.03142050537466016,0.03596261608896295,0.013602247835233887,0.02593301490613598,0.013785634531032001,0.02020209118905691,0.02043676723295229,0.017259268121796865,0.002466360589758943,0.02529896635868969,0.032319997568532884,0.02782479078880008,0.024528772804944195,0.04155915921319654,0.019473489598396572,0.02472257221451895,0.0609695422660109,0.01785804639976298,0.018529403783680367,0.028197831690275815,0.023895001873118483,-9.10477604094363e-05,0.030314970880378395,0.029870566518503557,-0.0002660612371953668,0.03287516808585184,0.024796226233601178,0.03028809357718572
0.02749564785547116,0.060347403114555956,0.086204074912894,0.0345538078205998,0.057499449049659354,0.026050055385127304,0.017734351747631993,0.029507575986694283,-0.0004802779481970993,0.039180631995767816,0.017069108285768804,0.020610709877186658,0.028144431471606793,0.03206096260196204,0.06741685800474322,0.07547885709543148,0.022243967367252652,0.05165834359507527,0.025499539187958283,0.23357387476794642,0.02938002193229482,0.019128838499531453,0.043367228649623814,0.039696819729313056,0.05273992642922868,0.047574920634555526,0.019933084814247482,0.03819813186481278,0.04314704824414887,0.027800938004818556,0.05364303096958439,0.035787430244072355,0.03682347698705024,0.024646699838942264,0.03242759236311602,0.05184159761823412,0.02294329789466195,0.007581061625293109,0.03782550947067771,0.057593997820807326,0.021172642692416727,0.10104647494773196,0.029739885117921246,0.0228393593023775,-0.049224918476515084,0.001671280662816007,0.06199951246234318,0.07240260408164272,0.05173794823441668,0.021646194614922232,0.02202902050625273,0.025003082336600386,0.08202425132229899,0.07832721579816049,0.03129517217240582,0.03399962848735079,0.032273016395930935,0.03185400615819429,0.04220307915988946,0.04272419823803506,0.013523016279151841,0.05723739001512594,0.05366417803178134,0.06070795131512164,0.057892166864519624,0.03176984970182389,0.019674810438145056,0.04518821478491489,0.1698978555668192,0.03692984574144014,0.033072197512794756,0.05949201725283302,0.06876546363908174,0.001873336371222436,0.026418778028252144,0.04316799738592689,0.02358904562522542,0.03927986769317997,0.05217084591867096,0.026815866550412123
0.01638824814677595,0.04217409460742664,0.04560641146534967,0.02034980282179146,0.01755349271282493,0.014154877057868758,0.013878779871905604,0.020778203928764474,0.0013108073034677487,0.01662882957001067,0.009674300547620026,0.011399032243239491,0.0215607356301636,0.016924837386693176,0.032368078023634096,0.02131623761648404,0.0218989711106107,0.025523423010906432,0.014792049981908558,0.02938002193229482,0.09044970099733414,0.01047698280390052,0.02127816840314057,0.02091635147134263,0.018468390669759426,0.035448762109332316,0.014224597165290037,0.013421689791757677,0.023208365865793446,0.015528883787352506,0.028314301707364042,0.003329311812788925,0.020552817939881205,0.015988356842826186,0.020919172306571105,0.030668211020122158,0.006174979639733795,-0.004260848898910302,0.019078809500772398,0.029301684251891162,0.012288656251106797,0.019491954615889467,0.01850128025291836,0.02421147053641035,-0.004899935012950181,-0.0033481464497247845,0.02485602499956802,0.045153493140181376,0.030129095006508448,0.009430884901635631,0.010184895811592012,0.00904301818547867,0.048277043945373764,0.03578686340326088,0.019105288160314374,0.005083721198082582,0.011639127062654233,0.027165707625508573,0.022663451433369165,0.01793725988970353,-0.003781004072498099,0.0352575996503927,0.025954281365844867,0.04455510174051133,0.027860299525451764,0.01125796122704471,0.014152002381910835,0.03198797614898123,0.041434480070333964,0.01845137702433822,0.026955457570250696,0.03483246223491892,0.030081088514748923,0.0012808485679595399,0.010996742873633345,0.023665188686062114,0.010607273510209675,0.01833139787356215,0.021989555027470763,0.04138733308095493
0.012468642676704668,0.01248701816349452,0.005077854498494266,0.005452470972679106,0.0066725478228769446,0.02871371049082295,0.013774132021078186,0.014801664075796861,0.001682802178208085,0.008612825192682874,0.028658244547792318,0.025149004757767893,0.014187390344513637,0.018728083332202505,0.031882093918055784,0.010441885098740396,0.0004869173624980593,0.020176672119461097,0.013475334136444235,0.019128838499531453,0.01047698280390052,0.047147443241709434,0.014336950063071913,0.016674232932442298,0.008366342396282802,0.015260181812557396,0.015517623952474758,0.01573406932791381,0.0048794643587206435,0.00949033051010496,0.02159722259851467,0.013862707209716711,0.013800694713213527,0.013953056708224488,0.008362170030224058,0.01641469196718856,0.013494314131656126,0.0011616708374349316,0.005220533783715029,0.004880005234994331,0.008994045853451696,0.0093647726862095,0.01754276526414922,0.008167839343617743,0.0036662430344730893,0.0064519548165903485,0.013637031084110183,0.014785598336425539,0.012866519529456867,0.02880249703002207,0.00811073169356806,0.01672431858034329,0.023305171187733,0.011975077444676232,0.013859212739411136,-0.009900605937427453,0.022673689709713594,0.01018300532135487,0.008646591589575783,0.009729176062847776,0.004509064765438798,0.012316782104850179,0.016967968186565006,0.01174204655433717,0.0068298331399122576,0.007474149448498576,0.013550391072976002,0.013456423753846909,0.07227880872128811,0.008659911293837494,0.010011796406385892,0.00461200342616066,-0.0016207097305408647,0.0006637813806151807,0.011993439045803165,0.005621438073167418,-0.0017863352255962591,0.009617258048440156,0.013305289877140422,0.01661408164951879
0.021676366602998178,0.0416006638252169,0.02728017509027544,0.020712980741977933,0.02010164941108465,0.02096611729575318,0.014780494063531631,0.020956193666980132,0.0007050974275976927,0.026805153685012375,0.015544244477429437,0.014548445694991722,0.019282727008532393,0.019435146614868178,0.03229209936545755,0.03235886069979533,0.019778509204209354,0.021854080233926293,0.024959000295398336,0.043367228649623814,0.02127816840314057,0.014336950063071913,0.05445814021961199,0.026672736848701174,0.025060050225781224,0.026378988967089,0.020830491546660414,0.016999415923669766,0.02747157405826511,0.01782873828306037,0.033610041630422034,0.025965381617739744,0.02240124720294781,0.019560771271195855,0.015204110557587778,0.028351447856162726,0.015161833917072135,0.010742881452530384,0.021662760994396298,0.033401208369263184,0.018369370783301676,0.04498705488567936,0.02561077823244619,0.017683383598347813,-0.01111458469603307,0.003180622909843917,0.03407047472790563,0.035914414884837334,0.032172699375906,0.014577670788360628,0.011096093666286156,0.013257105244198382,0.04358613662239652,0.037312878909965375,0.012340828509406914,-0.0005528976515779573,0.008907367790251985,0.024034060487376028,0.02456514221017059,0.01737089611781141,0.002907998270232377,0.026655332909208816,0.03396175352542637,0.044706495450256796,0.030898256704734246,0.01947734358671769,0.017528431452094213,0.02933968773881745,0.05670887062759874,0.0238415895751249,0.023225218777992995,0.029714349282318385,0.030666866915697966,0.0006882160212517168,0.02258641823185789,0.02948761444780888,0.018052326918753865,0.022083465048051698,0.030105442140389568,0.030537979685930115
0.016851974946575827,0.03794327480159726,0.030682914485986923,0.023611956799743025,0.03212944171253646,0.0212185786389958,0.011132616615658475,0.028422892253745027,0.0011590708045708545,0.018611016179680407,0.017307690000148427,0.019165035473141377,0.02168516549906208,0.025109620280824453,0.041070389149636725,0.05185559611549614,0.009583297958568847,0.03228510030151375,0.02762938985752493,0.039696819729313056,0.02091635147134263,0.016674232932442298,0.026672736848701174,0.05837109338979443,0.020258234201226865,0.027999496489065297,0.017655187643736643,0.022723509023260813,0.03266122111250469,0.01929615441847043,0.04372010643552078,0.02781464082221385,0.021869853147211595,0.014457220950853594,0.013055468635422268,0.03759792732788587,0.016508120664876707,-0.005798236388599598,0.03742887547148926,0.03395280870909925,0.0234840431032411,0.05601684842549845,0.027569135109878816,0.029366054277358725,-0.004500625994427961,0.004310672921367455,0.03142633300558869,0.042665264146286096,0.037151425991691966,0.015278171421555155,0.011726876948391628,0.015800706633502533,0.0550247713613219,0.025303587393868412,0.022381700233975205,0.004038250471205063,0.024636109284608895,0.018387698034937273,0.02172648410260518,0.017680350322061774,0.006103400722637623,0.031690819679653676,0.032004513498907955,0.02919681953383432,0.028700223706421762,0.02280363973326026,0.016616681963577365,0.035810104242192234,0.08613933258264014,0.029014104871425608,0.02574932910372946,0.038491930690658045,0.04962528257663284,0.0012082174626651427,0.019464998905660863,0.019826041446557117,0.012288906472351813,0.026650466021577418,0.03385864395649809,0.03136377684968037
