0.44638242500614467,0.04377276457797474,0.0480868150660818,0.014362243818785808,0.0628476338021164,0.0034064806893267753,0.07637086504337141,0.055911669908715836,0.06743279493680607,0.053485898559923,0.03333935264165322,0.03067420714394347,0.02795848370076189,0.051508738467001006,0.0674887473230237,0.05941786998743956,0.1428131299610409,0.006397896163706359,0.027150182905683138,0.036372549663274654,0.0321080639584481,0.04253886237786633,0.0714255448391312,0.13708211448375793,0.049835232253110116,0.03602402568082772,0.11880806740198661,0.05821757818161102,0.07660436886212024,0.036205774639018744,0.0759676152566718,-0.003141551151103094,0.058747841049788356,0.08802951643991593,0.03163151788919833,0.08629053145323279,0.04746509432750688,0.03045601117391828,0.04423033507484262,0.07471904333187435,0.06717833569637847,0.04165643408352994,0.05365004310245619,0.04728075911192859,0.0480537914278406,0.05466858715032674,0.01956532627555975,0.07578934941782337,0.027161480226641686,0.13898026697338356,0.05579005431556233,0.027756295461271643,0.08839519939639709,0.07294476629276264,0.08008251426251141,0.008631823584161494,0.09388635801814874,0.04226955855113448,0.00538121728628539,0.03707238380686403,0.05403614838865603,0.12158072312931904,0.061804902978706056,0.02769053555459643,0.13468339709930957,0.07279645136506055,0.05346260138362561,0.0723289161171031,0.03973437628621464,0.026641195786918256
0.04377276457797474,0.11738284449928521,0.021872304557181924,0.009560513228159503,0.03737179106615559,0.0011499338279813808,0.04018888692654513,0.0390026912370049,0.027862853818671793,0.024389309301613708,0.00696764866964518,0.006869341887488595,0.015489380880155706,0.016876988542594114,0.016997394769845103,0.02622333881205495,0.03853840813138236,0.0156444947979046,0.009449614215798138,0.030008159284633535,0.01214367453909783,0.015486246235171173,0.03271651625468723,0.07864381494899506,0.024176997838727312,0.009638596799273801,0.04668422033155584,0.02997567628433754,0.03246222106167454,0.022687068351751452,0.010171522445176748,0.008544994972417563,0.01236414986190655,0.034382883695729734,0.02357454175800243,0.032332307025320334,0.01999106346558448,0.018046231959978492,0.0160284400064288,0.0381695174239267,0.02619982202222343,0.020172100408501405,0.0325048673590307,0.024004504371463647,0.018089132483379115,0.04731383554588626,0.014359056893675028,0.029626486556589646,0.013548802449390787,0.02963328270040028,0.015704436565711008,0.014921313111655352,0.03269282305507778,0.03444793207054834,0.03153171560550582,0.007685866380453895,0.03625879777714684,0.028291434499595352,0.0005610402406838284,0.023787716982576004,0.018039138192109044,0.061474005585909736,0.0388961358222542,0.006417612584427764,0.03909100813589394,0.033072102206938,0.020654601625082578,0.025467107455741256,0.022354171577093962,0.003937735313218874
0.0480868150660818,0.021872304557181924,0.08073936936766188,0.01343446107944805,0.030939246957327252,0.001223060257892601,0.03788713692650724,0.02363612515279056,0.04880995181423128,0.032095815483856566,0.01739685844796543,0.009641237914126893,0.022401517720885528,0.03317748287849018,0.03382633718132668,0.03369075926803891,0.07554817873479952,0.0046884774731882455,0.018234103482017032,0.04204487247893131,0.024109921805896356,0.02860378857179945,0.029202591913264405,0.04390031776654009,0.05055699481425,0.02539678156933284,0.04797440112839367,0.038918706463734624,0.04710176752520921,0.040605104198007703,0.03932765969532082,0.031083543656699093,0.04388642149319922,0.057676572596024184,0.008206264981785703,0.05660383744266376,0.028440550642774436,0.021159164272966546,0.024760995259258248,0.042720215078841425,0.04634267545332433,0.020606118873812116,0.02879226334672282,0.02648189311910177,0.024289320400606263,0.08989538608035766,0.023665990061081457,0.060285789901521385,0.01973898423483944,0.03616380538982296,0.027629219700018123,0.015712803007579497,0.04870672093348574,0.033563686714691676,0.04882578773613157,0.01079355736234646,0.04880588336829593,0.02429338350259612,0.005608769225792861,0.028247133728361254,0.041637764550102194,0.10986488218960358,0.04682123871977852,0.014382158975405002,0.055075041492592104,0.036670669753955144,0.03594788972483171,0.029461880221566775,0.02228228034539936,0.020263169365276508
0.014362243818785808,0.009560513228159503,0.01343446107944805,0.049550631371858056,0.019530434670603083,0.0017566051412107988,0.016482819523798143,0.007733056760638377,0.012582575076659084,0.010637712537126982,0.00997641922417203,0.010761114977093283,0.027840607024299253,0.016414658742866052,0.01080122816457957,0.018547170776164336,0.017769473528574487,0.013236495885700302,0.010862112804306734,0.025761926981203605,0.009187605407373714,0.011393040161642894,0.016413904368272635,0.022444433741989105,0.027580056714226243,0.004781833431518788,0.02229837867628199,0.012082825524153023,0.012561156853805901,0.02460213846844326,0.029164137563852,0.028048968403926774,0.0068068670118198215,0.018218610383358817,0.011793896632767935,0.02488979125488191,0.023699813304651256,0.0042716637174628575,0.012765308740289041,0.019413786382119713,0.01669586821622261,0.018427846090460043,0.010126287135216233,0.015014600641858682,0.018619497617105487,0.015727466228095042,0.017141735945938357,0.008508084451071322,0.015540173171463664,0.028127191769043183,0.011297283599482535,0.014658439387114919,0.012344485671666393,0.030136677891959503,0.027087965425887612,0.023414994338376665,0.011373337544787664,0.018679357719954187,0.009349806365503222,0.01673422749761177,0.01323378917184282,0.02652775666038306,0.010557940064262594,0.010792389070409162,0.021945628240766013,0.019900394731736333,0.019923519284838622,0.022794346835724164,0.009607631645922774,0.00447787489942024
0.0628476338021164,0.03737179106615559,0.030939246957327252,0.019530434670603083,0.15826392131534123,0.001710814305875876,0.04506033732059721,0.03379091889336001,0.028172371929580612,0.023439462376455066,0.015834354162652702,0.01973089377440155,0.021263102820014982,0.01402433472234826,0.024329676372196716,0.042066985047646,0.06465251196239678,0.006054292345142763,0.016440378001177258,0.04607832705858249,0.022949195882055986,0.014998354974891416,0.0323043400084986,0.06632563872357768,0.044221857304918614,0.010673431717489636,0.08212694189564593,0.02851150510810129,0.040985730019693155,0.027372583702276604,0.047424538881242956,-0.02233601567305577,0.02978930371714365,0.03721738329999684,0.023676352081486964,0.04042666216884933,0.02128711384667246,0.021079178135232326,0.030414466742932238,0.03910032902437686,0.032029911157998095,0.022473331917803114,0.03805429481819445,0.027109373120823132,0.02856285436956878,0.03765950790727427,0.014179791628052982,0.025365162955271452,0.01985631800557209,0.05323939266627365,0.025246661912223953,0.008388389243897199,0.032269038107725,0.056086831679377384,0.05911048013870426,0.010669371943976252,0.0541151228668435,0.031830793123565626,0.005686964898031303,0.03715063041108174,0.022598119517118338,0.0567564525396079,0.03556795533074714,0.015167801869145148,0.024109688275131644,0.03237618126091605,0.04288787858519987,0.03640361779121377,0.019913505881437914,0.013194287629114133
0.0034064806893267753,0.0011499338279813808,0.001223060257892601,0.0017566051412107988,0.001710814305875876,0.008327123294053882,0.001277397158594762,-0.002642546878234533,0.0030086627648376173,0.001811029097859226,0.001552240145434677,0.004118973894152277,0.002138418108823119,0.001050965349573137,0.002458504529100393,0.0031454394141740747,0.0064803231687029705,-0.0002804052110821471,0.0042011429863533425,0.0024630543034298022,0.0025594018864687085,0.003137657982071205,-0.0011591016814792804,0.0040597287386705,0.010674498888190406,0.002385812257868421,0.008468464878208851,0.00207441358840523,0.004889120665899997,0.0005770993162634921,0.0038406723215413364,-0.00340390194342414,0.0015074272579531861,0.004817920015880735,0.00018471461140250886,0.0018766102995326505,0.002642111077750147,0.0011716629262104024,0.0023944061683586365,0.004447795654703617,0.001097491133001366,-0.0038308983180782245,0.0018812903406984513,0.002625579620612862,-0.0022036866176710686,0.0018402815854379293,0.0014685166284684366,0.0015764120026803825,0.0021251325677575273,0.008117868247197057,0.0025847933777576873,0.0009621199215448351,0.003253368933112552,-0.0008454820241470358,-0.000481423282383654,0.001383461772671462,0.002541079092015056,0.0011163587170939814,0.0009475989609624024,0.0016212962103321512,0.0024269308692241418,0.00911433080582666,0.006057397219820512,-0.002444490776925804,0.00823972210090655,0.004225482790168591,0.000967272062765539,0.006556702913149599,0.0027482127894046275,0.002676403403609805
0.07637086504337141,0.04018888692654513,0.03788713692650724,0.016482819523798143,0.04506033732059721,0.001277397158594762,0.35017830490533197,0.026390584630708626,0.055952302041040465,0.03402124601257916,0.02690289505320546,0.02495338971351024,0.02772909235633195,0.03037027763285932,0.028011520235227332,0.04987222117314859,0.09151146618431864,0.009442748582218202,0.0227646499797884,0.05929843701590011,0.02385628116292121,0.024262739400129196,0.05490915321358299,0.0673440760190531,0.043965196739728984,0.026294930647873957,0.09971347356645985,0.04955746431931663,0.05403917418537027,0.017093958635983737,0.07147609491661559,-0.02461624920745102,0.03812418568296241,0.06893895876943007,0.02870536695419093,0.06049449254890838,0.052000905452566124,0.0408273250070525,0.023883204516705104,0.059642664007147135,0.09063024275068957,0.03252294573323516,0.05033151751562498,0.034935809087936864,0.036077868269966985,0.05513499504590993,0.020943380292305268,0.04610864504934377,0.017238388389736597,0.04351502676321954,0.04639490082324334,0.027303386037946194,0.0532019436783159,0.07132322166537397,0.08014117010283499,0.006265378631660529,0.04482297688814034,0.037745818916526216,0.01597178515649822,0.0324088099491701,0.027567796481958035,0.12677420717722795,0.05439203625467508,0.021689719253546198,0.06234122949667513,0.04801877773932586,0.031207826697072047,0.05619848402057001,0.03303540929447243,0.017715651336975696
0.055911669908715836,0.0390026912370049,0.02363612515279056,0.007733056760638377,0.03379091889336001,-0.002642546878234533,0.026390584630708626,0.24303591372645922,0.03431089339958938,0.024937338956066014,0.010128826642789633,0.0044766610515974345,0.00400629379704811,0.021767944307202372,0.02724936156062036,0.02691226136385815,0.05509898211129448,0.01970723589940209,0.005756499708157066,0.027291193076702625,0.012952007806326184,0.015782010943543315,0.023053336929015213,0.0951760703431201,0.06428649532080337,0.003165687138357331,0.032980568063739384,0.028265117143335447,0.04995808477085692,0.034927548619343635,0.022186720660004683,0.023647416866629196,0.026996893001649973,0.02954929314286858,0.013606968546110227,0.040107689037766896,0.0031529932562029063,0.02684807190286732,0.019132666425049613,0.04642690747821671,0.030333770079704458,0.02359726045058472,0.04359302064521667,0.0235917528618984,0.030204049600892503,0.03130933868093671,0.018296480699303324,0.049822814400489565,0.024987588798999223,0.026485722774942596,0.024065275895326848,0.00229955794030476,0.035670237764462195,0.040950713180601665,0.02061684371840911,-0.00026918534542886457,0.04365054155102754,0.0347792889309968,0.003684395973398543,0.014044264440792998,0.019088671623878055,0.06816376495660628,0.04313050652491105,0.02139960325114305,0.045950430036451995,0.03619588218775438,0.03786840558219749,0.02422544684773514,0.019965609170366935,0.013973808612002904
0.06743279493680607,0.027862853818671793,0.04880995181423128,0.012582575076659084,0.028172371929580612,0.0030086627648376173,0.055952302041040465,0.03431089339958938,0.09633239837063748,0.04597510294460325,0.02831039169720779,0.014241552586782415,0.02885722935117202,0.04333665761935824,0.03895219500789781,0.0452127697781462,0.08866597713547902,0.012692501873262152,0.025147251174790344,0.049808148355719964,0.029734372480191402,0.04427487866033244,0.040496943025358445,0.07771804913773299,0.05930827411794182,0.028641875864957048,0.06789969423099193,0.055358258582884075,0.058822362578487754,0.0440512691128834,0.05395125152819784,0.028143455156890297,0.05573124678557094,0.06995285550296394,0.019510380854333677,0.059424453908270204,0.041699209348171735,0.03611601504297262,0.02736503486581983,0.06300127116943041,0.05835255042574716,0.023422312242738993,0.042651746334836184,0.03989792634820749,0.03217595820274199,0.10322856985416828,0.03011016416727879,0.062115783091198855,0.02616706203870778,0.05456623037560571,0.03944864793584483,0.024916148593217623,0.07064643667386368,0.03587564478495109,0.06236391537399742,0.01041890638946449,0.06877562602437615,0.03116794279194475,0.02133171791678474,0.034962369075935945,0.05635612490875441,0.09698053837286945,0.06018884083853573,0.04259677562134437,0.060762075824805,0.040327794555282584,0.04920115317650315,0.026125952336884133,0.0411936283676205,0.017286945517577444
0.053485898559923,0.024389309301613708,0.032095815483856566,0.010637712537126982,0.023439462376455066,0.001811029097859226,0.03402124601257916,0.024937338956066014,0.04597510294460325,0.04828448105600466,0.019950478603980908,0.013905696312278963,0.020744007770993365,0.028960524353171462,0.025321862031640944,0.02769914686196158,0.053214722569238954,0.007945361976232792,0.015322636504050283,0.032581684055645765,0.02325572935491947,0.029012957247196398,0.03056355062401495,0.0537295407990106,0.0346248403739701,0.02062418115743407,0.03558895879206358,0.043697649599420435,0.04207551624743469,0.030307502807724672,0.02805701600687099,-0.017214117636794868,0.03346935150115098,0.042350334203820734,0.017325922268095772,0.040157524363658076,0.024040161262354174,0.024478293421171884,0.019487278860103246,0.040344769086,0.03770706883630316,0.012902222178945889,0.03215844575368766,0.025436264149799357,0.020573710153866512,0.06439672482832132,0.01680509803966994,0.03626749197420723,0.019644479616192336,0.03817962741525743,0.025517988620533977,0.02168611880252135,0.06493934609597332,0.028259477699898658,0.042876671350937555,0.007507227708054119,0.041207125196806776,0.024514066146927662,0.011225008584389322,0.026566378850236275,0.03719801499872976,0.06540471919985863,0.03739257507305114,0.027562788001247757,0.04123206304690986,0.039757556378208124,0.0350908070068805,0.01950437033641371,0.03466277591682365,0.008410012295425933
0.03333935264165322,0.00696764866964518,0.01739685844796543,0.00997641922417203,0.015834354162652702,0.001552240145434677,0.02690289505320546,0.010128826642789633,0.02831039169720779,0.019950478603980908,0.046181575281051275,-0.0015530075528896476,0.015451130395755654,0.01848384324525174,0.015508349228308349,0.023719685267117867,0.030924846809245492,0.013331422906760673,0.011918634428165029,0.018030205073815125,0.01942759792132375,0.018292580144410226,0.010350632759113248,0.03691190900683529,0.026837104790195947,0.011491933049112344,0.024675680600329437,0.0250682440918449,0.02415713157620888,0.01874206177615111,0.027422626702296702,-0.0018770512579671613,0.022076950097023994,0.02000467478862005,0.012400463794963438,0.028095345716212097,0.01827097128425591,0.010845810528490697,0.01583180164008544,0.024723799542854197,0.02441398554829263,0.010055673010593534,0.024266751135029806,0.01923656550542667,0.01179625241642397,0.029792562333986177,0.011468875550723779,0.019172405187033736,0.01087497650554552,0.0324317717054911,0.022140531985639818,0.013396076584460712,0.031224723021861515,0.027460730042251368,0.017466244396233243,0.010608789349211676,0.010032289976688584,0.019881883941155278,0.009490176000342961,0.011655450784228215,0.02701677603946757,0.034022802687625246,0.020012352952002647,0.012418328666607092,0.03689536713263784,0.02570826453754584,0.025976064050916105,0.014501662396215167,0.018906805812891156,0.008906888752960505
0.03067420714394347,0.006869341887488595,0.009641237914126893,0.010761114977093283,0.01973089377440155,0.004118973894152277,0.02495338971351024,0.0044766610515974345,0.014241552586782415,0.013905696312278963,-0.0015530075528896476,0.11483066878040026,0.012027230447522205,0.01434619979614665,0.005587459090537384,0.02119688681382896,0.021069344724393424,0.00806993046815874,0.01931381561328956,0.009634628133954812,0.004796228731335454,0.011209513252488949,0.010334123540801472,0.04348949145205512,0.00868089625587779,0.0025759222567114355,0.02378148227443569,0.017771602682173513,0.025351157794826107,0.007623809170775631,0.012844176741758381,-0.0264342673328797,0.015900563571804114,0.006803440192206933,-0.0024596820189563737,0.002693071340107551,0.008650820736093138,0.002901023833473327,0.013429145613263417,0.017568019335908076,0.012826101370157706,0.00018001784615044898,0.015659034946708485,0.007041903732132939,0.010335645951152158,0.024178677396696678,0.0036079694098891356,0.014843014408290925,-0.001190716507834507,0.013762263068903427,0.014837945385828716,0.00978724209949701,0.018903678783050583,0.019786777527303626,0.019764757638837685,0.006553869538090158,0.033743462311751106,0.012739661612393406,-0.005331318721497632,0.01074298513184437,0.004211884632902612,0.030425635388962313,0.016246468445512415,0.006341088120567389,-0.0152627715048577,0.02040436531586989,0.009792761083862856,0.013303756270846083,0.002368227509638138,0.01795566096150296
0.02795848370076189,0.015489380880155706,0.022401517720885528,0.027840607024299253,0.021263102820014982,0.002138418108823119,0.02772909235633195,0.00400629379704811,0.02885722935117202,0.020744007770993365,0.015451130395755654,0.012027230447522205,0.0838173531130976,0.02155377573106185,0.01583946835535927,0.03325313929999846,0.047396488499287945,0.00891775260137114,0.019274930616215054,0.0364234452268353,0.014233381176701013,0.022278418469175137,0.025398467354215092,0.020606753747877644,0.04612234032199246,0.004838024452673978,0.025600088551322637,0.02519192481292102,0.03306340535250268,0.04727411279050169,0.03942881396293699,0.020823910998620195,0.0203737142392255,0.03884886305026828,0.02100761073966089,0.030067534303547208,0.041078180586367065,0.013372730235501997,0.022257620487446388,0.02656778154656876,0.019838746404192087,0.02137765731797856,0.026388211726642855,0.017448542961204072,0.024738186952739986,0.03849280189589528,0.021826483637017603,0.018183242363482538,0.016667345642481422,0.02972544438138948,0.025185854257593773,0.020493855841875463,0.02713444563554479,0.03683942282176636,0.041274562529319506,0.018844550143591737,0.025451678053809816,0.02346468171266099,0.013778377554226562,0.017641617197594887,0.02986604235513426,0.055156865566670966,0.02517837156799523,0.01216691461793779,0.06627439874139943,0.02829331087194768,0.026240770530195492,0.030731121219890144,0.021543944421818405,0.021406693564792568
0.051508738467001006,0.016876988542594114,0.03317748287849018,0.016414658742866052,0.01402433472234826,0.001050965349573137,0.03037027763285932,0.021767944307202372,0.04333665761935824,0.028960524353171462,0.01848384324525174,0.01434619979614665,0.02155377573106185,0.0807803528580469,0.0297880315755781,0.028267692132336996,0.05290822709387184,0.0132104961727269,0.01984685481960314,0.036354705009268226,0.015793357086031728,0.028455405675264188,0.022675417605292437,0.048853708428154015,0.053371394952399225,0.023081960951321187,0.0361977845946461,0.03353414331477759,0.035029741524406084,0.039933700158359474,0.04393367805845993,-0.0020142113901097532,0.02927544413522786,0.03875639785505563,0.01563985607921121,0.043950949562753194,0.035029046836261464,0.019412798272336183,0.025635874120190662,0.04400886708326035,0.03560791492180203,0.018498154715638853,0.031830231977519656,0.029329173255126982,0.029404429399753403,0.05434689494669929,0.020705285799972814,0.035132355277655486,0.01980708739584193,0.03955869407609577,0.028550076626117152,0.013104806929265772,0.04741630846227397,0.0412719354650035,0.04563756912915518,0.015326979620918918,0.05792994810185619,0.023754894939017206,0.008751135846434176,0.033522354444907906,0.03428754928249196,0.06112280174080932,0.03573728050046164,0.046801514204736695,0.06154393179999776,0.032121380163865065,0.04840374046188012,0.024880592552682483,0.02352755687639501,0.01516240475787952
0.0674887473230237,0.016997394769845103,0.03382633718132668,0.01080122816457957,0.024329676372196716,0.002458504529100393,0.028011520235227332,0.02724936156062036,0.03895219500789781,0.025321862031640944,0.015508349228308349,0.005587459090537384,0.01583946835535927,0.0297880315755781,0.14880787907457965,0.02417457758313437,0.05713760516744506,0.006013235109517076,0.019226454572315504,0.03699515150360435,0.023379840931737388,0.028775606961235906,0.026349472505431275,0.05703963827292141,0.035484596983121605,0.016612863288894594,0.02787547670696663,0.03311274764750774,0.0389955322592658,0.02429615415198047,0.03697493071428108,-0.0011400554728916382,0.01183144995854111,0.044222400034545556,0.010252731884497652,0.04957561595390621,0.036730067711018964,0.02069644936560846,0.01639561261627069,0.04574422866778843,0.0358804285304114,0.01601749954314585,0.023214332368739838,0.03255844788314903,0.0179826083647188,0.04904898548254918,0.017154842298614713,0.02674156301277214,0.021540958046555456,0.0611666107739854,0.025156420527705954,0.016822274739961555,0.032903148853539496,0.034225293698687625,0.04794106535519825,0.0075137532293893085,0.04632862814518629,0.016555261314368835,0.009807126104949899,0.018502250406042038,0.02982606701221847,-0.05179106566167873,0.029177434027527302,0.005063276465921075,0.04906371389932866,0.044100239800112837,0.04572307762792778,0.020329010567874263,0.03114809935670242,-0.00812746587987968
0.05941786998743956,0.02622333881205495,0.03369075926803891,0.018547170776164336,0.042066985047646,0.0031454394141740747,0.04987222117314859,0.02691226136385815,0.0452127697781462,0.02769914686196158,0.023719685267117867,0.02119688681382896,0.03325313929999846,0.028267692132336996,0.02417457758313437,0.094074247168336,0.06668143481397593,0.005704635809187834,0.020954566120025116,0.037616696524986545,0.026947843178015754,0.024415976614773977,0.02673827747763573,0.07761624226521924,0.05961785421633468,0.01656192109227565,0.05743456043387974,0.03834863927898838,0.050799608990095495,0.04223091983713333,0.06591209496282467,0.013148885179141707,0.03933113373341035,0.03981881067189393,0.02284927020819727,0.05346745455283975,0.02800466614402494,0.02172390483212698,0.03299233062720124,0.054489365109093246,0.03780744905796202,0.02134996000616143,0.05042166646991469,0.040612405033022825,0.028077383838484633,0.06177518939943073,0.021127933520523154,0.05830953857949053,0.018027844222885874,0.055197212951051115,0.03165066703105205,0.010946556416484536,0.04433510535940174,0.06564205586444705,0.04024108914098562,0.014712307232136995,0.048676709907765243,0.03499516622201115,0.011467552074213645,0.020677555225553566,0.032383490191536364,0.08323923630352077,0.04060264386894684,0.017190164522873537,0.06470503751308578,0.042610607484432204,0.037747096576717966,0.040974546372975776,0.025083342264998598,0.023057639626554213
0.1428131299610409,0.03853840813138236,0.07554817873479952,0.017769473528574487,0.06465251196239678,0.0064803231687029705,0.09151146618431864,0.05509898211129448,0.08866597713547902,0.053214722569238954,0.030924846809245492,0.021069344724393424,0.047396488499287945,0.05290822709387184,0.05713760516744506,0.06668143481397593,0.44203299592335343,0.011591059159974947,0.037286717908258424,0.053813561559600105,0.03690753499085139,0.0633652005924553,0.04437791029109625,0.14738766116494115,0.10133388868220321,0.03336214393583282,0.17569450024143626,0.06043010364176722,0.11138122921726029,0.0917212145471446,0.09792376342571692,0.08212014391039414,0.09186804705760036,0.13100855992176474,0.024086550947668445,0.06843825601460411,0.05580389418962831,0.0586310194446155,0.037675495560959976,0.06802233732239343,0.08022133023405903,0.022532306151809147,0.05945939089789896,0.05181878308594006,0.02735987405976647,0.19041863438915735,0.0484887266732497,0.1067442252485808,0.03852948924802703,0.14634220207572876,0.06271520548873041,0.03262636186862783,0.10755003642164847,0.10827628931811108,0.12851143712608953,0.01001242990773638,0.09236093761623121,0.0547383880618501,0.008647754008932732,0.03633266663341681,0.08598770551291507,0.18937970259680975,0.10105286730736263,0.03529766942723348,0.1468150933860209,0.06876809259947271,0.06890842767940848,0.05936395230979758,0.03465071652183053,0.038851009361473274
0.006397896163706359,0.0156444947979046,0.0046884774731882455,0.013236495885700302,0.006054292345142763,-0.0002804052110821471,0.009442748582218202,0.01970723589940209,0.012692501873262152,0.007945361976232792,0.013331422906760673,0.00806993046815874,0.00891775260137114,0.0132104961727269,0.006013235109517076,0.005704635809187834,0.011591059159974947,0.07685108637094056,0.005005253014966236,0.010820811566916933,0.005675109701917392,0.0063973689251083194,-0.000706302699729541,0.016677389963125865,0.026032829393157764,-0.003656276530798141,0.010596209145280845,0.01115198529994571,0.010984473322578873,0.013308056042664102,0.014020629111109002,-0.0009420488294300858,0.00723662309355194,0.014802523378847514,0.00835306223382008,0.003719367181464786,0.015466819469708586,0.01260359623668437,0.004215548333689494,0.01297578067327007,0.01297062425021593,0.012099230070319744,0.011962858997171644,0.013465901764523386,0.007103686600452783,0.002455946246922172,0.012265914804221052,0.009891608460205079,0.01379161904246133,0.009480582602654117,0.012258348095915543,0.010982755212337124,0.013911518774968473,0.013351675643611545,0.003702948363565599,0.015412408376457621,0.013029093798961949,0.008465483715607916,0.009189174221609987,0.009657945005643665,0.012094607527482872,-0.011046949581022165,0.008397261204197004,0.0029916552352867672,-0.009250107613592705,0.018218858890109667,0.005910128361570818,0.004810210165680183,0.009447390011468559,0.005760812963704568
0.027150182905683138,0.009449614215798138,0.018234103482017032,0.010862112804306734,0.016440378001177258,0.0042011429863533425,0.0227646499797884,0.005756499708157066,0.025147251174790344,0.015322636504050283,0.011918634428165029,0.01931381561328956,0.019274930616215054,0.01984685481960314,0.019226454572315504,0.020954566120025116,0.037286717908258424,0.005005253014966236,0.05168212270271084,0.02743615144420846,0.012240651701827277,0.0162189224917481,0.014784844171987128,0.038520343783154554,0.023732801771226858,0.0075202645790724745,0.04026429364518711,0.0152345256568236,0.02543898074081748,0.030338417046086696,0.023242805537769768,0.006062295181143023,0.0208800648714701,0.029431398846619886,0.007139553186238498,0.017553076541985787,0.027951151150609685,0.01221258867344674,0.012045815392309596,0.02547428453968381,0.015233357886304292,0.003503738043987014,0.011987233531245636,0.015532523400115614,0.013446749239357625,0.049868030767664044,0.013782787926251806,0.012628138502855662,0.010556547674488444,0.022560942890647608,0.021581664127326112,0.011375153919226005,0.020200097231964007,0.03071225066690117,0.03195953391890785,0.007022397316076736,0.03260880114105997,0.01930425925347353,0.005496651803121745,0.016884292614314667,0.016012414029362786,0.0052978154153024235,0.023077298055924577,0.013401400180552834,0.02659062310202799,0.017669389217259027,0.019623626180500602,0.01938689619117828,0.01125165441090558,0.019401417772159823
0.036372549663274654,0.030008159284633535,0.04204487247893131,0.025761926981203605,0.04607832705858249,0.0024630543034298022,0.05929843701590011,0.027291193076702625,0.049808148355719964,0.032581684055645765,0.018030205073815125,0.009634628133954812,0.0364234452268353,0.036354705009268226,0.03699515150360435,0.037616696524986545,0.053813561559600105,0.010820811566916933,0.02743615144420846,0.1450839742721746,0.023896239818190924,0.03161178080086894,0.043681039155862855,0.0702488744191049,0.07926995233351485,0.024511766347825124,0.047343257382847226,0.03880021452227589,0.04451938666714848,0.03204739417962281,0.08193908993961307,0.022616311030843238,0.032640532110092026,0.059203685788565046,0.031850074119644474,0.06976494074135996,0.04188187701271455,0.03520611941027533,0.028609247402134,0.03963586121111185,0.04638489310800468,0.019859320476927168,0.0609135838522134,0.03421331241734938,0.0299820073383527,0.04821628733164364,0.02563635278191807,0.04397529970052041,0.033685995667867445,0.0653696434643548,0.03764925674279016,0.029810818782153983,0.041442124337940166,0.051822537302044336,0.05534135136040485,0.015213994092397277,0.04554949431570798,0.04567899408178323,0.013882205524988662,0.04722311455595916,0.04811568559879967,0.045221975890237034,0.04183418646669403,0.04327260141040048,0.07322155032455906,0.043098666087137326,0.04629834671108904,0.031020051875169808,0.04334193342718402,0.019312917480032075
0.0321080639584481,0.01214367453909783,0.024109921805896356,0.009187605407373714,0.022949195882055986,0.0025594018864687085,0.02385628116292121,0.012952007806326184,0.029734372480191402,0.02325572935491947,0.01942759792132375,0.004796228731335454,0.014233381176701013,0.015793357086031728,0.023379840931737388,0.026947843178015754,0.03690753499085139,0.005675109701917392,0.012240651701827277,0.023896239818190924,0.04035239471388988,0.022921376255400003,0.01956742424386133,0.048656752452479114,0.02830403600731814,0.012742895426373878,0.024937804105272753,0.027867303590297505,0.038364051634671104,0.01570553629795065,0.033707055491597325,-0.008022221221820966,0.03037309868905015,0.03251373581614815,0.011684088019021033,0.027493027281017022,0.015868185344798294,0.01760097977055988,0.018919294589754658,0.03745460249804799,0.025081834739319082,0.008101710160113068,0.026890312701499566,0.027276955503323992,0.015395499629068374,0.04829030947057814,0.01741568425354847,0.03263240460107451,0.015307895092778367,0.02919329527628606,0.01971804111980621,0.015450970459351876,0.035618584747279115,0.029757744068287982,0.0362733976290519,0.010776681331269312,0.02122852440471075,0.015033556418413892,0.010616618365415213,0.01291311001697158,0.03294953242025368,0.060151700884316546,0.026618101847322478,0.015423092518314791,0.042694007390577014,0.030582293865561792,0.029776223432749997,0.013292777689630055,0.022245253375528493,0.008039183676815288
0.04253886237786633,0.015486246235171173,0.02860378857179945,0.011393040161642894,0.014998354974891416,0.003137657982071205,0.024262739400129196,0.015782010943543315,0.04427487866033244,0.029012957247196398,0.018292580144410226,0.011209513252488949,0.022278418469175137,0.028455405675264188,0.028775606961235906,0.024415976614773977,0.0633652005924553,0.0063973689251083194,0.0162189224917481,0.03161178080086894,0.022921376255400003,0.05244280821825468,0.02289569111746798,0.04857674898207439,0.044043060959069354,0.02007021728396586,0.04488073341617465,0.034648586556834116,0.043018096098883456,0.027673436957077493,0.026010803936510854,0.017266044695829406,0.042312191097383704,0.05728695164955693,0.011129990193272918,0.03464482396656898,0.03239831124639009,0.02101698378687351,0.01870893508584771,0.03599091126815698,0.03691143040202159,0.009221465356494332,0.023208225846353948,0.026620435634559285,0.021611083056968843,0.08519404869915342,0.020676920315054324,0.05299593538025332,0.019062738251867856,0.032617432466110964,0.024063428252231654,0.018597078897276808,0.049579251125049295,0.026243343300051576,0.047697888917203536,0.00906479927223105,0.033014550729578686,0.015342475612814259,0.011892543732184374,0.022565905274877958,0.04183456521276737,0.08169921523269633,0.05055356751968704,0.02389101905461199,0.06066286342155739,0.03815218068462289,0.03271880597012831,0.017426219993302895,0.023919570615557592,0.008347602115178964
0.0714255448391312,0.03271651625468723,0.029202591913264405,0.016413904368272635,0.0323043400084986,-0.0011591016814792804,0.05490915321358299,0.023053336929015213,0.040496943025358445,0.03056355062401495,0.010350632759113248,0.010334123540801472,0.025398467354215092,0.022675417605292437,0.026349472505431275,0.02673827747763573,0.04437791029109625,-0.000706302699729541,0.014784844171987128,0.043681039155862855,0.01956742424386133,0.02289569111746798,0.13388523857707404,0.06856579709812761,0.027208205770124914,0.013586543264042933,0.0605999756091632,0.03430039896459716,0.05162193351755234,0.026199707096001588,0.01969243735361046,-0.0018653575276924533,0.023330428722210337,0.031263772091467426,0.023603332191860418,0.05452444181501988,0.020410023588201754,0.020063689173754937,0.023107520815287018,0.04655431778197083,0.04918570867867906,0.016906140390923956,0.020572498032791927,0.0305672757496367,0.032456322886061185,0.04041893476821989,0.0038173883723982612,0.014072083168398034,0.016046373009860428,0.05053002764436549,0.03570325621088686,0.017654776362018034,0.04132776189278137,0.0488939329476341,0.11638022310602404,0.009051721573611206,0.03510594876806608,0.03273594357035038,0.008522474313209774,0.02156936438890147,0.021832478260935033,0.04269264336199263,0.028960443534070165,0.01999434103555214,0.013498809512649196,0.05182511967770927,0.028037822506549626,0.023774168159117433,0.030251098840238508,0.012024265713726405
0.13708211448375793,0.07864381494899506,0.04390031776654009,0.022444433741989105,0.06632563872357768,0.0040597287386705,0.0673440760190531,0.0951760703431201,0.07771804913773299,0.0537295407990106,0.03691190900683529,0.04348949145205512,0.020606753747877644,0.048853708428154015,0.05703963827292141,0.07761624226521924,0.14738766116494115,0.016677389963125865,0.038520343783154554,0.0702488744191049,0.048656752452479114,0.04857674898207439,0.06856579709812761,0.4784523781648985,0.08472502688412846,0.018501357303276473,0.11694501211566875,0.06350761016422753,0.10869449381927238,0.03850089264311933,0.11560136776301634,-0.003189901953591861,0.058067600421401175,0.08204064976493466,0.03641455110630854,0.097584041582105,0.036843979220861245,0.041760964817252826,0.040787498232594144,0.08812601229562453,0.06971309670536259,0.017963372188124833,0.08436414511858632,0.057024852918150626,0.05325703773544451,0.1028931049429118,0.015378247455112022,0.07330619719517666,0.05176267943334584,0.07513975009633628,0.06014334639091856,0.03527730866150877,0.07662506792068956,0.08310630909763767,0.14129754078227233,0.014071201705845481,0.10078076063751505,0.07517553396587007,0.014779063383488845,0.044971516324099424,0.06849674205396025,0.15974379568825275,0.06270882265714603,0.03544586202530866,0.13022089505435677,0.09407355913089192,0.07574365683867129,0.07180382762050094,0.056803624813920595,0.053089747097291626
0.049835232253110116,0.024176997838727312,0.05055699481425,0.027580056714226243,0.044221857304918614,0.010674498888190406,0.043965196739728984,0.06428649532080337,0.05930827411794182,0.0346248403739701,0.026837104790195947,0.00868089625587779,0.04612234032199246,0.053371394952399225,0.035484596983121605,0.05961785421633468,0.10133388868220321,0.026032829393157764,0.023732801771226858,0.07926995233351485,0.02830403600731814,0.044043060959069354,0.027208205770124914,0.08472502688412846,0.44021341027277827,0.046821442940001685,0.10899344571038229,0.03305974999425724,0.05021385365789458,0.040670001775896844,0.08906086935087017,0.02607755009362668,0.05022295202988708,0.06449187684372887,0.017614086613381107,0.0831095179322734,0.03459688244579718,0.0565521023060826,0.03313412404721259,0.06292311459135415,0.05197434964331677,0.0343838504094238,0.055552256925234696,0.036673359826309926,0.0337012816167741,0.11909857366094366,0.047727085926917684,0.08043758688610687,0.04467821659661119,0.06057925183065831,0.04893764066276147,0.026015676149592604,0.05360982834351237,0.07586414748670046,0.05989526914834388,0.017533806979279313,0.036402873568304225,0.03792497624553322,-0.004061757785453924,0.0448059029248342,0.038959716223856106,0.11151480086275001,0.08665116015417944,0.031100090838443055,0.11044180192641438,0.04348004908954263,0.04301974104789227,0.04562145017940882,0.03687163566104441,0.0462657044910481
0.03602402568082772,0.009638596799273801,0.02539678156933284,0.004781833431518788,0.010673431717489636,0.002385812257868421,0.026294930647873957,0.003165687138357331,0.028641875864957048,0.02062418115743407,0.011491933049112344,0.0025759222567114355,0.004838024452673978,0.023081960951321187,0.016612863288894594,0.01656192109227565,0.03336214393583282,-0.003656276530798141,0.0075202645790724745,0.024511766347825124,0.012742895426373878,0.02007021728396586,0.013586543264042933,0.018501357303276473,0.046821442940001685,0.10892788799541381,0.007947241570883376,0.023242631852448452,0.02392748424514168,0.018721984331597812,0.02366897195414229,0.0032721100760647,0.0233997518673331,0.02826427916905137,0.009503168157661591,0.03480084924162991,0.010019982076509223,0.014411525666829397,0.014743707072161504,0.028410004257251577,0.028249217486389547,0.0059722891522077425,0.013751858369528467,0.019648819664775247,0.008495593131542214,0.047671050649761786,0.009181234029954261,0.03436347406178725,0.005931307382367134,0.037204626264261145,0.019591541440219504,0.010742684247719876,0.0338565364374803,0.026987935032833765,0.022176437411806946,-0.001005607540996045,0.0017054496845353353,0.01772361908054161,0.007573448437781904,0.02343749101822987,0.026070732169978513,0.07815938891069837,0.027720524740469002,0.013600026991435261,0.01268890380017293,0.020745124258022402,0.014552671115474165,-0.0009339648560563672,0.01979310366416627,-0.00397413772739754
0.11880806740198661,0.04668422033155584,0.04797440112839367,0.02229837867628199,0.08212694189564593,0.008468464878208851,0.09971347356645985,0.032980568063739384,0.06789969423099193,0.03558895879206358,0.024675680600329437,0.02378148227443569,0.025600088551322637,0.0361977845946461,0.02787547670696663,0.05743456043387974,0.17569450024143626,0.010596209145280845,0.04026429364518711,0.047343257382847226,0.024937804105272753,0.04488073341617465,0.0605999756091632,0.11694501211566875,0.10899344571038229,0.007947241570883376,0.5592442107950625,0.04048021398088763,0.085997192578639,0.05117163725939914,0.06728364164555846,0.03686177966446162,0.06637307447506265,0.11321210507546685,0.01152093562309566,0.054000999146311686,0.053134948118513804,0.04026267515179592,0.02919473083422622,0.058923611165895576,0.07342548967634538,0.023051459589698804,0.03679882340172288,0.06764525266884051,0.029129652250000894,0.1367603429788607,0.0374673524570738,0.07119579964725496,0.028568739866272817,0.06241679712925817,0.06664466964878583,0.02411643311458635,0.06874466530554554,0.06712578094001193,0.12302405394669821,0.018462976200309452,0.11022243665876316,0.03937669760442247,0.006103808113910669,0.04426690653801067,0.039082897824684056,0.20242766617098443,0.09356511169462321,0.034458855614858945,0.043239098644675455,0.05988827089121328,0.06743035692797988,0.08146756265706162,0.027160261982184256,0.043593754285358235
