0.04381245436078269,0.014546955740727919,0.007509404786034838,0.010255856102327382,0.010331583401746258,0.022362912191403905,0.009969306283565687,-0.0001581362910167359,0.009857941735157779,0.00893179118299852,0.012303972693809636,0.0032866445323401247,-0.010743577905741288,0.02625518535455242,-0.007491160706808382,0.010610534932170979,0.00961800563344032,-0.009556988250267401,0.009404698164897361,0.007486103134090604,0.007937609494946096,0.001023947626943003,0.009419151647538202,0.0159690784711427,0.017879128133777056,0.00010184223777596904,0.027092403851134834,0.017660169588101633,0.004884695141213458,0.010805673828201306,-0.0025574728218926233,0.024846509565529872,0.02587351410150105,0.006016726976217117,0.008107345530573391,-0.004852627827313716,0.01237938051163404,0.009364107671057872,0.024841108230526137,0.021902557353927557,0.00895007888136694,0.017523385554309295,0.004044998676751035,0.006357538947669701,0.004647560076833319,0.005882050060027929,0.010293543888171117,0.006322838916699672,0.011217221222824437,0.005357215915598458,0.012515493563952715,0.014133761912258788,0.012701519919092916,0.011730271064544107,-0.018721041942156763,0.003654677244809639,0.0033633413120516334,0.015033699095292974,0.010090537779907476,0.00845786136351284
0.014546955740727919,0.12751455527743466,0.02721741619743234,0.034029175621006505,0.03540169292177402,0.07617147777229025,0.03028521458599041,0.09076625059057633,0.06155497567281503,0.04839528519640697,0.018457573661823688,0.04890554972577057,0.14851392740885347,0.07742407984120135,0.10873673814565298,0.03902425586110632,0.0555927249348796,0.08907013354575524,0.03729554810325565,0.02991064899825124,0.05682878765047512,0.037628681514007604,0.03676776033617149,0.06816347334546341,0.05618618007812403,0.040096914757587455,0.03689160958275713,0.056486775304838664,0.04665318917971513,0.04687107880881891,-0.005381124055364807,0.026327327268627784,0.06964031376493042,0.05289441709113111,0.06869481937233107,0.12078560805530612,0.04445553130758163,0.056762533015640604,0.009484713183920019,0.03168816017314642,0.031244172196554808,0.0017014788804742464,0.029220472079597985,0.07987975347380692,0.033671169933847875,0.04622924194293486,0.05476053093020611,0.04082625051133282,0.04669664509142266,0.056399374064234814,0.05455070191655471,0.043105375953323255,0.11394585662396363,0.07243823445526486,0.05002819117049874,0.08018728661099746,0.05409347604561585,0.05442952740516066,0.06458092102614368,0.029712949181894002
0.007509404786034838,0.02721741619743234,0.02480630497810796,0.010093537431225015,0.017111509667707137,0.02870841851841678,0.011907733178464653,0.021310301573642967,0.018690752665755525,0.016265688744137287,0.013116312313502538,0.01884530547008545,0.03435099787643616,0.017147199320852503,0.027030612827692507,0.016744722634544903,0.021538043685000997,0.03280126917681678,0.017050348131945496,0.008938843423752995,0.018154772599334325,0.017369027162806205,0.014541112709617368,0.021659960535584895,0.020419206844473133,0.014946411271177424,0.01266760748094774,0.020906228296493492,0.021017936495997345,0.01961519080504534,-0.004665379370289889,0.012282898011002111,0.02367001069714011,0.025486767901940516,0.01981547595999878,0.021799981493901287,0.016387641694006663,0.018169211288680907,0.006903859496996017,0.011208795407455865,0.019834360845901615,0.005130847795070508,0.014297909077056959,0.021231820729681643,0.01750829349734507,0.016721453027807837,0.017827070990521818,0.017563248785229746,0.016807730252932737,0.021426840407146496,0.02191118469620676,0.017165013974960838,0.02623597052576267,0.021082515578997527,0.00560254140456921,0.016438457199078896,0.025498510406347475,0.022079644307425962,0.02473308359577502,0.010722277931359492
0.010255856102327382,0.034029175621006505,0.010093537431225015,0.06710510399738243,0.014573836543900534,0.04455915194447357,0.02707539979122956,0.04841283403692415,0.049350334182148396,0.02804346385502579,0.009328283250001814,0.01470430644064102,0.07792196119062529,0.05408322247203731,0.08651809949314228,0.01029652258311828,0.024190787092065104,0.014370196020790886,0.01578648993696696,0.0004543522647419405,0.03712385022366753,0.008221818687383258,0.014303610994768937,0.03301934528181878,0.020114758116141735,0.002117298931456874,0.018251874393510212,0.028268132547701882,0.022685904094702954,0.01621998324327399,0.007804971690852179,0.009808100737930796,0.04281037352915352,0.022308753636338156,0.03568157680583864,0.06912739113929808,0.01830983289108073,0.030089873625939016,0.0015920859453888625,0.01226869276320754,0.012652007662445352,0.0054101892528954434,0.010705975854484963,0.05389613587709366,0.009644596631989135,0.017756138812336425,0.025351964696098718,0.015205078083959675,0.012476297777549467,0.020492265702573228,0.03239026698399988,0.010782246568661663,0.07915055893304372,0.03606216296057979,0.031921384229780546,0.04848465688355831,0.020404553430489688,0.014669867449992319,0.036558680770532,0.014155025882186653
0.010331583401746258,0.03540169292177402,0.017111509667707137,0.014573836543900534,0.029137355168245303,0.033798234751029936,0.032736286335030444,0.03165005311726612,0.024628901712934446,0.02123074969650792,0.012062842297517315,0.020775944442057534,0.0419711509254071,0.022733638934461273,0.04413297758367668,0.019897129483249825,0.024334548286597237,0.03584716774784095,0.01975198809179118,0.01029112331389109,0.02638997903643403,0.017644081488711008,0.01669180079209078,0.03257739125418872,0.02730545671034588,0.017181443736467506,0.018580110561750036,0.027235833253260386,0.027770489602745346,0.022225078880248626,-0.0048073497907933265,0.016656587997146595,0.015292610849289665,0.022169469758245457,0.02443780785384888,0.04116775159543455,0.02022721548397038,0.023231249275038925,0.007776680136544555,0.013125875775992314,0.018135979347469744,0.006531090314309879,0.01463658183756291,0.0376461121864793,0.0125065765928216,0.020143945606436134,0.0296281130293935,0.01991509958241892,0.018832363895578717,0.03047591781097379,0.02686538520840384,0.02031966820866333,0.04433926794562342,0.03267817134836007,0.018538838358074756,0.02806298099135905,0.026802175242644916,0.022670105301452012,0.02636202363355812,0.016788019545152976
0.022362912191403905,0.07617147777229025,0.02870841851841678,0.04455915194447357,0.033798234751029936,0.7176220125136236,0.10790190792008138,0.14597696963191018,0.09789236668985306,0.06745530722741451,0.023493225362775132,0.067665454158841,0.17577761330978348,0.10038667476216341,0.15278796822972565,0.04285476773441457,0.07607243162463621,0.030217236163113153,0.04438248665143981,0.026279693726999273,0.12280803283766742,0.02750384153111731,0.019777507008193824,0.09122119621713765,0.0770988646076698,0.04727029047331775,0.057097760797802835,0.06389356314463317,0.05155677023254436,0.08231530054426038,-0.025691254442887272,0.02694008454929371,0.11292909224383689,0.04254638892029979,0.0582326077203403,0.12364213023345269,0.05289798486823918,0.08087970306226132,0.015889031196550697,0.03601192694863608,0.05805919801927264,0.01915523992026027,0.02899258497295426,0.158944596617265,0.032349665587827564,0.06317178015555153,0.09613890344417719,0.06963971956702288,0.04516390140089928,0.032839408139232404,0.08023941432488209,0.029282872395525978,0.18624174276837197,0.11729448791568792,0.01718176855438901,0.07905078736892748,0.041307904176746464,0.0658287321786971,0.07533762814178147,0.03872167147473906
0.009969306283565687,0.03028521458599041,0.011907733178464653,0.02707539979122956,0.032736286335030444,0.10790190792008138,0.9706505899246121,0.09321138194362232,0.0829275123924949,0.043562542111318714,0.04367235387083662,0.039051747888311464,0.04193468070658492,0.06215839211675081,-0.03216133789425955,0.040846233630721825,0.05975133702315212,0.08154590525077056,0.044668268144225046,0.02240342129734676,0.09773989740013694,0.012546249344193891,-0.0013284157423879102,0.05658981563728409,0.05234890735991534,0.012538424166841498,0.03487172205375275,0.039124752673454784,0.04650107539296992,0.06574714278925761,-0.021952961954039073,0.03811466799331737,0.09061937172067656,0.06287379893607405,0.07995602136878355,-0.036780428307653594,0.04020002892349233,0.022647643245671027,0.03249938010961368,0.02305860732023174,0.02745899809436112,0.033030377341279296,0.01724768868614744,0.18996527172466687,-0.012393349060239815,0.04746105013616602,0.0706056624204932,0.03544571370760633,0.034384441048615016,0.10556924154992713,0.05589781679512005,0.05646656718774603,0.09443505748440552,0.12488309060058263,0.17949600578302324,0.022888599928121166,0.013076516829098949,0.047505820179921984,-0.006276905666041246,0.060933765735190076
-0.0001581362910167359,0.09076625059057633,0.021310301573642967,0.04841283403692415,0.03165005311726612,0.14597696963191018,0.09321138194362232,0.6220250941873614,0.18768522814423477,0.029106297449922245,0.024647828873433895,0.06507094021317422,0.2739116179546396,0.09217637238900456,0.12733654183384838,0.05202145852610674,0.07302607652858367,0.12988235813900187,0.04987862214819817,0.006409092911002858,0.08847778929304086,0.03397922003612047,0.029292552923339196,0.11440269426067903,0.054940075613503614,0.04428855306152677,0.030822726617224176,0.057549066045232675,0.0923315028871797,0.0776886513647989,-0.012232233452438755,0.012990638353426275,0.1988735419560908,0.05777992915067487,0.09671937239587658,0.19632850085050124,0.07061544356778691,0.08495889594127742,-0.0025680433282874384,0.02871807477022955,0.07276979993946531,-0.0034741373790153547,0.055614636925664145,0.18439553885429122,0.06238868164777275,0.07062029820422079,0.09398012361890155,0.06602534264871913,0.057811693487544745,0.04686775373710654,0.10036619949415558,0.05145732958887491,0.2293578345826731,0.12151024411398435,0.029393047419508645,0.10236483873087027,0.07990571876586033,0.06332124646811739,0.09994129632385583,0.051810213875345144
0.009857941735157779,0.06155497567281503,0.018690752665755525,0.049350334182148396,0.024628901712934446,0.09789236668985306,0.0829275123924949,0.18768522814423477,0.42604127674814246,0.03219977595496061,0.030968853296816003,0.05805120404127639,0.153257216176339,0.0695821606886033,0.16655327605913,0.043847634173014884,0.0421379769131875,0.09485274329873923,0.033283642246991665,0.015207774268698345,0.08170727813384035,-0.005938470196782782,0.025735138031660835,0.07407834107384681,0.04850035017180369,0.07949170509877677,0.025801760047798786,0.045286278613018566,0.06876185010694676,0.051338619356183744,-0.03990377652369543,0.020492222709978112,0.08355492486051624,0.050948793946405564,0.06116843183608434,0.08437297560231377,0.0480107527541434,0.06799816535062043,0.0177852595836029,0.02208186652751122,0.05077117958253908,0.013416979393352206,0.02502780642986109,0.1232698871222854,0.026652805784417404,0.020285729412337014,0.07268458879527058,0.045141484192356286,0.03429243856770581,0.03781873631281176,0.0638405197965233,0.03765914911312651,0.161013536578253,0.04800111976451528,0.04153894660821343,0.08405060156032904,0.04097113746440957,0.040724581479045265,0.07596776571140633,0.033183716599549946
0.00893179118299852,0.04839528519640697,0.016265688744137287,0.02804346385502579,0.02123074969650792,0.06745530722741451,0.043562542111318714,0.029106297449922245,0.03219977595496061,0.08722947213190449,0.01327580092378391,0.02808204183643595,0.060772871901128435,0.029481630192468935,0.048908213059641305,0.025861257659810795,0.03385792169021106,0.04222037174455188,0.020584463876987057,0.013420034839544485,0.049510064384088594,0.021279575714370308,0.021998355255799913,0.04243226781213596,0.030163975582911885,0.01893406904263091,0.023311892181609725,0.035042750162882975,0.04338337231588804,0.02445297877307135,0.0005794370740413932,0.014199489561886833,0.021694661536582078,0.03097469852251547,0.03629022047851761,0.0573580022137742,0.021476419629053937,0.027211750740766833,0.0037401774576898074,0.01547010541385466,0.01792214739763374,0.005862637423843945,0.011404057731001562,0.05553673435330568,0.004811174855130479,0.02216911778464735,0.03363273534343165,0.028439891716016994,0.011454368352014702,0.036668134179082774,0.031514073085704,0.024701650215086135,0.07419589054842435,0.053122626773092776,0.0681841009194116,0.043386687434794804,0.03271540649985459,0.03324776590386432,0.0381009685937719,0.017789145522679038
0.012303972693809636,0.018457573661823688,0.013116312313502538,0.009328283250001814,0.012062842297517315,0.023493225362775132,0.04367235387083662,0.024647828873433895,0.030968853296816003,0.01327580092378391,0.03470282290846197,0.013257995200841215,0.020756302251984847,0.019638772216457486,0.015376860980555811,0.015847586125442667,0.023380331430498866,0.021589420450430028,0.017309886301436928,0.0066827919653883435,0.012273493500633862,0.006476666952268364,0.010573006306217117,0.016723082335926388,0.020579909331471163,0.008920569447348033,0.014168298546386312,0.0192601660060405,0.01881526726067133,0.017516883382620526,0.0029855531076568467,0.013277257100868675,0.0180998974308842,0.021225799678735315,0.019747165749967793,0.01791830946653639,0.016367612127673993,0.01770833749668777,0.016264042597343667,0.010322412918184498,0.013267035445294504,0.013583676417175426,0.0045697385870335505,0.027131803012867495,0.00720574880049549,0.009472035861364931,0.01811138501779147,0.01132897590403863,0.017749192095172724,0.013498702162077658,0.020041224334728224,0.01858099065994789,0.02058919236300271,0.01995265797012868,-0.01963244109911634,0.012834386943139011,0.01564412603251164,0.016863871142847865,0.013291530960125603,0.01256436389392594
0.0032866445323401247,0.04890554972577057,0.01884530547008545,0.01470430644064102,0.020775944442057534,0.067665454158841,0.039051747888311464,0.06507094021317422,0.05805120404127639,0.02808204183643595,0.013257995200841215,0.13720989326938224,0.10252252507485204,0.030572451809673006,0.07152931813700668,0.024873519887236982,0.031936069051466565,0.0702378410971332,0.025143238061363267,0.015286470153341256,0.04882998331176788,0.03126312665052458,0.01573971909336842,0.0380424061696477,0.03181419459243897,0.030347079589931724,0.02343699263138355,0.03592414392686108,0.053163143322055864,0.030649059836937765,-0.007502123372726991,0.022948884329498893,0.033372836090710636,0.06746949354721564,0.040296258013937894,0.03910399881105785,0.03262056973074661,0.03188571744384709,0.0044173317013657615,0.015935759466473496,0.03324077469697919,0.002956875898122615,0.029276610838947472,0.05913534717028223,0.02052569370200186,0.03833197593407634,0.04035439849629983,0.03243937945232506,0.03151989721109323,0.04770315547832623,0.03825940161790365,0.03690895649140136,0.03321046356487201,0.03777184444809834,0.06141317459281411,0.023180854673864087,0.036871187362635574,0.030917450528662835,0.025362347647744945,0.011273143226817318
-0.010743577905741288,0.14851392740885347,0.03435099787643616,0.07792196119062529,0.0419711509254071,0.17577761330978348,0.04193468070658492,0.2739116179546396,0.153257216176339,0.060772871901128435,0.020756302251984847,0.10252252507485204,0.7911525612994819,0.1684581246512835,0.43039822179132536,0.07008330595857834,0.10713529268374972,0.15634540336746142,0.05720808530371743,0.02061896493109727,0.11722821154282465,0.07916363457580011,0.031831266539154295,0.11914023414449616,0.06103686943862759,0.08107565198190013,0.040459306902735116,0.10168721679174021,0.10148314865622723,0.04824466070719917,-0.021159477506922483,0.02374773123243094,0.1695232579244764,0.1239361288491179,0.09468877599414152,0.4066964104917098,0.07631596352376221,0.1637592817573477,-0.005518500192317902,0.04083631035934429,0.06611898053956457,-0.008036680826401592,0.05931091176662965,0.18727928642417452,0.05030606127910515,0.10550309254333724,0.10296413480948029,0.06801687499660079,0.07540107230278054,0.06840994657667514,0.09913401119239,0.04359310939626483,0.3569232261881666,0.12389481375663802,-0.0006187487124774054,0.21351218864679905,0.0940875513194085,0.07412679428652529,0.16855736158110804,0.04192778934149877
0.02625518535455242,0.07742407984120135,0.017147199320852503,0.05408322247203731,0.022733638934461273,0.10038667476216341,0.06215839211675081,0.09217637238900456,0.0695821606886033,0.029481630192468935,0.019638772216457486,0.030572451809673006,0.1684581246512835,0.22295396361967987,0.10667428452269524,0.030393110092745017,0.04340166817034445,0.03370432582308253,0.03433862074996547,0.022027512403952582,0.049388453185488006,0.02063997591903788,0.026657752764891966,0.06634824095530477,0.03919458768934711,0.021862663822067228,0.03942848769676001,0.05049800368726214,0.04146371609049896,0.03158799474839841,0.00899333801797331,0.03171286746654749,0.08841158292079175,0.03578267770644177,0.053180296432669194,0.13907542209807575,0.04825745308160142,0.06889726070574254,0.017363806782808345,0.043132959183971725,0.03446340323505629,0.01217754745090576,0.021412563127660628,0.10630000938002218,0.022599426989787813,0.04208456011312525,0.03647954839343254,0.039889476234408715,0.04219726095894947,0.03214689592474624,0.050200085049345214,0.026446714354105578,0.15374709737021458,0.06005885250478492,-0.01188136637199618,0.07354443523704686,0.03903329000610528,0.03929680044060164,0.06100982813736585,0.02726306396727505
-0.007491160706808382,0.10873673814565298,0.027030612827692507,0.08651809949314228,0.04413297758367668,0.15278796822972565,-0.03216133789425955,0.12733654183384838,0.16655327605913,0.048908213059641305,0.015376860980555811,0.07152931813700668,0.43039822179132536,0.10667428452269524,0.7490890346388703,0.04964095260843939,0.0900796434202035,0.12159460102435611,0.04645882924370515,0.012027866245773731,0.11204599456553178,0.04255338617470132,0.03068812753965215,0.10829599078672283,0.049701810352859525,0.05962774270157606,0.03669517282512724,0.08368951995243962,0.05738250822048213,0.05346264386447074,0.020530728915479128,0.020656872336735858,0.05685890070675514,0.06990588811761113,0.07672690948916568,0.3637990682608443,0.05449983768410054,0.13809050605392525,-0.012611461079411516,0.035608954127175275,0.018092221669348398,0.0015827743574167977,0.042023267111411945,0.18959719472452352,0.038637900998874306,0.09836369744370112,0.06579673102986722,0.050423396327503145,0.07685422960182621,0.05844168472630494,0.10104180437353208,0.03446310394514578,0.3106310128761494,0.09334299862219386,0.09585818992569882,0.12472103756778549,0.05547717230067455,0.055090471996131964,0.18083862724733943,0.0393866296960831
0.010610534932170979,0.03902425586110632,0.016744722634544903,0.01029652258311828,0.019897129483249825,0.04285476773441457,0.040846233630721825,0.05202145852610674,0.043847634173014884,0.025861257659810795,0.015847586125442667,0.024873519887236982,0.07008330595857834,0.030393110092745017,0.04964095260843939,0.11403429989072894,0.030612890436775078,0.038657162552404166,0.022175483953459706,0.018431192330350767,0.027421322174686173,0.027385985064608875,0.01577819127150138,0.03899001496417687,0.03511450339313082,0.01280593899438069,0.013006664355254778,0.022756737150921646,0.029624516216326995,0.026661168203589436,-0.011673014913713885,0.0171534699723067,0.05304310634077042,0.022010235034674575,0.023340174992417646,0.03262679929830373,0.028234818334063785,0.027254622316465207,0.012032222213178586,0.015717683918827503,0.0273732118926245,0.006234920201003072,0.025324933067746802,0.03852262935268613,0.022946732243049866,0.04229091192050939,0.06531911368265984,0.025386283336467284,0.02336040859608856,0.02950729623643084,0.03150558337796966,0.0334249687811586,0.035807039706136676,0.04307531122871882,-0.0029803269253535145,0.028626362950237967,0.02682599725483546,0.028377169206218165,0.023913656858678585,0.01505067611413224
0.00961800563344032,0.0555927249348796,0.021538043685000997,0.024190787092065104,0.024334548286597237,0.07607243162463621,0.05975133702315212,0.07302607652858367,0.0421379769131875,0.03385792169021106,0.023380331430498866,0.031936069051466565,0.10713529268374972,0.04340166817034445,0.0900796434202035,0.030612890436775078,0.0836642517784817,0.05679377595189042,0.031284020068891236,0.015568549101460933,0.05386350479437305,0.028797344938443818,0.019277627811949832,0.04604816680407495,0.03482402122838321,0.017671485572186087,0.02498003816295365,0.035838774264116365,0.0364287016819559,0.039730128179833735,-0.027156480650831902,0.020903155240328413,0.042770654090897864,0.03639403884790214,0.04304823043938909,0.07245058849275446,0.034364678112941416,0.0384780201366423,0.009068424704489951,0.01960533839285687,0.03014435988458813,0.007385555426639216,0.02426165191930997,0.07550307925652376,0.025390210009627052,0.03579704837207874,0.04097111076837728,0.025698752634105107,0.03237456532303391,0.04181354148624449,0.04392136470546402,0.03559368048914133,0.080857327123027,0.06453872921886943,0.027333775023598836,0.038716342115025004,0.040500710661657176,0.04383120497705444,0.04870408199239151,0.01953514664921754
-0.009556988250267401,0.08907013354575524,0.03280126917681678,0.014370196020790886,0.03584716774784095,0.030217236163113153,0.08154590525077056,0.12988235813900187,0.09485274329873923,0.04222037174455188,0.021589420450430028,0.0702378410971332,0.15634540336746142,0.03370432582308253,0.12159460102435611,0.038657162552404166,0.05679377595189042,0.5259867506101285,0.04023590012667063,0.03674636066486727,0.05220434744426709,0.06620847004702311,0.033033760456361035,0.06524156182457379,0.034090188524624115,0.08012297017551269,0.020578011570409876,0.06109137683109645,0.08792130813142549,0.052855384945100885,0.002776483205975945,0.022373986099136465,-0.0034573580848175594,0.07474545351266741,0.09597926706856445,0.1125506443543307,0.05047181364154751,0.06434252830667717,-0.0005817353007013835,0.027545921538636053,0.0434859942729754,-0.010621019419588545,0.03592556366976519,0.19210053964633617,0.05264754853333251,0.052548566482056185,0.07104220179772716,0.04970266601368605,0.03222898510190339,0.10843753626514495,0.06498405555532014,0.057624906110126946,0.07315735675396617,0.08045236591873078,0.24155784047109943,0.061609104565276546,0.06860171366006443,0.058233416152715815,0.051034488359470644,0.0319641923268947
0.009404698164897361,0.03729554810325565,0.017050348131945496,0.01578648993696696,0.01975198809179118,0.04438248665143981,0.044668268144225046,0.04987862214819817,0.033283642246991665,0.020584463876987057,0.017309886301436928,0.025143238061363267,0.05720808530371743,0.03433862074996547,0.04645882924370515,0.022175483953459706,0.031284020068891236,0.04023590012667063,0.04417777982872089,0.01143109096818774,0.0282185582395984,0.024113983340055264,0.015899467588607618,0.03089480631287052,0.02570309386102832,0.017735391636644067,0.022490416446623633,0.028283450507894718,0.025561311052657684,0.025862006997515518,-0.009364439917142968,0.0172698535231896,0.04982884603689708,0.02753064815345976,0.03125863973685267,0.038344914839815135,0.03232732039195231,0.0230189956747462,0.008833816564638438,0.016030356888062033,0.022299906265465914,0.007616407204584071,0.015270277714997288,0.05129207236059789,0.016908751301598687,0.021896840837811207,0.036901777565514125,0.022294305434606514,0.023861961016723658,0.030938620649610806,0.029676406679992665,0.022704807790035187,0.06306693926075117,0.042343960075984635,0.020709525553179793,0.03707843864922608,0.028839336363588163,0.02548025553003898,0.03013008984662456,0.018492248014260547
0.007486103134090604,0.02991064899825124,0.008938843423752995,0.0004543522647419405,0.01029112331389109,0.026279693726999273,0.02240342129734676,0.006409092911002858,0.015207774268698345,0.013420034839544485,0.0066827919653883435,0.015286470153341256,0.02061896493109727,0.022027512403952582,0.012027866245773731,0.018431192330350767,0.015568549101460933,0.03674636066486727,0.01143109096818774,0.04778113455580382,0.013281443626553386,0.01038349882520118,0.007339062065396018,0.016577785306629993,0.018024511265509188,0.021878443144942895,0.014493530313152538,0.012094791241555224,0.008415955091952977,0.022231303208230958,-0.009885065820789556,0.010596333558366531,0.0005119236688024923,0.02742509337299023,0.019929529004015442,0.009622821934571849,0.009190185826429123,0.024263459902198664,0.006725086976577395,0.01197792137373524,0.013100783391886063,0.00403870051200183,0.011115412664590927,0.026983116895382013,0.009686389264044153,0.010787236414913531,0.0242665759571211,0.011675606665556223,0.011826705140740443,0.017065359242137576,0.009337650488753275,0.01693405157052067,0.021327266931767487,0.023701431730275207,0.007979909166110282,0.016445538377193408,0.018575940883782286,0.016476894859247134,0.014102828032589623,0.0015934374076897473
0.007937609494946096,0.05682878765047512,0.018154772599334325,0.03712385022366753,0.02638997903643403,0.12280803283766742,0.09773989740013694,0.08847778929304086,0.08170727813384035,0.049510064384088594,0.012273493500633862,0.04882998331176788,0.11722821154282465,0.049388453185488006,0.11204599456553178,0.027421322174686173,0.05386350479437305,0.05220434744426709,0.0282185582395984,0.013281443626553386,0.18189119231824874,0.009514249685078777,0.01691064542782731,0.06427128393949838,0.02991328436540763,0.03909649267762673,0.02757857680044914,0.04441089263236539,0.06085404799831636,0.03990699704363065,-0.000997079193011775,0.01450282559688814,0.07089171662825827,0.03997499031068009,0.06097053852097078,0.05897628039960836,0.03297525820497992,0.0412413991361792,-0.0025733907411851697,0.013419750327314184,0.036896738790880776,0.0024083707167228646,0.02711644792710773,0.09952849382445063,0.020972755044851146,0.03061831390871961,0.049458900294676277,0.036458461110926904,0.023282258726666148,0.052575888615463966,0.04629511794041247,0.02866950810732963,0.10603689970685032,0.07151625544582094,0.03086777223211524,0.02709459206373038,0.04457339700969638,0.04499494079826624,0.044235909535426096,0.022150214943123185
0.001023947626943003,0.037628681514007604,0.017369027162806205,0.008221818687383258,0.017644081488711008,0.02750384153111731,0.012546249344193891,0.03397922003612047,-0.005938470196782782,0.021279575714370308,0.006476666952268364,0.03126312665052458,0.07916363457580011,0.02063997591903788,0.04255338617470132,0.027385985064608875,0.028797344938443818,0.06620847004702311,0.024113983340055264,0.01038349882520118,0.009514249685078777,0.10300805449662487,0.013682499353694906,0.028890150175257517,0.021761060579364215,0.01470086442221257,0.01780106843789195,0.032114596273291524,0.033742468388451505,0.015440590326565515,0.0031022083277823195,0.014123887540527983,0.05526124236453663,0.03462334204788427,0.027421314060825732,0.06617071725319106,0.03018194487139015,0.0347179191812956,0.001406399022725104,0.014692387759040146,0.025026237181814872,-0.0009257851693867219,0.02436416343074277,0.0346295994174505,0.019230185589832714,0.028833611755610965,0.03980087221536211,0.025452865925821872,0.03109199032703175,0.03401511297903733,0.030647278655650617,0.023918149655292254,0.039082889739507576,0.02971931847533066,0.050768903641422024,0.048024022716495966,0.03334330748847384,0.03078464203378702,0.0328728565652947,0.009032793619633895
0.009419151647538202,0.03676776033617149,0.014541112709617368,0.014303610994768937,0.01669180079209078,0.019777507008193824,-0.0013284157423879102,0.029292552923339196,0.025735138031660835,0.021998355255799913,0.010573006306217117,0.01573971909336842,0.031831266539154295,0.026657752764891966,0.03068812753965215,0.01577819127150138,0.019277627811949832,0.033033760456361035,0.015899467588607618,0.007339062065396018,0.01691064542782731,0.013682499353694906,0.03174435500328391,0.021450036223651218,0.018415205734404378,0.008765103091941912,0.014537712922261631,0.022579240048871192,0.022263099165116776,0.019074775453721507,-0.0016093100581549905,0.01294566746017033,0.02068116890293515,0.02236160071935357,0.018315200500772844,0.030895532869035586,0.020484281894931115,0.02109086489235694,0.00490555502635719,0.01447638888607288,0.017688734667583708,0.004760468664415357,0.01150664130975175,0.026053720331172477,0.015470931397269209,0.021469923482126632,0.017127949060808466,0.018295137264521102,0.018018212627448366,0.022188610734430514,0.020192364066887694,0.016029705542820374,0.0385709135729493,0.02679401242661973,0.031803356973557614,0.03643771748442533,0.025284725425085464,0.020542153491297153,0.022432817479813353,0.013843330728857963
0.0159690784711427,0.06816347334546341,0.021659960535584895,0.03301934528181878,0.03257739125418872,0.09122119621713765,0.05658981563728409,0.11440269426067903,0.07407834107384681,0.04243226781213596,0.016723082335926388,0.0380424061696477,0.11914023414449616,0.06634824095530477,0.10829599078672283,0.03899001496417687,0.04604816680407495,0.06524156182457379,0.03089480631287052,0.016577785306629993,0.06427128393949838,0.028890150175257517,0.021450036223651218,0.153994618489536,0.03476696613630777,0.020296103125608735,0.03451863991958422,0.04167400505254394,0.05779597135997187,0.04245708840910008,-0.0056484149962505595,0.022613304239240888,0.06849287261409,0.04130681515799472,0.06099294658360308,0.11853802700967117,0.0407421126002201,0.06999635860722783,0.020282560645026426,0.0252300396250024,0.03391401168785598,0.016121764983709583,0.026746248416786706,0.07966631079112617,0.03031790696052178,0.05147059337837939,0.05716817384719536,0.0431940714573783,0.039195683422578696,0.03533314149456422,0.05038661823678876,0.04129242542451517,0.11194859985540241,0.053370201338300526,0.03300663797254805,0.06343960285531587,0.03986894385485201,0.04905742433012176,0.06250130909061659,0.01779028330792597
0.017879128133777056,0.05618618007812403,0.020419206844473133,0.020114758116141735,0.02730545671034588,0.0770988646076698,0.05234890735991534,0.054940075613503614,0.04850035017180369,0.030163975582911885,0.020579909331471163,0.03181419459243897,0.06103686943862759,0.03919458768934711,0.049701810352859525,0.03511450339313082,0.03482402122838321,0.034090188524624115,0.02570309386102832,0.018024511265509188,0.02991328436540763,0.021761060579364215,0.018415205734404378,0.03476696613630777,0.18019536421437538,0.018600276098195506,0.02488630423892447,0.037396716515357684,0.029320499480741075,0.03594924477938858,-2.2180924323213226e-05,0.022883194964579554,0.06818875816776748,0.028581306195716152,0.040960744315038905,0.06195735382052353,0.031546973038846626,0.017935211963528406,0.01449279493811509,0.015371384360438231,0.014685291021903333,0.009487226157428003,0.020281128672085407,0.08272987147033567,0.015568616221431152,0.02905953549805825,0.05760200580490429,0.02646423116559946,0.01988542271087484,0.03228306532402599,0.041327638492575654,0.030144626941335274,0.06352174935156782,0.059676182972461495,0.022676149615861205,0.015404662882265663,0.030746006053872166,0.04284506922188748,0.03950987634436009,0.030029713994810515
0.00010184223777596904,0.040096914757587455,0.014946411271177424,0.002117298931456874,0.017181443736467506,0.04727029047331775,0.012538424166841498,0.04428855306152677,0.07949170509877677,0.01893406904263091,0.008920569447348033,0.030347079589931724,0.08107565198190013,0.021862663822067228,0.05962774270157606,0.01280593899438069,0.017671485572186087,0.08012297017551269,0.017735391636644067,0.021878443144942895,0.03909649267762673,0.01470086442221257,0.008765103091941912,0.020296103125608735,0.018600276098195506,0.23474853276633864,0.013486549308201588,0.023220427507281673,0.03113049420721283,0.010646273358593292,-0.008458220131718769,0.004454901299517354,0.04433064253688528,0.028858983035606925,0.04278816946767215,0.0769134791217183,0.027231195593740692,0.037941170953518386,0.007340588523077015,0.011589874829763914,0.015865597475554476,-0.0034129666489721754,0.011113622866919061,0.07983414172212606,0.02163906912814058,0.01287158763063328,0.028899977198374952,0.023826403471174075,0.04146447046584203,0.05921378072638141,0.018001310532260274,0.0204395402543876,0.051110969935272345,0.026789403488075007,0.03626625812706662,0.027082209686709678,0.027878449912770886,0.02377221821758666,0.03959156495490484,0.026523277807528698
0.027092403851134834,0.03689160958275713,0.01266760748094774,0.018251874393510212,0.018580110561750036,0.057097760797802835,0.03487172205375275,0.030822726617224176,0.025801760047798786,0.023311892181609725,0.014168298546386312,0.02343699263138355,0.040459306902735116,0.03942848769676001,0.03669517282512724,0.013006664355254778,0.02498003816295365,0.020578011570409876,0.022490416446623633,0.014493530313152538,0.02757857680044914,0.01780106843789195,0.014537712922261631,0.03451863991958422,0.02488630423892447,0.013486549308201588,0.049544618724386764,0.030295212534826248,0.02508621357823098,0.025513885213826002,-0.0027204597081507075,0.02753481472085259,0.039789833238675264,0.026785461161277214,0.028052034390391355,0.033295657543743695,0.022796422496996312,0.025624938688955455,0.016937579170415558,0.02822222085914061,0.01555894272950064,0.013592915708850184,0.011628946778304871,0.04753983105102361,0.011616380988599283,0.01310537885506456,0.025752404352022047,0.02063738948385866,0.019462492808827808,0.02161598872327525,0.02838090047532628,0.021287562994883578,0.05381122141977952,0.038194413025299426,0.0026697298768484827,0.02837515022510423,0.017428483849659802,0.02453421834743352,0.026275110670852534,0.014322491957628705
0.017660169588101633,0.056486775304838664,0.020906228296493492,0.028268132547701882,0.027235833253260386,0.06389356314463317,0.039124752673454784,0.057549066045232675,0.045286278613018566,0.035042750162882975,0.0192601660060405,0.03592414392686108,0.10168721679174021,0.05049800368726214,0.08368951995243962,0.022756737150921646,0.035838774264116365,0.06109137683109645,0.028283450507894718,0.012094791241555224,0.04441089263236539,0.032114596273291524,0.022579240048871192,0.04167400505254394,0.037396716515357684,0.023220427507281673,0.030295212534826248,0.09151463458776786,0.048514430794370025,0.03204082429121615,0.009566016631867296,0.025726859134286732,0.05318973588981889,0.04426855949465087,0.04569512820504765,0.08633535914723549,0.037029906407582386,0.033273075610189974,0.007085207534763743,0.023582346414043536,0.030172724895907527,0.005286816954673476,0.01905940600108272,0.06540922591743634,0.012870875522440315,0.03145400130458574,0.0427588899833931,0.04059615490736067,0.033963684878739374,0.03810327737853234,0.04313085586399364,0.027716342963988352,0.10089212614408824,0.054195833178338954,0.003478509337452251,0.06333542249450863,0.035560880940185356,0.041255970281816254,0.047216336598947375,0.01896515572307233
0.004884695141213458,0.04665318917971513,0.021017936495997345,0.022685904094702954,0.027770489602745346,0.05155677023254436,0.04650107539296992,0.0923315028871797,0.06876185010694676,0.04338337231588804,0.01881526726067133,0.053163143322055864,0.10148314865622723,0.04146371609049896,0.05738250822048213,0.029624516216326995,0.0364287016819559,0.08792130813142549,0.025561311052657684,0.008415955091952977,0.06085404799831636,0.033742468388451505,0.022263099165116776,0.05779597135997187,0.029320499480741075,0.03113049420721283,0.02508621357823098,0.048514430794370025,0.15380122276415867,0.03058138623179537,-0.020318318963240514,0.018597767511694528,0.04810858265879303,0.04962530103652497,0.05274104648157011,0.06559766386960526,0.037014100102162564,0.057925634735600744,0.010279944483932754,0.017416896339182947,0.04267351578050897,0.004075424552264091,0.033761234960760195,0.07637461967456902,0.02368993525161843,0.038682089085748245,0.04984881472067463,0.03547197875199841,0.032521139825904974,0.06007731007366168,0.03953880537761711,0.04015315659097781,0.07559321289455732,0.047020974857077354,0.08023808805885202,0.045027929461658595,0.049792370643248304,0.04211153310675018,0.03700436244004975,0.021003416719494336
0.010805673828201306,0.04687107880881891,0.01961519080504534,0.01621998324327399,0.022225078880248626,0.08231530054426038,0.06574714278925761,0.0776886513647989,0.051338619356183744,0.02445297877307135,0.017516883382620526,0.030649059836937765,0.04824466070719917,0.03158799474839841,0.05346264386447074,0.026661168203589436,0.039730128179833735,0.052855384945100885,0.025862006997515518,0.022231303208230958,0.03990699704363065,0.015440590326565515,0.019074775453721507,0.04245708840910008,0.03594924477938858,0.010646273358593292,0.025513885213826002,0.03204082429121615,0.03058138623179537,0.11982439558922041,-0.031864810310753444,0.01831314330959786,0.03136411207684012,0.04385349204994839,0.04450378457414857,0.03545372135687454,0.045403065857585946,0.03437977731045678,0.00896942243053166,0.018890605206452568,0.03816441622330733,0.008905041265066997,0.02048567084554789,0.08962042531597225,0.025242402391166662,0.04047334651459789,0.04325163689243053,0.04205744473491568,0.030136372093895948,0.04165511183939837,0.03536235911587336,0.03455599527895041,0.06756642114099233,0.055456336629561065,0.043970705971543046,0.03886162664805166,0.031219255239637186,0.03930146362932663,0.03994775125121455,0.02126549222098877
-0.0025574728218926233,-0.005381124055364807,-0.004665379370289889,0.007804971690852179,-0.0048073497907933265,-0.025691254442887272,-0.021952961954039073,-0.012232233452438755,-0.03990377652369543,0.0005794370740413932,0.0029855531076568467,-0.007502123372726991,-0.021159477506922483,0.00899333801797331,0.020530728915479128,-0.011673014913713885,-0.027156480650831902,0.002776483205975945,-0.009364439917142968,-0.009885065820789556,-0.000997079193011775,0.0031022083277823195,-0.0016093100581549905,-0.0056484149962505595,-2.2180924323213226e-05,-0.008458220131718769,-0.0027204597081507075,0.009566016631867296,-0.020318318963240514,-0.031864810310753444,0.5538040876920676,-0.020431308446371456,-0.03340994024788604,-0.007312411038111085,0.0016406232768643922,0.06635383910419597,-0.022963704605723327,-0.015376020352491242,-0.007519826411218688,-0.0005889959496673151,-0.023691089912861233,-0.0015118053953888384,0.0012634578650851595,-0.04400723890294246,0.003536452174754154,-0.019696359770062826,-0.01981916060047785,-0.002506019072492152,0.04342844149922902,-0.02568442412951306,0.004074809283651131,-0.014527348873307266,0.03698927973574307,-0.16177688852145064,-0.01467997897964368,-0.015895199736956522,0.002305309002661874,-0.019792398897359873,-0.014327908798009483,-0.01288919664229641
0.024846509565529872,0.026327327268627784,0.012282898011002111,0.009808100737930796,0.016656587997146595,0.02694008454929371,0.03811466799331737,0.012990638353426275,0.020492222709978112,0.014199489561886833,0.013277257100868675,0.022948884329498893,0.02374773123243094,0.03171286746654749,0.020656872336735858,0.0171534699723067,0.020903155240328413,0.022373986099136465,0.0172698535231896,0.010596333558366531,0.01450282559688814,0.014123887540527983,0.01294566746017033,0.022613304239240888,0.022883194964579554,0.004454901299517354,0.02753481472085259,0.025726859134286732,0.018597767511694528,0.01831314330959786,-0.020431308446371456,0.038115198286536485,0.03413195162339483,0.024606715873175637,0.016914804144048494,0.014196873383424615,0.01934764684329124,0.018447321536229404,0.018438311313058512,0.024659119086675868,0.015467091386898654,0.012626520902031093,0.009992525589739381,0.02410403685030016,0.009055831018382508,0.013288991755741763,0.02401449350156704,0.01513664832036395,0.015258025168754474,0.02098571728778831,0.02183565487566515,0.019217556262713553,0.02476255098434791,0.02978453575047848,-0.0018232629190927181,0.02478605652601685,0.015058441445938415,0.018701579397096005,0.015288543085170758,0.014698201738847849
