0.07261210147087781,0.012417804054713608,0.02121473030770275,0.013711228818074187,0.013561018847730498,0.015876566439432766,0.039447308281907165,0.02373317791117587,0.024827313746155055,0.004378153456740438,0.00863105341651065,0.021690130836584786,0.02868769521697606,0.019287114118740668,0.016156636997649784,0.03648620105752895,0.017310767623135676,0.016947260691629877,0.010167251580066247,0.010641217608393275,0.008135463405267973,0.01729348100125855,0.014575561843799743,0.0044882935854995976,0.020826613462976713,0.020332127061570514,0.027086819991807433,0.015387907600973777,0.014875960920164898,0.022872372585127056,0.01265047364900545,0.023070662719207644,0.01799087942064356,0.015125871932656422,0.019350201204919884,0.012344762956475182,0.015972115077544844,0.012924224835593918,0.026624163157048193,0.007498624839739739,0.02119210206849085,0.009788120636226097,0.022133213612043606,0.01822048680337319,0.008375082645163633,0.01708941059372424,0.02028399191431896,0.015189189084574565,0.013286127848244947,0.015415509104470041,0.0028439517120260236,0.022936629124055287,0.03392705261222238,0.022460547047286325,0.014982641984452998,0.014949852977481144,0.0052454238388546055,0.023206689841702377,0.0293258817332555,0.01994094030766694,-0.009927410107247467,0.020459145155133095,0.03845937367161982,0.0401358490852811,0.019724415670248744,0.01905505439027867,0.01642897055427246,0.0015100265670365209,0.012237262443970819,0.01795113949488729,0.013045227958990416,0.027699906459397777,0.021090086379755908,0.01010242508544657,0.011953857290731885,0.0007716599733409092,0.011724982093196145,0.019889878562267538,0.006044775123194531,0.010136915437100423
0.012417804054713608,0.07331626695760955,0.017122806483576756,0.00831751414311849,0.010864443862625577,0.015383411282082716,0.1014277172960866,0.018850030262588705,0.08583142303066167,0.0055988418570100534,0.0013617949064087785,0.019272453157798627,0.024847534412339577,0.0354778540382256,0.019681333437345887,0.040837856900517173,0.024183009806581994,0.012375640879132795,0.007285931633402504,0.007870229664844002,0.00585910447844107,0.025487322764947067,0.013993931455346416,0.00983012286444655,0.07775957096314612,0.027280964948075036,0.030955476566051913,0.05127738222962516,0.006528953957050803,0.01884614898604658,0.012330060167265225,0.025251004587727607,0.02487908649292404,0.02352080193307304,0.011929998968204882,0.011392241184479563,0.012721541841563863,0.03888484442052174,0.03301055173365737,0.02136063524239812,0.027497287182938264,0.012925132395827226,0.020354329169210216,0.016572742344699794,0.04966364874414179,0.018234918680245106,0.016905758978478614,0.017551491441944712,0.011903520041617375,0.012891768363857609,0.012901867768338014,0.021022045843162827,0.07511674202111346,0.02683561435000378,0.005920064491695125,0.016445759770813976,0.006585893743082814,0.03936032817733935,0.032846108565330365,0.024670468378648405,0.021386699204512104,0.022226291279935972,0.05409654327430223,0.04556338154786679,0.021760614297959578,0.025663874754568574,0.04486149195026829,0.009642646064627248,0.007371169860189208,0.02351706031011033,0.009456291273049172,0.012021504428428692,0.06700357644497319,0.02346937371884224,0.004965927936555064,0.0029553265984464698,0.0067894360394305355,0.03803079165807393,0.0025332401659750345,0.003098317559116068
0.02121473030770275,0.017122806483576756,0.06294329914332399,0.01991687298973525,0.013614722607794939,0.019200929351075407,0.058644868866103365,0.021186472194945908,0.04527513108799843,-0.0005280434098741068,9.922436900820016e-05,0.04140382556852226,0.02397472720050345,0.0459506693273423,0.025608424006591385,0.04948552333762387,0.03338131268531665,0.022025496890715084,0.005719923677326778,0.012472177996587947,0.019973495894883817,0.06092636086526075,0.02541256673763969,0.0074671190287227945,0.04059633451627352,0.0201240666926838,0.032410110914387606,0.04607375411392151,0.019699095253131127,0.024610133771456037,0.00802964056502522,0.030426448978610934,0.03368982212286942,0.039576462250802774,0.02873295626811712,0.0221515650490392,0.0235831347491008,0.009579576892440093,0.03679189475888421,0.020334669969773393,0.03298989090400336,0.016273627742995584,0.026483238592258505,0.02992874188700112,0.024109760239060855,0.002650992141156179,0.03395230690274274,0.019402390032201493,0.017439214639682097,0.02560769368679505,0.02020004882963765,0.06859841215657364,0.05427523242710573,0.033198459781561995,0.010676125529441768,0.027208275807215982,0.011012975270394942,0.04217221293951473,0.034213452916230194,0.034034472960956096,8.062761407404938e-06,0.021565408065406824,0.04403606936088688,0.04057530408108659,0.0394191301211546,0.025699518934215182,0.03876915701582668,-0.000935139605632376,0.008584200200559486,0.009717380118933435,0.01269055621349211,0.03919838494771755,0.048821677297568075,0.015127665484862572,0.010739018555658852,0.009577937758045482,0.015782950500207622,0.02854094087911492,0.01158879047947594,0.01003482137094576
0.013711228818074187,0.00831751414311849,0.01991687298973525,0.20232458123269137,0.019339405501158105,0.016379841653350945,0.05818946692252975,0.011982023514807504,0.031417996428973416,-0.020122557718204356,0.008182471819542993,0.021719303836844294,0.0437910462836014,0.02974833433583003,0.011659138274365108,0.026308820664353534,0.03273240429152356,0.03366151367560859,-0.006950052330957475,0.00900940156210427,-0.006762941734194417,0.030031484517465405,0.023542487265026082,0.0068340161557465615,-0.03794956779083645,0.0064056511460392224,0.005284242591909056,0.049944732836488676,0.021742883571634043,0.01802652173704167,0.014494047451785038,0.023720519534352804,0.023454993591632483,0.023026913359971778,0.02296338248505697,0.02024652328081238,0.024846965596649805,0.03342026598045704,-0.019730640181284297,0.031350231862260027,0.027070713711120298,0.022964246101521882,0.03443112722972933,0.01887499450691595,0.028375521329968744,-0.01823807496023882,0.028172536419846326,0.024049525978655485,0.01031145907423471,0.015229740123024199,0.0154419782215188,0.03448626291313791,0.03733969676141183,0.024996474064704583,0.020495028960841762,0.014182756684913445,0.012258994071670543,0.03199093302243436,0.06056513718832236,0.022348828892235665,0.02825996064093362,0.01974613329716039,-0.04519044891700389,0.05025853168416952,0.02213028193099018,0.02055095530858961,-0.001378972374525536,0.007279786162738997,0.01191707583796595,-0.005424969699235584,0.011246790715818607,0.03971601169077279,0.03848840551404233,0.02221829730519868,0.012894411523705194,0.01127201373197141,0.01154915790849726,0.026927217488441835,0.007030281672448862,0.01655907315538159
0.013561018847730498,0.010864443862625577,0.013614722607794939,0.019339405501158105,0.044364862898375455,0.018053730860517075,0.03841351369738461,0.026033714996295743,0.03164978239334863,0.0043962170827010994,0.009561813104109114,0.02176469452145309,0.019136971535090596,0.03665794777027589,0.013310510684974386,0.0325157584055761,0.028764075582315574,0.021932135195789362,0.007003335212378996,0.018202789736980828,0.013864321851689187,0.019437863380257013,0.012572540245943184,0.008954620443395726,0.014753942800361707,0.022337577503331374,0.035465550626925677,0.02728497998589034,0.01763762730523199,0.015779162566583255,0.020220001665349163,0.02549789311522792,0.022232644205566175,0.022208074886758244,0.019916821125069636,0.01863424196754244,0.023753785581889255,0.032361470537206026,0.025269942344234075,0.016921272054482735,0.020180001756020072,0.014460425436424142,0.028542352654234104,0.01507234129982211,0.015386677444990548,0.02194855138149804,0.028684653420338487,0.019277256488521407,0.015446028844692209,0.01556658164139992,0.008909881571793074,0.021277225938497974,0.021245798864455955,0.01979538546825395,0.021417850790916695,0.020640408480579856,0.010115943344276089,0.0026763859602331693,0.02672116118835242,0.017364303935853313,0.014100117689149531,0.02394648408135037,0.03798633608178781,0.027220063305650886,0.018838539704283074,0.02671397468146337,0.004285764919901283,0.008542536895703196,0.012154650254256065,0.011324563140780904,0.01296345242501554,0.016524370710614314,0.033148144350744445,0.017857878766681975,0.013377110268676972,0.00920951606904919,0.01946425261609569,0.027118136567803326,0.009721927363549944,0.006069825716354207
0.015876566439432766,0.015383411282082716,0.019200929351075407,0.016379841653350945,0.018053730860517075,0.0668097895250942,0.04070279312966811,0.023485759497981006,0.041524003228093784,0.0005528789157222005,0.009792269353545357,0.02687411117560984,0.025619830938196,0.030649839066325513,0.01987340402884571,0.0323746438739456,0.02984643126637255,0.02961742642147617,0.010095635750066608,0.014124151511155545,0.016642172140089485,0.05606370880304714,0.019685242033891607,0.008898559467803817,0.02559995618753957,0.027978341355571604,0.04729788180750044,0.03232828456365519,0.026985770501997533,0.02382625877831247,-0.0037884016372434757,0.021814383928964707,0.029352718162500797,0.03315585205299852,0.026545192272238463,0.02152831926305093,0.017711028597505278,0.034471578425954344,0.027480932459897932,0.012081141888263595,0.02735662842939363,0.01094858804362562,0.027889107876477963,0.014470905786759204,0.028581193970591997,0.020285594946630778,0.029083404363407027,0.028409429897822677,0.017450015144019844,0.01675167596732564,0.01776646110004897,0.039887158707567094,0.050051077891320836,0.025658278454334184,0.02361366058559354,0.027950811027343824,0.0066626969944441,0.022587871578885848,0.028552415514235544,0.024691063142972605,0.01132342215394314,0.02962828105612425,0.061385550005359245,0.05550024713344667,0.026098110436649113,0.02539092078750013,0.023315242136556898,0.011205382253874465,0.014916482916436675,0.016840309186900302,0.01022419478400289,0.030811138341904753,0.037690490589172745,0.014981893691777094,0.011694615808685792,0.011283419605962334,0.02327391707590075,0.03228399386577952,0.010002259892148454,0.01873523969841982
0.039447308281907165,0.1014277172960866,0.058644868866103365,0.05818946692252975,0.03841351369738461,0.04070279312966811,0.6714965830414934,0.05874797182403525,0.2963321609841666,0.017014303559141866,-0.015706877079945534,0.06947567975218967,0.10587483860922671,0.11057024478169931,0.04559181310460002,0.11774697379040117,0.0791582525403005,0.03502704282774782,0.018676968780571016,0.030823488908761246,0.041671231453048636,0.1394875926931814,0.02776653396796441,0.024636128125865322,0.23014733965089357,0.09859009910669092,0.07317877134371877,0.21390638194357087,0.009405501979011166,0.051841267793672555,0.051499257117057794,0.053114286363731104,0.07124825686661163,0.06320561251005384,0.03459207648681229,0.048444359848833864,0.04470287738817018,0.133693746606014,0.08389833032222668,0.05993716782886912,0.07120365092591377,0.03834084196683737,0.06768931313929802,0.08763848317329326,0.13494618744967732,0.07841396102152257,0.0716437753333251,0.05527219044427312,0.013731082361721414,0.029478289368766182,0.03951358727789667,0.10498820234731754,0.33992923564301425,0.07832125787706294,0.013943299573484124,0.08748827012483501,0.012164312602874323,0.10411106203588125,0.08968265588140094,0.06263926996819691,0.11015345605241234,0.06168702856928594,0.11677499813651511,0.1536331448553008,0.05877956314726851,0.058183952650791945,0.13909376361699394,0.03438259288010969,0.016096111362930814,0.08385667246763785,0.025591183006745125,0.10150152278167275,0.2781078808132184,0.07020963021619886,0.005988321629792685,0.020759242705001867,0.05654423883219717,0.10611787526240112,0.024570500017079267,-0.012258900620646928
0.02373317791117587,0.018850030262588705,0.021186472194945908,0.011982023514807504,0.026033714996295743,0.023485759497981006,0.05874797182403525,0.04888246179060898,0.04904625889095388,0.008291262072051334,0.009799820077360452,0.027263802302322258,0.02846730589207655,0.032180905437872866,0.020635641209402582,0.03629772723989083,0.03160362895732059,0.024059701620416485,0.010741289522752741,0.019566099326087584,0.0166353063257892,0.0420960610027694,0.019963623421716845,0.010685659014422645,0.03574563172700848,0.024906791263920834,0.04183903005073353,0.04183325774394334,0.021622570206907357,0.019793804284761587,0.026823451548294578,0.033367940710694516,0.02911443055666529,0.03251691312256504,0.019696863977533778,0.0206333492769518,0.022311123730509114,0.020460463405949352,0.04225340324033643,0.020038663317049496,0.02756033154080897,0.013952365222227163,0.0328168901171805,0.025455382176249895,0.02629505847969362,0.020506574833350128,0.03168557507703513,0.02644756694324625,0.017063284980617367,0.017530018403818997,0.012234188287458897,0.04130610714949486,0.03659390438560466,0.026343034529991458,0.02044322564103261,0.03495846716653181,0.012572438815165973,0.026158800757286313,0.030448831646482218,0.020291959245347616,0.023604009812706606,0.03193036207789155,0.0552722422474332,0.03377053773616731,0.026027167430715176,0.03564338086075717,0.020968723332603037,0.010219656542654915,0.015202611975432675,0.017172060474026255,0.01375208759611475,0.03370664591752174,0.03970085951656742,0.024889850845216575,0.015055296228809644,0.009714335828346757,0.028130514242388736,0.0351089418272228,0.010680033147552961,0.00920387420624159
0.024827313746155055,0.08583142303066167,0.04527513108799843,0.031417996428973416,0.03164978239334863,0.041524003228093784,0.2963321609841666,0.04904625889095388,0.6124743783444189,0.008376757255947373,-0.0028826313233422623,0.048886102611607585,0.07556041036463383,0.06938188753048088,0.03938146751148185,0.09572804515061505,0.07873657545402228,0.03675413069877281,0.02131481119075458,0.036673174444348464,0.030376640495481305,0.08791584541547987,0.04342408589142866,0.019250993828763715,0.23627081575216352,0.07770154786681495,0.08494417360858686,0.18868263164004903,0.024497313734327994,0.05862412062277916,0.08031122925157937,0.0829858990453851,0.05827609884552769,0.08155249615513616,0.03601711527420805,0.036986877525077524,0.025226624965396915,0.11986243118810479,0.03877541334247374,0.05883835269612207,0.05559657753788473,0.03300650520263588,0.0357104987355286,0.0809232433305678,0.17565216197518316,0.05165404206653373,0.04075306688529835,0.03240112186384906,0.022020985474869914,0.03888065162302846,0.027481726498949144,0.08627780304585544,0.25300332669702497,0.06995980004996676,0.021833515056583677,0.06676672943854665,0.010880047790100149,0.12956058744987514,0.12310511322446732,0.06973378323508979,0.10446413804134534,0.05324734032777615,0.13562811425141322,0.1512137847435675,0.04520024719714069,0.061035237622577745,0.06922962336335559,0.02985063701718076,0.017552774332906394,0.041081628434691396,0.020719028299925023,0.06955405079570977,0.21445852273341307,0.053704150882666384,0.017405238124688527,0.025773686226863098,0.05349213936156372,0.10269941353458514,0.014653920120997168,0.011580784853307526
0.004378153456740438,0.0055988418570100534,-0.0005280434098741068,-0.020122557718204356,0.0043962170827010994,0.0005528789157222005,0.017014303559141866,0.008291262072051334,0.008376757255947373,0.029657588785522285,0.0011268231608735704,1.8267557595396033e-05,0.00561983945729857,0.027625972425158633,0.0014419616029668733,0.011718350125705747,0.002596193847818003,-0.002437758307898219,0.004281676867931457,0.005708769348730296,0.003932302236560504,-0.009356805925658495,-0.0012684589280619464,0.004380746854680692,0.009318625239611666,0.008544983113954945,0.012842663848573067,0.009485409008336443,0.0003286513994932131,0.001955319706668516,-0.00299364483114376,0.003421623543546614,0.002104001926960117,0.004930494237349859,-0.0008532580533953741,0.0036568245971123907,0.002691870426125804,0.0061167484268583785,0.0143167813839875,0.005377865926126619,0.003663100704117789,0.006068193272340523,0.0067052674088387805,0.0022565752994587545,0.006305399282249015,0.016827122956784582,0.00292983234497941,0.0041740458346619545,0.00031063245683578944,-0.0018821070988069245,-0.0019316718489680671,-0.00029776937235035197,-0.0020870478555619658,0.00497357735526606,0.0029065239427138122,0.007366539608995892,7.061607104262254e-05,0.00932520700681278,-0.0058035193753502865,0.0021250660241460243,0.011780070134433848,0.004575064201322632,0.03003215648066565,0.006330317725391391,0.0005905989928227598,0.004401177038746096,-0.006226514463444162,0.002908146620478304,0.0014085111975847752,0.005998808740347341,0.0020846828318853055,0.000924898566186836,0.0007182211889056286,0.0015880047820389365,0.0008296079453423503,-0.0033389673852069982,0.002205830604974798,0.008865718785747448,0.000547608363405382,-0.0017872561517019363
0.00863105341651065,0.0013617949064087785,9.922436900820016e-05,0.008182471819542993,0.009561813104109114,0.009792269353545357,-0.015706877079945534,0.009799820077360452,-0.0028826313233422623,0.0011268231608735704,0.03493113348611874,0.0030741086281809993,0.005091527926897738,0.003839304693483003,0.005682333710778186,0.0030247231664377898,0.00792441255542893,0.014774749578648293,0.003526127569542746,0.006516223713541517,0.005529968268018717,-0.009940688385844876,0.008136907639948643,0.0017766472496703444,-0.008397685124885998,0.0011393733768004274,0.009325153374799215,0.007046420500745905,0.020072358995818856,0.004170926517361814,0.008637364930719107,0.011527591053696265,0.00745902626247047,0.01487808315256594,0.0058410775657924425,0.007673157846182456,0.0043361223774053045,0.0009207632894951391,0.008163262409296733,-0.005819982550319797,0.007867634778920852,0.010288298607390544,0.010161366947891898,-0.003463959365020779,-0.0013864877470664866,-0.0035393811647330903,0.007685275355478162,0.011472690239825226,0.011993840270949957,0.006189317610256319,0.01017233612894217,-0.0025778316371814192,-0.010776570277590889,0.004335838631601413,0.02198554451212278,-0.0034981561023100186,0.0016465105065614162,0.012434974689203081,0.01379903105096981,0.0076571997427699445,0.002514106535080991,0.013705979091945122,0.012426688025148501,0.006258140040892933,0.0041922930730183255,0.0023960964378499376,0.007903594852079563,-0.0022874128366849773,0.016561583664406788,-0.008242730627908777,0.00841918011719725,0.004492865070343002,-0.0006765324288930649,0.007341556161907647,0.016701788534407347,0.0054952108351463864,0.005037412777116358,0.007285662019974823,0.006402069863179576,0.02965711902454106
0.021690130836584786,0.019272453157798627,0.04140382556852226,0.021719303836844294,0.02176469452145309,0.02687411117560984,0.06947567975218967,0.027263802302322258,0.048886102611607585,1.8267557595396033e-05,0.0030741086281809993,0.05998505947002327,0.03485795752781707,0.04797410902982451,0.033832720639396206,0.057925762554922294,0.04287924746196501,0.028170062266787043,0.01069802567577084,0.01896127241431728,0.021454839226903007,0.07798470327632905,0.030686410731904607,0.010756760790733663,0.04671279204812645,0.032950246652186106,0.03938489531053376,0.04409631354177306,0.024943179798103197,0.03206737757211777,0.028140084694837135,0.04061721032952636,0.038913560031962516,0.056021491438333924,0.03449957824517548,0.027146790292517695,0.026361864127250077,0.022153287075822495,0.048434906163141875,0.027151506639604365,0.037190333345706025,0.020786034059438248,0.0324067815864466,0.03047556653288801,0.028453900851980674,0.023221404706747356,0.037809016516437685,0.02889981241602107,0.01697618782893561,0.02440951668775816,0.023028489635300582,0.07084177064026809,0.06619739599092163,0.0348649252264551,0.01691849539390306,0.03491344229816296,0.010504476065290293,0.021357567154498557,0.05313979155348144,0.03949261045270909,0.018871031470081488,0.02624489812105398,0.05806754262736426,0.05559688445282195,0.04683978172113359,0.032267139296710726,0.0531003901815103,0.009460101268840206,0.012015786979162031,0.01736518822532575,0.017023023530132547,0.049077935868366514,0.05886542395193763,0.01835100004170097,0.016450500761807214,0.010906046963122841,0.02596927589181527,0.03586248282672654,0.014436522895192204,0.010444392434656613
0.02868769521697606,0.024847534412339577,0.02397472720050345,0.0437910462836014,0.019136971535090596,0.025619830938196,0.10587483860922671,0.02846730589207655,0.07556041036463383,0.00561983945729857,0.005091527926897738,0.03485795752781707,0.34389648382906673,0.09415044893756766,0.04217186651434104,0.024136278905606448,0.04497273501743332,0.05274420005327654,0.01941746026610941,0.018942627836538727,0.026898090737256065,0.041810867534595154,0.016708347230417413,0.012062739159056417,0.0491207981474153,0.0326982544511751,0.026716910732617952,0.06958167634015056,0.04230829197059902,0.0645706334673658,0.04802340707884824,0.06051305328642383,0.05135395788200328,0.0658084948249872,0.02897362714133778,0.043001617178173496,0.028486916067548766,0.05932183527534125,0.057182285174983576,0.05545783618889385,0.044802257590271774,0.0011975626465321502,0.03539025064361256,0.03980297458581346,0.04469826325276916,0.012346995269657064,0.05332159121916995,0.03453268244726828,0.014705444129000442,0.016068393015274584,0.004828965186646943,0.05629891651906512,0.10265608971932841,0.05356752524582016,0.025724689174756173,0.03728952166242172,-0.0014312541036428992,0.043158625684838456,0.09557577735472553,0.04775160666754917,0.0536604949187163,0.03266103942114476,0.09585177770802387,0.0759523280037544,0.032987593700895136,0.050126697905431165,0.08879163571366493,0.013626492675451298,0.023876418215052632,0.04108766076574692,0.011610258881779256,0.060876078719208936,0.09162875995535408,0.012372008865416664,0.009269425134911528,0.010894643873057792,0.030797080963448825,0.02746129667691469,0.009114263924060607,0.02730619754960889
0.019287114118740668,0.0354778540382256,0.0459506693273423,0.02974833433583003,0.03665794777027589,0.030649839066325513,0.11057024478169931,0.032180905437872866,0.06938188753048088,0.027625972425158633,0.003839304693483003,0.04797410902982451,0.09415044893756766,0.6964351606176559,0.04142289331388456,0.10961332386280911,0.055942425429316496,0.061118296038159166,0.004855105098301521,0.022906761273704324,0.02023379569050564,0.08815151253696499,0.01757530186104732,0.013104822069414998,0.10962098467254099,0.07103740135514303,0.044814888436002585,0.09121187743291861,0.03680766491848031,0.04361274511851673,0.04470683467955547,0.04874033794495596,0.0804414863319756,0.113650213312908,0.07334022179028774,0.04492255417576966,0.044829187401969686,0.09662937509416616,0.08785941136366279,0.02713924421466375,0.05438318562680872,0.03630841590098456,0.042233572637370174,0.05131519455382467,0.06534954149927957,0.021454971305683457,0.047084934025073716,0.05775295094055152,0.007993797773618045,0.04595871562737337,0.011950167306353636,0.09352222371006992,0.23042525478366968,0.056985686440925346,0.016667405397541045,0.08361019331978874,0.010936171127901385,0.017532308519340668,0.054472993288950035,0.05959926962054916,0.061285232030217816,0.04132718746758728,0.11724907537143647,0.1231101629545544,0.05324349421090784,0.03977121963131828,0.14985141457777187,0.006259469100499185,0.009098727206563172,0.02864701887467777,0.012634241363544343,0.05664517125615153,0.09856261437299456,0.03370881874760297,0.005817367259037055,-0.007407885845669983,0.03968484776163796,0.054448973065268344,0.014145749679696017,-0.00469740445668908
0.016156636997649784,0.019681333437345887,0.025608424006591385,0.011659138274365108,0.013310510684974386,0.01987340402884571,0.04559181310460002,0.020635641209402582,0.03938146751148185,0.0014419616029668733,0.005682333710778186,0.033832720639396206,0.04217186651434104,0.04142289331388456,0.055848806384731955,0.03322823750683079,0.028784017280794872,0.030007867901207207,-0.0003399235018949559,0.013726280112823624,0.01772553865126861,0.03979648139864959,0.026804652838599095,0.008120023440581017,0.05396466433609752,0.015197629457118833,0.022140800234287026,0.02659055049638636,0.016360071044647637,0.026324138009170037,0.024150602133155574,0.04328873929123938,0.030453248800411798,0.041110544060739225,0.02348363840685082,0.021994845209055678,0.016629097971327444,0.020031136438477246,0.04110394297566619,0.03029531652934885,0.03056412464547691,0.021574469827057158,0.020578897834596828,0.021086215070137512,0.017806289272410472,0.006161747250853008,0.024435529442785566,0.022711355595056118,0.0192939969903872,0.020166814776917764,0.011042106073288926,0.04677154242352355,0.04620477585343498,0.03143377042720093,0.008244710022038991,0.027599319771848096,0.007175889988972344,0.03306954437088242,0.0447895569867832,0.024341149045107934,0.014560349550139288,0.022851164402472257,0.04754630923503538,0.035851914028179235,0.03360525052380678,0.0196989266596107,0.03546065084809186,0.0021847617653762545,0.0086577248192083,0.0070037145122125565,0.012198460146154803,0.03313514080277753,0.04293014081248177,0.014097981255797348,0.015042807777577629,0.007359182064554535,0.02048284941778156,0.022906230816411546,0.012749474357061722,0.011873184995613167
0.03648620105752895,0.040837856900517173,0.04948552333762387,0.026308820664353534,0.0325157584055761,0.0323746438739456,0.11774697379040117,0.03629772723989083,0.09572804515061505,0.011718350125705747,0.0030247231664377898,0.057925762554922294,0.024136278905606448,0.10961332386280911,0.03322823750683079,0.28441063197907174,0.052333605258352116,0.045058001988904854,0.016728929226456215,0.01761068014181895,0.01519933250605095,0.07111515631484498,0.04967656236303478,0.012150162165817479,0.10602108980967856,0.07703021527771967,0.05639677461532354,0.07354503701969732,0.02258067126857861,0.04619753071602949,0.03151859313029689,0.04695946938068824,0.05763451184381401,0.04848441960650846,0.03605936328734839,0.03255671099564393,0.03386931308410361,0.04483859464935013,0.04445603997786663,0.039880935641875545,0.047819801026575494,0.04074676343879253,0.04528352133323196,0.04885806038682112,0.05035890755221002,0.032616924400241325,0.02881274303837422,0.02575066150464971,0.017118150021114477,0.04027952831262969,0.021873209003962297,0.07878068817953211,0.1294501327819155,0.050118622832900056,0.01891904703728504,0.052023401874289055,0.017449799215229926,0.05110953809690604,0.06699983435738342,0.05156881586617404,0.026113492393148526,0.04146915074031477,0.07430006370132944,0.1004578953561078,0.05789844959170726,0.04271184262533418,0.08935359323798338,0.024288958478974106,0.012312863904178175,0.045626192714788995,0.021825970311549002,0.04644581135149303,0.09855734690593303,0.02510638275901932,0.01480952373186424,0.020644591743329017,0.04046163159922035,0.049683922741335616,0.01708529787437757,0.001828075621756806
0.017310767623135676,0.024183009806581994,0.03338131268531665,0.03273240429152356,0.028764075582315574,0.02984643126637255,0.0791582525403005,0.03160362895732059,0.07873657545402228,0.002596193847818003,0.00792441255542893,0.04287924746196501,0.04497273501743332,0.055942425429316496,0.028784017280794872,0.052333605258352116,0.09022049583080223,0.03554432675805193,0.011285229916495807,0.024790618623051024,0.022297257873646777,0.06687988393472123,0.027581278026853298,0.01248490423779479,0.04717921087903417,0.03226813455380902,0.05007892652142413,0.059647642983158715,0.03646740806026822,0.04271840650228126,0.038602399749557204,0.043615322573160496,0.04034826296543481,0.0627454568048357,0.020046712142595773,0.03212782542526424,0.03420459535210777,0.03435138342868459,0.04979124442629089,0.036187241413206554,0.04527761442863797,0.02084880806298137,0.0403725943577749,0.035463910558339945,0.03884445437590091,0.028898502674186376,0.04365977126404832,0.03919273603747822,0.021922653538394,0.02590850307324314,0.02566023571790198,0.05768153535699787,0.09467075083231849,0.04470578290840412,0.026094782727194298,0.03917850689720375,0.009585478855421303,0.04020149810913926,0.0667012082291847,0.04721369197575732,0.022670282704504028,0.03434505590807068,0.06466779301287169,0.05761391231562073,0.0387442280026895,0.04488820735759036,0.04842565285506783,0.017441812304372323,0.017587134792715422,0.019304613297617124,0.015066019104784995,0.04432512775088839,0.06899335623967606,0.02763790751468969,0.019296675060312525,0.012789367263416373,0.031219107788307467,0.04750333471942599,0.014414541526572698,0.01922091515926991
0.016947260691629877,0.012375640879132795,0.022025496890715084,0.03366151367560859,0.021932135195789362,0.02961742642147617,0.03502704282774782,0.024059701620416485,0.03675413069877281,-0.002437758307898219,0.014774749578648293,0.028170062266787043,0.05274420005327654,0.061118296038159166,0.030007867901207207,0.045058001988904854,0.03554432675805193,0.16270860454527886,0.008320604842101958,0.01618089578370992,0.009135480984500623,0.03683951116418987,0.029803982044839385,0.009541017112608964,0.03646117829524114,0.051383263400781906,0.04602450090970833,0.04902771216442452,0.030673020271527286,0.03666025680984456,0.005043189280299054,0.03612563792746605,0.02892382488214183,0.04496799773335097,0.02150558901029029,0.029906622607587387,0.026072065263398374,0.039485897673545975,0.024704367196992223,0.01600217350049372,0.022551898030152867,0.029472649180052535,0.04246488765069798,0.02211213564977237,0.0373274926995786,-0.005157675774648778,0.046946488877562885,0.04992471012931304,0.027661773571852417,0.018637008433409194,0.01897137548974038,0.02580142557456624,0.10149834517522366,0.023985107391148015,0.019109027866604022,0.024250963660515545,0.008674538253558333,0.03253655981720386,0.07735038416866272,0.04325398497277916,0.01984098659457326,0.019929731743015766,0.054163223103097964,0.05949514971341243,0.028529207929382232,0.023170971172455535,-0.0021757755827270476,0.004999837297836182,0.011954361311557441,0.00558857974149714,0.011801065359930986,0.03227498176090848,0.06556639979849586,0.02103785868917966,0.026984788133198472,0.010376489447180129,0.024634891829578152,0.06078431658369572,0.01228049519047259,0.02489097276494058
0.010167251580066247,0.007285931633402504,0.005719923677326778,-0.006950052330957475,0.007003335212378996,0.010095635750066608,0.018676968780571016,0.010741289522752741,0.02131481119075458,0.004281676867931457,0.003526127569542746,0.01069802567577084,0.01941746026610941,0.004855105098301521,-0.0003399235018949559,0.016728929226456215,0.011285229916495807,0.008320604842101958,0.04972739620512475,0.007381925278305864,0.017214188257907652,0.007648322471246488,0.0033917058948476414,0.002558301770064251,0.0028069197995451373,0.018066052833331,0.010349512792975638,0.00983585427104863,0.0063651524530153655,0.013839170739304454,0.0004107350172613609,0.0022958429026711975,0.002393412869731419,0.01430249406472592,0.013837301484697341,0.004986740500984828,0.0050520236275811556,0.02049941727268292,0.018732861850715217,0.004390756470214914,0.008556083875624693,0.00761653993040441,0.010131103735519854,0.013413449661843222,0.013519077081134713,0.018170803960842943,0.01397578784370126,0.011223359786411547,0.004945911848738647,0.007195096316804104,0.007853069126107047,0.006841821224846778,0.0451654175675404,0.007841974416762985,0.0070048440945331475,0.010128232268722752,0.0056810682359192295,0.006983173619230159,0.00934810403459123,0.013571356588225515,0.017781867440575125,0.008462667935276322,0.02625400560934771,0.023247868303014438,0.008396059838041002,0.003312658901600822,0.021375933479320194,0.003856310826249047,0.004353628538349814,0.007899371393513238,0.0039077680207672775,0.018611202044115524,0.023241093722187488,0.004215695716210077,0.004952127940845826,0.002051975186560512,0.007933175142115395,0.014203343079587904,0.002551869586644322,0.008861677172707878
0.010641217608393275,0.007870229664844002,0.012472177996587947,0.00900940156210427,0.018202789736980828,0.014124151511155545,0.030823488908761246,0.019566099326087584,0.036673174444348464,0.005708769348730296,0.006516223713541517,0.01896127241431728,0.018942627836538727,0.022906761273704324,0.013726280112823624,0.01761068014181895,0.024790618623051024,0.01618089578370992,0.007381925278305864,0.037946471175179575,0.008343977079098381,0.022347886521376228,0.01358619508633384,0.006725505311339451,0.017683941564909635,0.008948889328558248,0.025112750427101347,0.025307834671215133,0.012603864833692805,0.014688773831867003,0.018309602409127563,0.021263836033744047,0.016105155790469058,0.02674715922682934,0.013187483260100087,0.015192345289481464,0.01859676522605494,0.012471869529544162,0.01512331956895483,0.018452823687997135,0.019390010478800374,0.01203915920957913,0.022455667336717826,0.011267052215918042,0.0142170087439668,0.0117732574393458,0.02854424194072772,0.019034595836587506,0.012393429473772468,0.01618797378627356,0.010295751258791154,0.016969511982744333,0.025316641989926506,0.017500649702651,0.0115188638359676,0.0115060855260474,0.0043689158834136575,0.018985772114211548,0.019714964297575806,0.013835288756069361,0.018329689410050042,0.01382289115266211,0.02912995375438619,0.022861451810295363,0.01837364414844362,0.022351180053124958,-0.00010364966437718893,0.005158432141267063,0.005742775212160227,-0.0027996456844718415,0.00906356732105814,0.023130179423519505,0.024696234273788767,0.010554378410324451,0.010376257489163128,0.008678682807539806,0.01357399534180109,0.020859845200456913,0.008806799545733823,0.008419788209638658
0.008135463405267973,0.00585910447844107,0.019973495894883817,-0.006762941734194417,0.013864321851689187,0.016642172140089485,0.041671231453048636,0.0166353063257892,0.030376640495481305,0.003932302236560504,0.005529968268018717,0.021454839226903007,0.026898090737256065,0.02023379569050564,0.01772553865126861,0.01519933250605095,0.022297257873646777,0.009135480984500623,0.017214188257907652,0.008343977079098381,0.21749670891253908,0.01612183532421041,0.005355229650299172,0.008286636137237678,0.00912760601245855,-0.002508689518327757,0.02510149538072961,0.016671209197281784,0.009545076561797195,0.012956920970816339,0.014143324666134325,0.019864882956306017,0.015745945419158087,0.015216126900296419,0.0272399340648836,0.0024400834103812056,0.003723104487271896,0.004015883685504245,0.02536650084391505,-0.000880958085271664,0.016166005208321076,0.012341310486230052,0.012929200607533591,0.034510998057610875,-0.0035732532504810224,0.012942782109359535,0.031282027126044824,0.016272714923000378,-0.0005352886195657925,0.02071469687340035,0.00901236214401688,0.02624816848432894,0.09189777881419456,0.019846311414678408,0.009764466335334227,0.00024750738634425406,0.009250049735987344,0.021775184849758326,0.024039143101018224,0.017393563307645344,0.003103009607606922,0.011052623870604034,-0.006396915771133292,0.020346297206435028,0.010145330046578535,0.00961919998364736,0.022826620168264034,0.004994196239808101,0.002757806030368737,0.005696459537679743,0.009987340664058994,0.02279866674732324,-0.012927062684271727,0.016262164686725207,0.00423615805399103,0.0073544957614896465,0.018278361162346296,0.01705641243406178,0.007119969299342341,0.009285947051657245
0.01729348100125855,0.025487322764947067,0.06092636086526075,0.030031484517465405,0.019437863380257013,0.05606370880304714,0.1394875926931814,0.0420960610027694,0.08791584541547987,-0.009356805925658495,-0.009940688385844876,0.07798470327632905,0.041810867534595154,0.08815151253696499,0.03979648139864959,0.07111515631484498,0.06687988393472123,0.03683951116418987,0.007648322471246488,0.022347886521376228,0.01612183532421041,0.580788432607942,0.05276631263862442,0.01300448877681604,0.1463264095695104,0.04493779468264091,0.11341257768772879,0.10194035364516398,0.049513439327855006,0.0582428507819948,0.08465991314779871,0.06852522553571425,0.05801798799873955,0.057243671054406635,0.04797832052433753,0.05645492799788077,0.02039949284316992,-0.035414056567576555,0.08718617302478879,0.03440333890597376,0.0437909139520433,0.020315835249656623,0.05515044218572137,0.06542196403895066,0.07511300567196537,0.04329830115525892,0.04660952143633285,0.03808993761226343,0.005689032889513763,0.034127040119602804,0.026725551264819136,0.10415306317665134,0.1334209621086715,0.03412311015942152,0.018828130918789814,0.08762581170164621,0.014357348563915647,0.03310790143475689,0.06788125898126197,0.06364255918616121,0.011336489864193347,0.03950763480233975,0.12419903135096871,0.06133521781695025,0.06949319407228606,0.06256492855054632,0.09776694275842175,0.03203811223819598,0.016400361515078773,0.03118505034737495,0.014821145214204405,0.061718795856381604,0.13227336226847225,0.013151398204804727,0.024087294879308246,0.008652084240848115,0.07402656002733272,0.06702049244397693,0.02728482114342794,0.018453779930595635
0.014575561843799743,0.013993931455346416,0.02541256673763969,0.023542487265026082,0.012572540245943184,0.019685242033891607,0.02776653396796441,0.019963623421716845,0.04342408589142866,-0.0012684589280619464,0.008136907639948643,0.030686410731904607,0.016708347230417413,0.01757530186104732,0.026804652838599095,0.04967656236303478,0.027581278026853298,0.029803982044839385,0.0033917058948476414,0.01358619508633384,0.005355229650299172,0.05276631263862442,0.06694090291084742,0.006213129744997655,0.032181462779785175,0.027301719282679514,0.03165148834470529,0.0314865027604607,0.024076120715109468,0.020256865238827096,0.02054425023555139,0.038752519969085464,0.02679177004311448,0.03396847437904651,0.01691128167145733,0.019499396301758794,0.010507805131041999,0.002404206891792834,0.04055156151706492,0.018992525556283352,0.029168990399342416,0.02232818828233869,0.023037018621378247,0.030421473001299403,0.022785203203470016,0.0009904924925094193,0.02950018449211952,0.02846019886496038,0.01605581409179574,0.025978566736820682,0.021183787123057126,0.049920907355771225,0.020315313488972305,0.026094815661472995,0.01186262419673298,0.020287214017220535,0.009043653909741073,0.021530861455825015,0.0446334405301862,0.028452459521234607,0.01419232971740486,0.02102985288897222,0.05337828536396755,0.048587873261777215,0.029383024703533094,0.026118342366643878,0.020431621066754953,0.0021761494502597224,0.010566084331617116,0.003825117467505455,0.013136978099045082,0.030133606479961144,0.038043654350292534,0.014545277564418044,0.017893677070213946,0.010025702546409528,0.019393640426291034,0.028678199466058762,0.015249223289996542,0.01954168380918763
0.0044882935854995976,0.00983012286444655,0.0074671190287227945,0.0068340161557465615,0.008954620443395726,0.008898559467803817,0.024636128125865322,0.010685659014422645,0.019250993828763715,0.004380746854680692,0.0017766472496703444,0.010756760790733663,0.012062739159056417,0.013104822069414998,0.008120023440581017,0.012150162165817479,0.01248490423779479,0.009541017112608964,0.002558301770064251,0.006725505311339451,0.008286636137237678,0.01300448877681604,0.006213129744997655,0.0125503534074772,0.010469419039262223,0.005106528690750663,0.014956904097232736,0.01640811607898986,0.006701191410644611,0.00953665616739279,0.009428771890864001,0.011862135485971424,0.013144890670755536,0.009806894543565618,0.004432399709825906,0.010158169113188658,0.00748528207628434,0.012841226020752402,0.015978622124686495,0.007887926087718981,0.012279749190009435,0.007262937587462233,0.011706069544284112,0.008815422886205135,0.00831808090638554,0.01328741920677332,0.015577848004064592,0.00686589131079674,0.006920328913661162,0.0031314089138799696,0.00517629352988363,0.021455631730289994,0.0222355034715252,0.014099156064400514,0.0072622592955703886,0.013344702688802236,0.0020025231984900273,0.005627267474788271,0.012354784022922189,0.004139224632146653,0.008347025343832507,0.009867939763192722,0.01919684835163077,0.017357371374124655,0.007601630554596518,0.012255685872562715,0.006801949619489962,0.006723276898326699,0.0038420848165426416,0.006068736942033139,0.004387053095260818,0.013899614579607122,0.015132760688987501,0.0067024108810151695,0.005049258132040345,0.005065959107831468,0.007159488107613187,0.012029248871522413,0.003093760811380747,-0.0006458412368806135
