1.3398339612862769,0.035924707418672125,0.028498594587826418,0.10260405645512669,0.027313906457787397,0.055031510241956946,0.07145087202603448,0.0007620825814314378,0.0823009611783324,0.03976771492317056,0.04519893549664286,0.023829203754570497,0.0288438913442101,0.04405314582716998,0.04184994400570912,0.05720151917906391,0.0479532984099758,0.014264874378702025,0.01867864003827993,0.03470790986206714,0.049013610371344024,0.07190624199475112,0.08766965681275822,0.018281868636994256,0.0539237973898404,0.03503206373094583,0.043711090808545176,0.06969152543932093,0.04441855183442453,0.03364519210756421,0.05310957251028955,0.016148145178217665,0.02405545997233229,0.10718318302488235,0.03539587349919713,0.09157144488690845,0.036281672931427145,0.03956904233009483,0.026070269681149817,0.12542676947888612,0.04050751542587407,0.08538287467741458,0.04927131932104054,0.025647651542631305,0.005754482821190909,0.04742585967047971,0.03306913554774439,0.04303830719113557,0.03389429269060801,0.08648335056428991,0.029654793363844942,0.06423942592499664,0.01851702469481767,0.1528753009225583,0.033165947355978914,0.05930889373988134,0.05366146792837327,0.08677093369728488,0.07038884542791221,0.20782219483214162,0.035297186952374104,0.07958600097723065,0.10546214928746057,0.07060988418593445,0.0005877854839354109,0.055183243843649754,0.04226262960576072,0.02990917262277041,0.012165701602693908,0.02158480330569044,0.04134893664192997,0.028506108887447545,0.03331402339454817,0.08442059787381573,0.035732888289828894,0.057750029823665554,0.044267874353077545,0.04921881993048246,0.08000043684096152,0.024748878090382842,0.10918458139998828,0.033581451288977535,0.0315023117151637,0.04151922351004107,0.11535453896591,0.145462833897687,0.06511892889605758,0.03863449802900725,0.018150767573518543,0.043951408519167116
0.035924707418672125,0.029137355168245303,0.014064405086846197,0.021791882409390367,0.012585435324780365,0.032043309298623826,0.028417152691493114,0.00786979383473241,0.032736286335030444,0.020609591277296342,0.02224867715435058,0.016416096542147554,0.012062842297517315,0.009936690879009107,0.021986963514807417,0.022074576592369964,0.026478042113712012,0.013378342627364514,0.010562574637220736,0.03259804622377522,0.022773962273043742,0.020393678568146625,0.030773480950328343,0.013416067160033431,0.01778810969454219,0.018033442622229286,0.008590466749933013,0.013581074622866488,0.013602786061775486,0.010576560081569427,0.032505320073360516,0.02204807821012959,0.03257739125418872,0.04347480441650886,0.012669153818589086,0.02992190071765273,0.01955294584729175,0.017222792857837257,0.008943762999685176,0.030395936900203608,0.016116083408652736,0.028672095848249677,0.013633024253307821,0.023166966960332283,0.01826284795230085,0.027770489602745346,0.022547641292559265,0.023321841271303278,0.0032186021525237134,0.05169099420203058,0.018255747840643016,0.027340409542260156,0.005765321383264712,0.0336379205247898,0.01700344721964762,0.025944759155190785,0.02320247227821336,0.01801724751530327,0.02905952790363571,0.04558921828006477,0.01856559667402837,0.028082065382147622,0.011740199583333322,0.029673749375594128,0.0001428059801956105,0.015521455818329992,0.022497276505322867,0.017104134463979605,-0.0003704123255312815,0.026433349119086114,0.023874997999059844,0.010475268636362311,0.015749366343012806,0.019055067108638434,-0.0012615598306226965,0.03692418005733992,0.011117405393810044,0.021569157512464972,0.036890457323812964,0.027982265409192138,0.038894033671417076,0.01626670574641582,0.01436724659405169,0.03482067320190941,0.0320613061404229,0.029230720528515004,0.03395358175568005,0.013082413033605385,0.006014598319328349,0.020706003380818207
0.028498594587826418,0.014064405086846197,0.02066536087804626,0.008965473040400726,0.007857744392135971,0.011347995152997484,0.013525272933178257,0.008405534773205596,0.011889272430800455,0.012538851794504965,0.009905754280761863,0.010326606847517112,0.008785071006907048,0.0056684261414138145,0.014955192567552487,0.01904843420467102,0.014061271985692724,0.009345372814393517,0.009227618059608325,0.028091570242014897,0.012672064521211161,0.014463175625264469,0.02301325258495136,0.004767532786852652,0.006116497999330134,0.010893473717960862,0.004363438651865374,0.003088753625604372,0.007589241421898705,0.008736435161496733,0.013114929256027662,0.010544000472474713,0.02209196738910554,0.029950308522669826,0.006655567042247057,0.022699438669238507,0.011117271679659195,0.009225382733798908,0.0048945365494902585,0.017004762774274314,0.01225326219503186,0.01638689358174126,0.015743207324408093,0.013318319336392563,0.004594693178940356,0.009768190089872855,0.014667372368967459,0.013410944708036082,0.0025663291381619207,0.028659169076029178,0.010632017437286985,0.017361298999067704,0.005071042998238638,0.015952587120259123,0.012516115842168045,0.016360540283888492,0.018191965811261136,0.007882449815350277,0.010427461193793877,0.024386013226160807,0.012432798476166856,0.02021658356318618,0.006154120381314561,0.0125467260701588,4.224178599754167e-05,0.010856552646236799,0.014851731043212971,0.009637131955496571,0.0032988903457090105,0.01494812494254458,0.013762094074433406,0.003783545156612843,0.009130308187006974,0.005867148517444516,-0.0005046195773522016,0.014870241267025413,0.008440597313880532,0.014775129747521064,0.010672788815737452,0.012128506580942501,0.026421161404142485,0.010763815913052054,0.010049978103966368,0.020963637236692718,0.01518721430842651,0.018618271765497792,0.019778713264503072,0.009231910377213028,0.001517953281247771,0.014542008995307446
0.10260405645512669,0.021791882409390367,0.008965473040400726,0.12160752159937513,0.020989678001752252,0.04864378718959808,0.047499480519806514,0.01634562098538332,0.09486302107130969,0.021173789177127072,0.047918195098233994,0.018457227012697322,0.009984159385031569,0.02484742368448323,0.02779666067865148,0.018830871913467842,0.035084429692044575,0.024323507068812252,0.005849586505000985,0.0640950543004066,0.037478257468689165,0.03290077238059846,0.04233374207225723,0.023422162735734376,0.03250612081163139,0.03138614444119197,0.015184444750995925,0.03525463867230375,0.026599693012398052,0.007369060047582573,0.06728368394015882,0.03767788416328686,0.030431031161485444,0.07041476971340335,0.030365403029800304,0.029816084147883042,0.017417737478704697,0.030874072179074,0.0007965877365093576,0.05695789347830235,0.01920528390342082,0.0452598128357967,0.01977259135183102,0.03169990712836651,0.034590742000242466,0.042847676445377965,0.023835475643422553,0.031308099412495016,0.00810812425639312,0.06317877124192592,0.03642201280145719,0.03522702296805966,0.004604227864370831,0.07255190653483055,0.025302850746437622,0.03783827581841813,0.02780737225766058,0.045682425098305286,0.03763751604915173,0.12518309155289603,0.01777249424151787,0.02488165905996056,0.0591428148280417,0.0413138971439627,8.557009804988704e-05,0.03978425081787199,0.01996204159681368,0.014293705203356592,-0.008234119544724585,0.028870846668371378,0.026593209920407215,0.021337757869579557,0.023203272372128752,0.03992350019272782,0.008024354844458789,0.0527958426438302,0.011985212265671952,0.03171677225897112,0.044671938802676246,0.031025591093391935,0.04234600066546762,0.025304131908744042,0.02272612212201442,0.05306103435812147,0.0333332831593689,0.04733936677039906,0.05068293127591373,0.02571258225020214,-0.0026463696297202807,0.027180817577456003
0.027313906457787397,0.012585435324780365,0.007857744392135971,0.020989678001752252,0.0775404364513436,0.013757344908784703,0.03235724006443548,0.03128920855674806,0.0420582681581225,0.015789514830083746,0.02463011941278157,0.024907504376184796,0.01778446594477326,0.030035862104076886,0.018838424959441328,0.016125727081902932,0.0326516191102182,0.02612230324370909,0.010005933319647938,0.031449275318123075,0.021287307433303156,0.014002344772295845,0.037172018917092244,0.008300477424716063,0.02261058166386659,0.01898803362763992,0.01624661419612839,0.019495276056867218,0.016354927206521805,0.010249172969631492,0.02202729215997802,0.024922945447585113,0.029234716874983326,0.027140354450242786,0.010107428249709472,0.0299053700700628,0.024722319107447148,0.027710395190574107,0.007370027685847326,0.01392060168175822,0.01423164550619855,0.02824895843575857,0.00720454049030743,0.02336845729847133,0.00816715810444474,0.02793288466160583,0.013602309117106129,0.021823781693945284,0.012421911476340924,0.008546603023866213,0.013200932695334008,0.025044597773907107,0.0047589638245424,0.02737047829674111,0.012889981474928572,0.024402171497296336,0.01007680034753743,0.028409498098202056,0.01573526470104072,0.01137737729981364,0.015201972052668862,0.017675032281700864,0.003371010697201203,0.017149908059948517,0.00015715444301004825,0.018827950474349407,0.01356254666454019,0.008793206113350228,0.008695597190647926,0.011459109248599778,0.026283391943493006,0.017534351667210516,0.03706239286488017,0.008549222228582452,0.009728448760641209,0.02822261195132992,0.0133206542448759,0.01600369518973469,0.017993927399461877,0.013706748356971967,0.01975577793276756,0.006952387297775396,0.013506398583999893,0.04769069170450809,0.017857625517309916,0.018066523051845994,0.033246352310278005,0.02119169524002672,0.00568909535689587,0.017830342580241444
0.055031510241956946,0.032043309298623826,0.011347995152997484,0.04864378718959808,0.013757344908784703,0.39116723601521475,0.051974576188637434,0.014078347243627921,0.09645415517136481,0.02999504150521962,0.05394259426116236,0.03686159905850999,0.018231991148888734,0.007168168935921497,0.03235301794573291,0.05163042605461234,0.041626165124886816,0.022096202543566697,0.0258340720373203,0.10009170398632249,0.040160729205163274,0.03893656427477823,0.057638911343120776,0.019839127199090995,0.02629021353663392,0.028602750315119694,0.015240499519622312,0.0932923569993393,0.029480000632006665,-0.01259116427530601,0.05834208338787697,0.04504737623198029,0.050274814254929176,0.12440191696895397,0.02950799083060172,0.07031049575509153,0.030907473394837532,0.020926599261932455,0.004818949978810915,0.04146800995485472,0.01396153796998112,0.06757758992037441,0.00789479473409594,0.04586360418181972,0.03153385676673901,0.04517944088502466,0.026300414010628388,0.02412105315968124,0.0007707929420963464,0.2244225169184712,0.021711421698150598,0.049484087939646405,0.008265615657760381,0.06537495089638826,0.02919677453916368,0.04506938175130154,0.03483661986108315,0.044349811070705875,0.04817531820388972,0.13138462387523425,0.02993621585385713,0.08276906897869801,0.06303595787305415,0.03147324780630379,0.00017644754478179486,0.04002622188916603,0.04242160587648609,0.0372820586502328,-0.01135258483462711,0.027986071498615255,0.024188675122929656,0.006422718558423959,0.014561295580011653,0.07954438619065447,0.016197714623482292,0.11941977808853785,0.028133292715172495,0.028276429490695837,0.10363010807530011,0.03023845184517807,0.09701032004720242,0.005358770901255598,0.021605809144406237,0.00866673235407427,0.04982055660287166,0.09981580988516656,0.04224864698033788,0.032442336773055455,0.008071492974380728,0.04141891336831572
0.07145087202603448,0.028417152691493114,0.013525272933178257,0.047499480519806514,0.03235724006443548,0.051974576188637434,0.20581246093383598,0.04337257109231201,0.09368401515287227,0.03766913162893286,0.058096700633703,0.04034636333225747,0.022118470026532947,0.034731597839880154,0.04648641350736143,0.03919822811187364,0.044282141572294986,0.03930785872866019,0.02085647628042196,0.06529437677906863,0.045395359288250364,0.03733781038222379,0.05345068948132936,0.02565999362058533,0.04087770267239572,0.03704968026989484,0.01502162965357139,0.06183741638714843,0.02681136668047817,0.02968464835917943,0.04101358403486531,0.06257903105625605,0.05533600824525967,0.07257295028775901,0.02032771799758284,0.07432156218307547,0.042020940483255685,0.057797247577554764,0.020993362815472292,0.048131110251534374,0.05376245624010536,0.056940707936544495,0.018620675906060452,0.02597919119043517,0.03944306783533018,0.07332303159758145,0.0347791377657362,0.04808940523828477,0.013385920987729677,0.10724154291005768,0.0207588776455101,0.04751863498096395,0.013130869700210377,0.05525602816379725,0.052792204789998756,0.05741199719081381,0.033962961307127705,0.04255533094889555,0.039459660910888726,0.0955771630890349,0.03004576775992917,0.058788920219891336,0.036443165715494795,0.0227675687222054,0.00012898952525214455,0.02344746189309929,0.04238530330751537,0.027164058952778628,-0.006428012172161068,0.04569922066326949,0.03684352295506761,0.030359400473661147,0.03918174172753654,0.038001662567624626,0.03329015067522784,0.0607441177388694,0.023538717177397434,0.03583870258939404,0.0735697474654502,0.03116151354787453,0.08048334674892471,0.03739487831116396,0.03107606248280748,0.05723284606950603,0.03777416641199684,0.038846614987103456,0.06631574217903201,0.03034574546502135,0.009989096920315325,0.03469013662089848
0.0007620825814314378,0.00786979383473241,0.008405534773205596,0.01634562098538332,0.03128920855674806,0.014078347243627921,0.04337257109231201,0.09851234246418318,0.038862135860048205,0.008238560301715667,0.020828462939338866,0.028846627225867616,0.019518716259858678,0.01130754235360767,0.013243464827351501,0.005281824710910203,0.01572682940028299,0.02589911198908589,0.012163466737172871,0.02808648503601332,0.009149866776290426,0.013621035092950397,0.03347972015129272,0.003710795306664961,0.020726171937419578,0.01957699122158073,0.02136447831281201,0.03473723894803296,0.015452809951057904,0.021765560335409308,-0.012659776022068157,0.028320934142212983,0.024843892229235477,0.011680389403405036,0.001204718076060061,0.04926667568105057,0.030522499824689873,0.01932286584061775,0.005177845869014171,0.010733684049907382,0.03218651736005915,0.021946316762599952,0.012556543043204015,0.01966042026388381,0.009195258900492501,0.019290075144706553,0.005621048930033234,0.009856726261636627,-0.0048502403720191035,0.009320552763084456,0.022065673478546963,0.013806437004608192,0.0032887662575848894,0.002647409632103329,0.01259455586552766,0.02370504919518468,-0.0008624002721887308,0.01210366974902677,0.0022515345119739154,-0.015515549480540597,0.009742340426414552,0.0165488897831525,0.013443287783189484,0.012159803844014312,0.00023034022156397978,0.0055159945101204465,0.0014491888483754176,-0.0007569951286269301,0.004489006830851566,0.00903482076835381,0.019734412458408797,0.009336582869751189,0.029762915185054792,-0.005311409736440212,0.0328006457470743,0.013587571969874099,0.010311043544350968,0.005274146663493141,-0.009762228353822431,0.012967820929329186,0.006673922490380128,0.01580358322432052,0.01150132509143546,0.030882427095056262,0.0023976764415813254,-0.013168042227761743,0.00670144554442263,0.023051485174919877,0.01387272624743181,0.012078694149988365
0.0823009611783324,0.032736286335030444,0.011889272430800455,0.09486302107130969,0.0420582681581225,0.09645415517136481,0.09368401515287227,0.038862135860048205,0.9706505899246121,0.03426733581484489,0.09243521920056166,0.027755632984308994,0.04367235387083662,0.007845136933947847,0.04582321568949139,0.015101409223982279,0.09025367005591199,0.026862735449015126,0.021078454924264547,0.04863171155627191,0.020711050737835336,0.05625115997559301,0.055961817453189885,0.036064804198843815,0.05815666347657975,0.030812945998564066,0.0443834101143086,0.06773597122598804,0.002873642394217128,0.008379490235456503,0.05608833943646628,0.042853690027365374,0.05658981563728409,0.08983499002580772,0.04844486685708321,0.11602818919912572,0.09245865997081554,0.04468560735302939,0.01759875048842037,0.11826977477069721,0.012188137982109033,0.043236929583723244,0.043630986468687995,0.04826235661827467,0.04090984447796852,0.04650107539296992,0.006159666948002924,0.05029630773904572,0.0940733207565558,0.2050526072793759,0.03174820178429864,0.06700405049003788,0.009621117639776583,0.09413467229125028,0.058683103195595346,0.04897877553657969,0.009112636019309936,-0.012442487079610544,0.09003422971083991,0.18320131150465527,0.012093973840576018,0.06545877106689721,0.0963251657574298,0.0384112087497741,0.00010746353897480698,0.09601486899238901,0.014612725444447795,0.036716919186422406,-0.043758885111022494,0.05275625913297149,0.06774162483624027,0.01913978321987292,0.03362740498596926,0.10889833776497998,0.03697818668655326,0.11006171039221335,0.018186124357688276,0.05146274452656835,0.07522389567744595,0.0561399672193258,0.05490354507984019,0.07484486460602924,0.010611661030372145,0.11435706583701856,0.05703874812474393,0.12123404069282372,0.1081707796813685,0.043167893163293204,0.0035729453759463926,0.05735155661595024
0.03976771492317056,0.020609591277296342,0.012538851794504965,0.021173789177127072,0.015789514830083746,0.02999504150521962,0.03766913162893286,0.008238560301715667,0.03426733581484489,0.056763600934484605,0.029583628263586934,0.01882919673259793,0.01616846141560191,0.009549937045992463,0.022737731126296616,0.03368257957892197,0.035498735010100264,0.014896532818840964,0.0201367464366744,0.032964787075768276,0.024580669471707887,0.02398168941464197,0.03033525112540084,0.016529586284403458,0.01588407882032174,0.015694218335506643,0.009273826206603332,0.022766388658577705,0.015340433438265222,0.01576123603234645,0.03643219420204633,0.021772575978046164,0.039075184255159365,0.05102563207880266,0.01942863582848351,0.02726183902924407,0.02323704920289843,0.02247949735688716,0.018404294744196283,0.04606045258065434,0.013653387094605288,0.028094714001294256,0.003909408061568013,0.016027186296926052,0.025332475286266892,0.03133338438829603,0.030658729769347522,0.02812927636443953,0.0008747943243696283,0.0655115057989018,0.015812526130647472,0.031000829784287393,0.009759380787322585,0.03067111208082525,0.027356660798707876,0.030455263600801447,0.02769225760602866,0.015692788760129816,0.02552354685107292,0.062213479372088584,0.018393863858809267,0.045854946244494904,0.023109208443426617,0.02254845551604086,0.00020092623977829418,0.020537125343888223,0.032122964412038366,0.02335830356630453,0.006106471141592631,0.02863108071083399,0.028230332251746308,0.007270051812183526,0.011557815256167723,0.030454303545051277,-8.766542521849614e-05,0.04753797829461118,0.012291703618124115,0.028764695198004165,0.06302100010504905,0.021194729712332917,0.06751024702035598,0.018773060741933863,0.016867625841791967,0.037338329326104244,0.031618051129326724,0.04431056124363644,0.04606773446496935,0.013227442440142108,0.0033831078262693904,0.02430954714897903
0.04519893549664286,0.02224867715435058,0.009905754280761863,0.047918195098233994,0.02463011941278157,0.05394259426116236,0.058096700633703,0.020828462939338866,0.09243521920056166,0.029583628263586934,0.16488403522528822,0.021912887409607885,0.013090369409869781,0.02955746638085165,0.041252917325239113,0.025861707093286068,0.06223635568500882,0.03211138525619754,0.012898659478488114,0.07018936078944907,0.05289088187347901,0.03465183341647227,0.04342101203447018,0.021331528051607065,0.032418592696244294,0.0200692908312613,0.0006706315403156961,0.03229586987123421,0.024384524793468327,0.00779531837819189,0.03308393317340323,0.06205621187497735,0.05801476539659249,0.07328359328534866,0.020045570297840577,0.05861690240532669,0.0331645186592977,0.030731358291961292,0.00019462330224331485,0.08816684003124606,0.03488146188818665,0.05404664498734852,0.012056241469682398,0.04851515471823052,0.033827186702949104,0.05388679536850943,0.03204410073177338,0.035154621499825726,0.0018725548541351305,0.13520232646827113,0.019766723143080436,0.03693411528447789,0.0097435685629556,0.0526325651449146,0.04019944872534703,0.045337064635589064,0.0380301141224215,0.04957398074111169,0.04989923710813748,0.0991244853697168,0.028152803776390102,0.03148177079089408,0.03157302492986697,0.03877885205500989,5.5733959201415226e-05,0.042976158540704135,0.02929831051753045,0.021117752294420897,-0.002426334703111051,0.04447625037544409,0.03134588867780953,0.030311572588983694,0.036515207591422454,0.04764258335930336,0.022775909066662364,0.05842193874750292,0.02692364566562516,0.03231805926766033,0.07037663114356311,0.03329729161174383,0.03688594636451354,0.021571841527314218,0.025866947074812945,0.05979498204240626,0.05869116223263336,0.04407828197386066,0.039261734254386754,0.028588636839842054,0.0027952129102210696,0.03650523392910337
0.023829203754570497,0.016416096542147554,0.010326606847517112,0.018457227012697322,0.024907504376184796,0.03686159905850999,0.04034636333225747,0.028846627225867616,0.027755632984308994,0.01882919673259793,0.021912887409607885,0.05494677409106773,0.015434708884183265,0.01931823076627019,0.021058547836847116,0.017697435879943234,0.027068434737819606,0.019017836475359783,0.016025735234209134,0.02355831164717623,0.0193507572751336,0.025029365332453188,0.0339077006516037,0.017514437374279043,0.025893323544743416,0.018842674234190223,0.027502382504710026,0.024775783910935996,0.015925613974911636,0.017678032236851857,0.022092344294217105,0.02417013850023982,0.027989396476988546,0.03069524626016118,0.010556263959019029,0.029992971009508686,0.037060512172017765,0.023728523823364638,0.006430814262657238,0.016859331612767658,0.021949917693211037,0.02644824691693845,0.010796827522715133,0.021440294389143907,0.017221631813867665,0.024106701261927547,0.01754136266164583,0.02365250293639315,0.00997452754307792,0.045066595762445226,0.01409679406787682,0.03035481515338161,0.005180809343800092,0.00817049574695925,0.019266819055556356,0.030260268461336618,0.010385652940769909,0.02537016633019511,0.0243981321510056,0.02482970170536519,0.015456100643105864,0.021188466439156697,8.166572717261952e-05,0.019056447977296463,0.00022895053855045652,0.012997406934259284,0.016854614046394427,0.014272540463213992,0.0027099198843597377,0.019270958985074197,0.023907733594596282,0.00936084019830943,0.02581487344906324,0.01879414723870116,0.010497317660861186,0.03281147101316498,0.016526788141509346,0.016689172186367937,0.0217224697677876,0.019891297351024597,0.017982740433506575,0.01495476285117145,0.012516598587858602,0.03451482118719317,0.013812155215807202,-3.758696491196241e-05,0.020504930391954654,0.016808007189645664,0.0063996456004479785,0.020382549361128672
0.0288438913442101,0.012062842297517315,0.008785071006907048,0.009984159385031569,0.01778446594477326,0.018231991148888734,0.022118470026532947,0.019518716259858678,0.04367235387083662,0.01616846141560191,0.013090369409869781,0.015434708884183265,0.03470282290846197,0.007778448590100832,0.01642375907577394,0.015221798678974384,0.02340556670673356,0.0102725237843319,0.017555249995724033,0.010145718104344543,0.014107031634735255,0.020436626559801226,0.017778994905213886,0.007098318876220301,0.013227787844288706,0.013104014925066632,0.015097759103589908,0.011808527110029637,0.0075800796070842535,0.014347497051008516,0.0145718951119656,0.01965240719819569,0.016723082335926388,0.023861979795814274,0.004634683061483677,0.008346656641259784,0.021998557461006287,0.018678163075845158,0.011942796636042089,0.013992590702581301,0.01593380180802545,0.021261536156321818,0.007468284858420627,0.018476891777078966,0.0023835278434830385,0.01881526726067133,0.01223083544491547,0.01721263287372973,0.015584473786689052,0.029340523243721092,0.010756756952216616,0.015553193475938455,0.005187418403133467,0.014038618204163408,0.015992249593872923,0.021144725045855583,0.012882057390717364,0.00621999141935016,0.01149895014866593,0.01597582549749307,0.01118066277370515,0.01744643025148163,0.011213032885287437,0.01195704012311209,0.00010453106579732311,0.014530866350122644,0.014838596779041972,0.014840722424869585,0.004972351652372164,0.014085183290188517,0.023199565323215647,0.012006802850490907,0.019370690442651568,0.01596297333959217,0.004054467742446409,0.02363593739817445,0.012936918308983194,0.01568507187579149,0.009771506368026362,0.015053640926486147,0.02602455094284718,0.018190620033083468,0.009200564109404683,0.024339903221304318,0.01930894864454917,0.02251126602166004,0.017239211145418768,0.017181802414048847,0.007557416665191436,0.016909692707099033
0.04405314582716998,0.009936690879009107,0.0056684261414138145,0.02484742368448323,0.030035862104076886,0.007168168935921497,0.034731597839880154,0.01130754235360767,0.007845136933947847,0.009549937045992463,0.02955746638085165,0.01931823076627019,0.007778448590100832,0.0757930113693038,0.025164548804193713,0.01664390395230533,0.0311658282487684,0.0268031471377127,0.008917107268223107,0.037169718280905324,0.02563942901499399,0.014251134544015403,0.04429664198417317,0.012112013167079258,0.02528678066751942,0.016375744299592942,0.00602362943147517,0.025753267050956305,0.027585794504494564,0.00693873903163971,0.022177432263252504,0.031204643951595938,0.031208845132005145,0.036926399336119874,0.009260119018639663,0.020782770647759203,0.013209146762474576,0.027801336188571554,0.007343818314719471,0.032715195143346816,0.013043823286354199,0.027573423830002504,0.009003869997026688,0.02546160648903553,0.02082621479728712,0.034096539648120365,0.020320659283207816,0.01928211098865846,0.004906775025872046,0.043407407778360114,0.009949825569563975,0.024179499058280575,0.0024296997034470814,0.02527028449139715,0.016886030906453516,0.029559581017128102,0.014372377241893929,0.03465395182491979,0.02536179550188211,0.00862568785586856,0.015204931838904874,0.011137533868574247,0.004201736047298785,0.021832849886481362,7.47791352789918e-05,0.018700374309512654,0.018461138953190084,0.008417302784869385,0.006064416828888594,0.02051025586990367,0.01597798713860859,0.024583233289671495,0.018283412249943575,0.033683183419754,0.016114093210712936,0.02904361409165795,0.0056790736355469325,0.01724337935651018,0.031067051587286267,0.022847648203759875,0.023058006630650964,0.011952852516953591,0.013445549506738859,0.0349131360107385,0.02660161668252435,0.0288314980944802,0.038098952826669814,0.023096685489738797,0.0014970474167956915,0.01573832521990895
0.04184994400570912,0.021986963514807417,0.014955192567552487,0.02779666067865148,0.018838424959441328,0.03235301794573291,0.04648641350736143,0.013243464827351501,0.04582321568949139,0.022737731126296616,0.041252917325239113,0.021058547836847116,0.01642375907577394,0.025164548804193713,0.07921237172976003,0.03868056718873204,0.047618024009520095,0.025496976576675035,0.014979572031789049,0.05510339998763798,0.03774440192348465,0.021348892674685187,0.04039662325837344,0.01994090366460755,0.026521418712655738,0.01850125877045931,0.0070225901206560516,0.024853063317327437,0.02597490821235848,0.014440408811670124,0.04462928352780347,0.041374323798652746,0.04087077024401695,0.0769584861495225,0.018887943247720817,0.039806834111709814,0.021405979703696943,0.031077605739061646,0.0064835723131839275,0.04356503307605597,0.02649633698727308,0.04549017301691081,0.008865245654264494,0.03319149246953348,0.023311097700469765,0.038235330723223854,0.026411202364301875,0.030501889829831846,0.014192562702094416,0.0901881498393351,0.014675435602786875,0.03480489552052508,0.009633692669042088,0.03567747113265746,0.028159311209083916,0.038358523152310656,0.03403450480878305,0.029101581125152282,0.028801778144279814,0.06074543627656888,0.025491329958767,0.04427830914045069,0.018203614876069512,0.019909583017267855,0.00017649013328876,0.024717268945182655,0.031080703465114407,0.021178898454163327,-0.0036548841092767263,0.037289171558537455,0.028609094350335304,0.023736095800532493,0.018274592682498866,0.04169781074507613,0.013394516477143742,0.060501588908491395,0.02554048109835504,0.028803513332949105,0.04346526111422953,0.039195651507632455,0.0585086467448877,0.024277824143187673,0.02637976402061225,0.04908863262310965,0.042089740410093696,0.06507212216119085,0.05010883095267721,0.022931915755535274,0.0029230861933002995,0.029966841547128833
0.05720151917906391,0.022074576592369964,0.01904843420467102,0.018830871913467842,0.016125727081902932,0.05163042605461234,0.03919822811187364,0.005281824710910203,0.015101409223982279,0.03368257957892197,0.025861707093286068,0.017697435879943234,0.015221798678974384,0.01664390395230533,0.03868056718873204,0.08584786687878428,0.03380720109327612,0.015568933402599527,0.020570498807436038,0.0477191961793071,0.026294780103061757,0.024903358337130747,0.03148376760359722,0.01680140177908055,0.020619638558180373,0.014661888914071088,0.012280874799394798,0.022818447475381726,0.019837403383277198,0.0060866945534375026,0.05139679454163351,0.03839704910573898,0.046863556723483905,0.09342426318466553,0.012873083613669793,0.0375805299849773,0.023098512236993822,0.025047642158533903,0.012994777524110395,0.06246737137408094,0.011825993624038285,0.04350156229255042,0.008674453888014503,0.024853267487729286,0.018843827804127085,0.026708912370700003,0.03639900738921449,0.030096710890096055,0.019453092132648092,0.1108810035297701,0.014087453715105188,0.03937845879416695,0.011707951661695448,0.025275338164854756,0.02469792472825447,0.03441073304406343,0.035900306264041386,0.01897029173959367,0.02478027883222945,0.06497116101358152,0.019805811239948953,0.08320090297727245,0.0228191052621202,0.012070087673334097,0.00021805316289394175,0.024495795974915288,0.04082272209462632,0.02802604994117302,-0.001182795179474494,0.02912507774002011,0.0398769376108518,0.011568890756852438,0.021057290076469937,0.04624114138065474,0.009187203869908463,0.058891258826664156,0.010042488952022376,0.03201839825262613,0.05484582545226598,0.022020810980241744,0.10684374905030046,0.024729922606208207,0.019425757637179818,0.05027232258746936,0.038973350234125514,0.06688473191579637,0.05872022396779295,0.013368313796459617,0.0018804316616133512,0.03636212446567186
0.0479532984099758,0.026478042113712012,0.014061271985692724,0.035084429692044575,0.0326516191102182,0.041626165124886816,0.044282141572294986,0.01572682940028299,0.09025367005591199,0.035498735010100264,0.06223635568500882,0.027068434737819606,0.02340556670673356,0.0311658282487684,0.047618024009520095,0.03380720109327612,0.1809316887832097,0.037511255822865366,0.015242486946111631,0.05882129365121097,0.03616240503021881,0.03323400603873748,0.05890030806661051,0.01688076385382822,0.04278881740019079,0.03344965659413242,0.012879279499715589,0.04713577686422631,0.02701591871223613,0.010969553320882142,0.054382023868722214,0.05556113860858035,0.05897513024167683,0.0872603190224663,0.02823146331646364,0.06530308432850558,0.03238362462617461,0.03397783183063696,0.011900538676110699,0.07814170443409582,0.02095893076023432,0.04979660050699214,0.019842230881970666,0.03806056971983585,0.03407151269401959,0.05701727718178537,0.02848171310009112,0.03598946885848646,0.013311139809387492,0.10255235113768585,0.017307350455283102,0.04817387779917236,0.008284049386286556,0.09154950374079682,0.03678970534717387,0.051036451929559065,0.029757877187406755,0.04671760694300072,0.04305975936899498,0.10211784973143663,0.02753392395857497,0.05466832613944072,0.03221998070072283,0.03289673824666026,0.00016215774340312482,0.0266025145048332,0.04439859607627467,0.025741612267739605,-0.0011093791133982788,0.04288131080301877,0.03411909727025983,0.03088139910256988,0.02855427813541946,0.06447922268797453,0.019362550731477163,0.09103325809026884,0.03238242331468192,0.03563071883025455,0.08719120415312208,0.03877732333076347,0.0845307843308225,0.032523404308067994,0.028665928976085494,0.048062683901141115,0.05178716416224517,0.08256546279374306,0.06179501647535687,0.037818508554127606,0.005618275553001245,0.03527180568879404
0.014264874378702025,0.013378342627364514,0.009345372814393517,0.024323507068812252,0.02612230324370909,0.022096202543566697,0.03930785872866019,0.02589911198908589,0.026862735449015126,0.014896532818840964,0.03211138525619754,0.019017836475359783,0.0102725237843319,0.0268031471377127,0.025496976576675035,0.015568933402599527,0.037511255822865366,0.06261388655787564,0.007729706676739011,0.038114823186562,0.031209799172873094,0.018777700036101127,0.04942169111015015,0.010937781289021536,0.020498551085766932,0.026884584179078137,0.0024705859741186325,0.027990231040938333,0.02190917491782668,0.006427423348274336,0.02093304346248374,0.0324111023223919,0.02980453016323989,0.040993608598578264,0.011194556704524692,0.041192047766893905,0.014387311879381436,0.021823019036016304,0.005744482327258634,0.03815542470145708,0.017567968834748985,0.03590774221148415,0.017853613006572632,0.02555576529611811,0.017960505904788916,0.02905920053587297,0.018111433037967042,0.015779295140058342,-0.008505641331982852,0.05712542229058211,0.01613726012445556,0.025343183950450824,0.004499701383610046,0.0397406918587872,0.020779093880023324,0.033187223136916445,0.023770631853309968,0.033214889630908094,0.023667467281243245,0.05638391457445657,0.020748760283365638,0.006176351155367046,0.022504311622738745,0.026366597374380515,0.00012969375920957797,0.017404999693829432,0.018120760493114976,0.01016438747917065,0.009708042613494476,0.024390779285817312,0.011505443409863916,0.012885549140453074,0.02780193846498254,0.01708964393707951,0.02174468479341324,0.030595593801847912,0.01833439746658914,0.015572273331823025,0.03367012987214893,0.015739018342921185,0.002858483876734405,0.01321249707531135,0.0235507214560125,0.03575041522628047,0.03131513924211477,0.04083090521759282,0.036331989227059706,0.025405437850190546,0.003333359617555674,0.02043271844667274
0.01867864003827993,0.010562574637220736,0.009227618059608325,0.005849586505000985,0.010005933319647938,0.0258340720373203,0.02085647628042196,0.012163466737172871,0.021078454924264547,0.0201367464366744,0.012898659478488114,0.016025735234209134,0.017555249995724033,0.008917107268223107,0.014979572031789049,0.020570498807436038,0.015242486946111631,0.007729706676739011,0.10648167523670622,0.005343057566131237,0.012034572263163817,0.01704054543386,0.0013208526800671371,0.005686984255191887,0.003828931134748875,0.0134015384233206,0.01613080372486901,0.008704029644779262,0.005120190623204136,0.00571398753896614,0.014071310786173366,0.01680064571507815,0.015679526695707,0.024945334941384786,0.00743181634978757,-0.000998783099117762,0.0169210311452314,0.013735575499189063,0.00765394069666051,0.031224300786606204,0.016529621418069317,0.013687386107054066,0.0033376011692424134,0.01799673895731623,0.0043484551972480055,0.01595235282911744,0.007126860888626691,0.019017839402654033,0.019408518600672678,0.005762003874147293,0.010868497380847754,0.012422714082497512,0.003386853912916527,-0.010094230573965529,0.008275025477075483,0.011744668370654889,0.013207012804729778,-0.006838723139442759,0.006202787618253725,0.022580572048735082,0.00737320818533212,0.005637107377061937,-0.0036434705098886133,-0.008278252614258364,4.890381143693984e-05,0.017619609332527084,0.00942363232249386,0.015576827157950368,0.006063022116968137,0.014385493993695262,0.021363824517835195,0.011326055745398031,0.0009397634507206297,0.00786423225480848,-0.015905405762003094,0.010630747405914402,0.019831697491066305,0.01924239317756064,0.02019908029702227,0.018233369336927117,0.016624641413880457,0.012183336211025698,0.005741690810665748,0.018196090413558453,0.004269529407966496,-0.002185468418321594,0.022344218040168503,0.011784776550204967,-0.010318427048974366,0.015373939291357198
0.03470790986206714,0.03259804622377522,0.028091570242014897,0.0640950543004066,0.031449275318123075,0.10009170398632249,0.06529437677906863,0.02808648503601332,0.04863171155627191,0.032964787075768276,0.07018936078944907,0.02355831164717623,0.010145718104344543,0.037169718280905324,0.05510339998763798,0.0477191961793071,0.05882129365121097,0.038114823186562,0.005343057566131237,0.36063255178802983,0.06411934866722543,0.04550012499199859,0.09111758636123467,0.05513162227424297,0.03362795357683109,0.04359655131974821,-0.0011602806237367112,0.05569338143386341,0.06112895776788666,0.01324765143072173,0.08535629548175236,0.07266251380768236,0.06170428586888586,0.13345068374445493,0.03656184889681232,0.088302088827378,0.023351797477838682,0.028827496708551947,0.018606065796125105,0.09329352750821483,0.031091537070774094,0.07251001121780788,0.027884198907620866,0.058004043501293186,0.0448680104649397,0.06087178191847536,0.04971417973593125,0.04638735878549627,0.005748244747790616,0.19459969954294867,0.05207046966327171,0.04901594536755072,0.007104600713618864,0.09923976265689578,0.03528817919721207,0.057233127449477,0.0588385268621862,0.06545790133569523,0.054654320717512764,0.11318390813042437,0.03921258797155208,0.05935973738253229,0.09138358632563788,0.053678507382464116,-9.852211375474582e-05,0.02396726006683854,0.05096561305952974,0.028569607856592006,0.00039420563770940054,0.041337883802135565,0.028706292759256496,0.04011481189233671,0.02701938732844836,0.06045018925817394,0.02481369092940142,0.1349000348903785,0.011901302556392889,0.05084512826920196,0.06697965220487752,0.05699999026983176,0.06803561842593353,0.03135640368870313,0.03328926197652121,0.08971373394493834,0.04507654767692664,0.023917827348465016,0.09210413299204036,0.03581031798354799,-0.0012629044718225062,0.03700867627018344
0.049013610371344024,0.022773962273043742,0.012672064521211161,0.037478257468689165,0.021287307433303156,0.040160729205163274,0.045395359288250364,0.009149866776290426,0.020711050737835336,0.024580669471707887,0.05289088187347901,0.0193507572751336,0.014107031634735255,0.02563942901499399,0.03774440192348465,0.026294780103061757,0.03616240503021881,0.031209799172873094,0.012034572263163817,0.06411934866722543,0.08200573128258,0.029964366741204188,0.05019739243730461,0.014762986329328594,0.02580389484702592,0.02401675724237343,0.003094331409401594,0.0229951785611484,0.025926153532938027,0.01261862913335057,0.039558696961823125,0.04989026769036981,0.03767969565626578,0.061579287832605,0.01908383776519631,0.03951092135607381,0.017614917248872673,0.034120841246410925,0.010141221899669248,0.023424250001300443,0.019278506311433928,0.05386935380180236,0.015010635823401371,0.03449570697372706,0.029881956566891143,0.04483656932591172,0.03355882486801908,0.030544843248063204,-0.005133904726087887,0.06887889596860693,0.01789432749082383,0.0330001828159694,0.010021215398642615,0.05163312509974153,0.02789808425103464,0.03959585252198702,0.0475145697424541,0.03812031668004236,0.027785397318878472,0.0630278598946041,0.032903050523851056,0.0195802823779231,0.02238460636738327,0.02322200938930491,0.00016278416206755314,0.021774915515133882,0.03514370211035242,0.01970661332413558,0.001714155270723167,0.025926615334572287,0.025170728024681573,0.022692768154207708,0.018964304734823495,0.03425947413164579,-0.0025030180990644416,0.04987636350287738,0.012889704895965132,0.029513691138540143,0.05179149333142944,0.033526635412018585,0.024154280220274767,0.017217703787885077,0.03273146502059366,0.046375500542673184,0.041599149473464624,0.06405053686887427,0.05573261073695489,0.0284968181709174,0.004535492868444681,0.02765859081706424
