0.21303994886610056,0.06678187389251442,0.048442404459344876,0.041956712763867386,0.07943217264940844,0.008588978081311129,0.014414803290397798,0.03489664219561061,0.09336257745309501,0.10024606461644868,0.05052412562673747,0.05439207029859664,0.03843642582776489,0.028845042437166846,0.0360395297770161,0.011783058591106604,0.07300804126772649,0.02679879864438975,0.005942307236419101,0.014565966904464928,0.019478088938230845,0.05170125869928218,0.04735405427469628,0.051533438582801905,0.08242438080751087,0.005095506006803735,0.04798301217382874,0.09984864904602658,0.05001114975877987,0.06138518339525819,-0.002869260424940316,0.06908410370520021,0.04582176085597714,0.028864427607291163,0.03497947414644228,0.029930409064161972,0.09605325180028905,0.020434430186406116,0.05128526372532798,0.051579597474712975,0.01200904928997766,0.053189802634790964,0.1007907646072457,0.01099457716983082,0.02507026605898796,0.07049747138002281,0.04008689642868688,0.0687329736909452,0.032156254531445265,0.04044326788106763,0.038544928921589304,0.028250806946588623,0.012485462281400564,0.05363332436940754,0.039715403849750815,0.07190158871277727,0.027795670763645405,0.052355115829952906,0.02409807154739973,0.06719257496150038,0.03677197237122852,0.0658376761465173,0.04658057611323783,0.038866056115359246,0.065099076446227,0.050230280964353766,0.025496077942078116,0.04228888644914915,0.05716385771847526,0.059856690862614026,0.03250724650592104,0.03368154365984393,0.02831878758162995,0.0403700186358979,0.08628030778234475,0.05161711712576537,0.0012972696727631872,0.07584779553142641,0.03892464862246238,0.05603807025780093
0.06678187389251442,0.1782744587269939,0.05657010419858568,0.041894341618687006,0.0623522851909447,0.011353464247085132,0.018990441314105967,0.04832593984358374,0.0573749354748943,0.08926690104562904,0.04486137930929136,0.044623030031576985,0.053479574880781804,0.06130872942978129,0.04090130340440457,0.01516173995133247,0.1259888717072411,0.026527620064422424,-0.02485725289662064,0.014391552392335317,0.019832124838944875,0.0487196751684151,0.0634582559128951,0.05218828468128022,0.07512778129305643,0.014989078696246366,0.04202397775117343,0.08166935014440352,0.042007039806734904,0.06178217810192545,0.02261842689940046,0.04316401676335589,0.05388748499472052,0.026957120268991032,0.03370452856843841,0.03385355806188668,0.09162689077031139,0.026048277408621607,0.06887128574307289,0.0282308481805379,0.017513852146805002,0.03513216587387437,0.08848092026900152,0.017811126625033098,0.04025139609162752,0.06220807816494539,0.03111271467450476,0.06460333151524533,0.05274806184049908,0.03802705610509566,0.03608630547964405,0.008065098036026288,0.02221716445349928,0.050496582164520104,0.05094915512340847,0.07815130989217557,0.021481199723394236,0.045464996680848635,0.026961856842842,0.052109671076712,0.03857322258159797,0.047189145004043274,0.05938604955039568,0.02804831893438638,0.0467013476372058,0.04121018971079924,0.029097259176294337,0.040414005913003925,0.05445700843221428,0.08476974422926244,0.03276851241197405,0.03939254533585939,0.021533457782994415,0.06815832995124368,0.06620615134739553,0.054834024485462055,0.005643304839636982,0.09643321692859526,0.04455411285376601,0.0667204067358642
0.048442404459344876,0.05657010419858568,0.6850047220461918,0.06456053321939192,0.08993905678631611,0.03634102024641972,0.005941600694770523,0.0579909819121784,0.09987156699926195,0.1140773284562116,0.0735414634338673,0.05092963367184175,0.2207353234351205,0.11311820233677419,0.1418254485698657,-0.0017940783745989876,0.1336990003062899,0.008825469887748084,0.0492189136850418,0.021106139063326767,0.0070990313282124715,0.045313874610267285,0.06959069316099048,0.1526943687321685,0.042772501939299594,-0.003394912838939592,0.05775268864830605,0.13177199520966462,0.05541696049945244,0.06165976824441767,0.05096882989367076,0.028955867445186103,0.0675026284471495,0.023294616737485643,0.040069052396686795,0.04563384012607854,0.08429601088546813,0.05104682388042096,0.1495083885312618,0.1059636685725341,0.006819704519545386,0.04983356935337668,0.08919757961444352,-0.006621001945061797,0.046431555429189406,0.0446230874178259,0.0770685538018029,0.08691866457310415,0.0658901860368476,0.0202715158209486,0.033666913022820245,0.0928826886231115,-0.0007468468885430326,0.052379208105514205,0.06145980856950314,0.020078837851789245,0.025420912317336498,0.05684292197378113,0.024883877248724515,0.09753757789245256,0.05621381931581259,0.07749806501886823,0.0536467377714724,0.01318141118619328,0.07337046848359709,0.08522593787155648,0.02970754112980021,0.037642515102810595,0.06890579702198796,0.07387270098409343,0.03066500134002298,0.06182901569650565,0.03313740546773787,0.1299488904703646,0.0863479369700811,0.16506364008362048,-0.02149988474862833,0.13835457129991538,0.06160171029121271,0.06998987958156111
0.041956712763867386,0.041894341618687006,0.06456053321939192,0.0993215453578425,0.026238521004049487,0.027019181451781244,0.011254265361893483,0.026827116248509225,0.050904017075200536,0.07031926948552338,0.037854831156198025,0.02723915449661846,0.04218270197957771,0.0298535473543973,0.017881697319117342,0.008013709004541182,0.06751818825815141,0.01893662284568322,0.00705807881192696,0.008627394754569192,0.014623765035595284,0.03352266663902071,0.043085831877605466,0.0352157858683751,0.033801216629508225,0.0014053018097502574,0.028796280767779292,0.06630988446387028,0.033616217421175924,0.04721837763683582,0.008529863000749835,0.024709739622509524,0.04639870280196234,0.020570153203320896,0.027113197000501067,0.026313256437323792,0.06316214524026838,0.019662133518518827,0.03513829464959719,0.0181575878760501,0.005275744069494583,0.04155339535021345,0.04201568139449896,0.002966243186357925,0.0255112631892609,0.05401837527783343,0.022948893717284834,0.05360844744456153,0.03313440556705126,0.019626908761107016,0.02787523023122577,0.020360730743432243,0.008668172267210058,0.043549737589342497,0.03204406882772135,0.07066906450637907,0.018767979203882824,0.02692207109182529,0.013982204158970222,0.03974365558018041,0.023684071420021706,0.03268917787728167,0.02962709319142031,0.02257078722975882,0.036789110757606776,0.032099479777734384,0.023996910496628766,0.02984433905547613,0.05279132075983374,0.043848578504257316,0.023292897535567854,0.02710808983891595,0.020408873456861543,0.056739583477037295,0.049276023223849975,0.029957428356540527,-0.0016788313672461922,0.0628718473301788,0.03354893601059797,0.04584454565043216
0.07943217264940844,0.0623522851909447,0.08993905678631611,0.026238521004049487,0.30138753896272685,0.03763081252591942,0.01488510892642961,0.03507544275905987,0.039754339870533395,0.10303319344014973,0.04716723801933347,0.035561102781284944,0.14028802589857126,0.01736735340357037,0.0542048830724128,0.012550667856582319,0.08571514840308736,0.014142641122376903,-0.004647005259123351,0.010525041318130422,0.014944301781230072,0.045779090262364215,0.048837211568135516,0.062015901363073764,0.10452006041202133,-0.0002609744650982614,0.03949714461393633,0.09937521071259706,0.049649428510812395,0.051118273281867806,-0.005906786527245408,0.05534274450362679,0.0318900899246347,0.041468656403416654,0.028517393035451772,0.04270360865749856,0.08359678047495779,0.027310300439049216,0.07777534644112065,0.07012391786260144,0.013952530694278039,0.04387573408908975,0.12603226807714546,0.010475582742424064,0.022408149805096856,0.06562775818237324,0.04986055616388694,0.09106779909972133,0.047382879172034764,0.03496666209139464,0.04390244577712245,0.003038834483472244,0.003117829886872092,0.044987717939158636,0.03750101401269391,0.06969257079513023,0.015263300889400028,0.05864046477466449,0.022392424274912212,0.05694930743580621,0.02408274916659003,0.047002870282626966,0.05171011619897154,0.033006226139654433,0.037726288631695984,0.04935349904090311,0.018471147003892366,0.03316565407930597,0.060379178649739275,0.08940584208844152,0.04338261937773787,0.03971765601641112,0.02787843988568536,0.0396991796321749,0.09444961901253657,0.08167212410525143,-0.006928497629112187,0.0560087740215395,0.03803202135350704,0.051280334565739806
0.008588978081311129,0.011353464247085132,0.03634102024641972,0.027019181451781244,0.03763081252591942,0.575590622314678,0.01101022223638996,-0.0069123151465117355,0.10631659764459937,-0.012101180843638041,0.015629551540784343,-0.0016669090434312738,0.09610065241684103,-0.0034637514067176376,0.014664452882334797,0.002526726199948025,0.07637444557517666,-0.009582066721108395,-0.02880492368110039,-0.0037432846233708445,0.006716595225056711,0.02212892148338999,-0.002741582934362295,0.013850854570328034,0.007995726529055553,0.003066178821017253,0.009688881141609556,0.031787897585581884,0.01099788958139775,0.013048049293859458,0.029308356096488068,0.01623318454742503,0.020967610004866407,-0.015528786901182928,0.019433569375120217,-0.0030839207448857386,0.08182386754751428,-0.0026842557241019906,0.004415160860322774,0.06918442995654144,0.011454423726723095,0.029215142711129825,0.06959390667979917,0.004009115811941387,0.01895337895072342,0.03440433464020788,0.0018169007375151733,0.06381634826536198,0.023363211301716515,-0.009682418467602821,0.0072591733373269665,-0.016468332558618553,-0.006016386801899718,0.013971012908411616,-0.027309392007834304,0.11079326302445454,-0.0032911268130072563,4.5045745629436354e-05,0.00024537970578595593,0.021892669577794416,0.020627887648453375,0.0179092292986431,0.010579841996483492,0.01918460119701756,0.01239787545896645,0.019415242423144366,0.008668534345498247,-0.0014003719147461045,-0.013284052419605894,0.04749106717711254,0.0008552120182702918,0.028969326258623328,0.0007253856837901155,-0.03968303365183646,0.020747224251518922,0.028657380861883765,-6.226113222398883e-05,0.03403958005678907,0.013379582624949916,0.04295775635310809
0.014414803290397798,0.018990441314105967,0.005941600694770523,0.011254265361893483,0.01488510892642961,0.01101022223638996,0.03708342732013314,0.01629559880155023,-0.0026531301605797366,0.005884950909932457,0.00427224776366085,0.0073987014703366825,0.01413155747482443,-0.007664978269970239,0.004771007671015524,0.013019221152624308,0.00776847297776628,0.013148746419724341,-0.004075079452961848,0.018227204605997513,0.02136877371074339,0.0104481764623455,0.013996089613323862,0.007429819108723234,0.010722074726224214,0.025524925558094616,0.010061278062115118,0.009755264719928271,0.005425671140482868,0.023493373321250916,0.005376814631051918,-0.00129981081551739,0.010462592453674643,0.011717025009614601,0.02160522215474394,0.010320120973324683,0.027993964761872533,0.007755609983010877,0.009848169895877053,0.009299607711892798,0.007771893224236101,0.016238781384684483,5.018263933995956e-05,0.013185109490127345,0.0315586237179594,0.009885986990423212,0.007619734375540249,0.020768516397813647,0.012277024537432167,0.006662771685461192,0.010294166402345269,0.01679875915876906,0.013611008612535372,0.012180254196778756,0.011882427847664672,0.006175072778045539,0.007109731959765823,0.006799737128189123,0.02287912829087317,0.006074706702945231,0.005377433872565331,0.010232766249305383,0.014197938368518091,0.005315161824765766,0.006811251657098312,0.005443246370732793,0.011634995108007105,0.01605646731171079,0.013062117312827946,0.01796301897531679,0.007890950833866334,0.009113344654382903,0.002957572271840708,0.001785232936257576,0.018461398348405388,0.006417601808238048,0.013087573883722349,0.03167225532224454,0.00911958610104984,0.004354341742532382
0.03489664219561061,0.04832593984358374,0.0579909819121784,0.026827116248509225,0.03507544275905987,-0.0069123151465117355,0.01629559880155023,0.08272563835101698,0.008253574721537836,0.05001961266152667,0.02558557973153331,0.01842459031659421,0.05970944809310419,0.029395054138063006,0.027822114453365798,0.014006662487197471,0.019809397888058522,0.028603271808903312,0.0035672331912737386,0.017520404427061282,0.01797085341552656,0.020130449328546567,0.030883365191869478,0.031146904175546136,0.016456474316186884,0.017363073361705544,0.023365564288974093,0.05235817265020646,0.026824536938960787,0.0335827176703786,0.004623177194085599,0.02547578430953699,0.0322778855585618,0.02833953131395658,0.024996409397633867,0.02514896241440587,0.04197223432148854,0.013643365795950225,0.039645853951344505,0.02418295554244974,0.011394483723168786,0.031564497405183696,0.04085361824532029,0.008803338517816816,0.025000299257195296,0.02545359726048329,0.02460326233707237,0.049588157574310385,0.036488167731250416,0.0241068718162842,0.02198616940778813,0.03235007591153751,0.01714755165722937,0.02304490759531095,0.030843154308299457,0.015753196805443955,0.023040544293517342,0.025655868040489933,0.02198178420724262,0.033502632206740136,0.02030929957367194,0.03212690366349835,0.03699141628455378,0.01773122892167474,0.038503493392983416,0.02808716876474096,0.012195918699605495,0.028179933709974556,0.03208349565952819,0.03072976008468091,0.020262856822352134,0.0294421158564757,0.014540016071158266,0.03239370711780287,0.03651854737026133,0.030144948109316484,0.005635511279221665,0.05522662128916784,0.02646281931262929,0.03523015009941528
0.09336257745309501,0.0573749354748943,0.09987156699926195,0.050904017075200536,0.039754339870533395,0.10631659764459937,-0.0026531301605797366,0.008253574721537836,0.6964351606176559,0.1306878164719609,0.0524397924778542,0.0854270042287509,0.07910881234529038,0.11247371746410526,0.057268679481236436,0.0072017953492777564,0.1603189278149064,0.020654203201792624,-0.06021608942392445,0.02262282512127683,0.009421027950253087,0.04499414755107987,0.04451393586420889,0.04426121195310798,0.0891991149950992,-0.008914999729283092,0.09384060550484344,0.11206821405368157,0.044644459973174504,0.06584593944942393,0.009961742538490364,0.07713854229805771,0.07632954262142991,0.04492503512553283,0.045053615155688564,0.023736054009756605,0.22334523729678785,0.01815318369963177,0.05045321193605854,0.09662937509416616,0.010277367022095807,0.0385092179204636,0.1222055458726008,0.0020467462019468246,0.03629359540820449,0.06232945465425704,0.08304395484246917,0.09989101433702678,0.04837483977641,0.041334317732486685,0.03912005590668417,0.04075431569112904,0.002817112078628713,0.06812171511358463,0.059032404481694147,0.14751614619162184,0.026645419139600012,0.021824182049231592,0.020656420721375877,0.06790466628456988,0.06563464543521118,0.08103411197222996,0.0533107768160066,0.03180567096650154,0.07551773338270436,0.057523800386094115,0.08003736518450931,0.0264545550685805,0.05615555109017291,0.09151646954588424,0.030138096042794785,0.03834685278488153,0.022606735518817696,0.05998011238596754,0.07605622124735872,0.08216174084310551,-0.005402070285509183,0.10463018444538015,0.04932017063956345,0.07408978783533735
0.10024606461644868,0.08926690104562904,0.1140773284562116,0.07031926948552338,0.10303319344014973,-0.012101180843638041,0.005884950909932457,0.05001961266152667,0.1306878164719609,0.7235068588727529,0.060486030984097126,0.07923771095891537,0.11042682788075149,0.09182428823163455,0.07968356439534377,0.017057976234258834,0.21132227813676976,0.028905987441797683,-0.05084279732189719,0.03130952518025311,0.012551760246562826,0.030999215058253534,0.06646822495994743,0.08451295101740755,0.08831702767663438,0.0071177869637549605,0.07620930253059595,0.07933884923767082,0.05887639779115396,0.0947277494488181,0.021485326886257594,0.08607249886596041,0.07913820656177707,0.059451244552423746,0.04619128982591761,0.04245925282053294,0.12232220243208713,0.04243543478171268,0.09230459662647891,0.054868680041524336,0.03809299111826771,0.04580713399779943,0.16959430524533595,0.017755171991169556,0.03733294448039426,0.1051700990785858,0.11470080274524021,0.08588544601275762,0.09048136351055279,0.05222909432046829,0.0709575231856293,0.04069523303633997,0.02704330967122597,0.07445148607381452,0.09156918895022662,0.10404038404023615,0.041603447340711176,0.10074944385188842,0.022945245454538556,0.06880804784154732,0.05954573795446178,0.09651112767793585,0.06866701499849714,0.04237729582969306,0.058309541042041654,0.0513313291262087,0.049762584882974345,0.03808654350821955,0.047164069511911086,0.10627090577904438,0.03548139102658913,0.03678900955676497,0.03703824215325547,0.05585314772193706,0.11183948719043903,0.08478552430987692,-0.004880903000554266,0.09512435168737875,0.050668033728002125,0.07278791268350415
0.05052412562673747,0.04486137930929136,0.0735414634338673,0.037854831156198025,0.04716723801933347,0.015629551540784343,0.00427224776366085,0.02558557973153331,0.0524397924778542,0.060486030984097126,0.07935153570565881,0.042646388608197375,0.04718164068181055,0.052256227385081955,0.04475745278737391,0.009950211163560641,0.0729631047495258,0.013471824749562043,-0.003029705639534013,0.0008900600295210499,0.011101744313566007,0.04612878621910745,0.04179856764108189,0.04474785124211629,0.04123954062680408,-0.0032811823916271622,0.028616832093774948,0.09466081001480493,0.057055800184807375,0.050236665537207396,-0.0034594784423454534,0.0350809670756566,0.04314675461414597,0.031971779105907656,0.024980178673649867,0.029519466204013623,0.07806680556743811,0.02172874645364631,0.053425222135162674,0.028317783628451696,0.007210682393291586,0.03365891308768288,0.07330735816208894,0.006341190488870411,0.02049329532165825,0.06679271936345538,0.023947886589050275,0.05885066254269289,0.048181397162879454,0.022881680416658428,0.025214920749169128,0.016844561150409786,0.005630552111362448,0.03459460570041326,0.03709205346073427,0.08287080122360954,0.022273579966780997,0.052171456091143584,0.012236364933400258,0.07320765645996007,0.040505373717042714,0.035358546550125595,0.032568825848945354,0.03342541180845717,0.04530914672952556,0.05962978869654052,0.024219197014047483,0.029486027632743262,0.05821815436879181,0.0625343135098286,0.04156516897542536,0.022630406010233018,0.03771793090261986,0.02828077239040509,0.05263573975027041,0.04905958790493532,-0.0076523933055900805,0.0722209563469641,0.051931806260737165,0.03803661086118601
0.05439207029859664,0.044623030031576985,0.05092963367184175,0.02723915449661846,0.035561102781284944,-0.0016669090434312738,0.0073987014703366825,0.01842459031659421,0.0854270042287509,0.07923771095891537,0.042646388608197375,0.17608112585441152,0.07648141450197504,0.029139839188697877,0.050569135142795776,0.007140540856174312,0.10309503086953879,0.011673033942607958,0.04365232067269902,0.007482231303674689,0.0009494036531799724,0.050036558385694874,0.0415450474234018,0.030240139163523205,0.060242499807845226,0.0010827433455472162,0.04175038974381854,0.0755642793811885,0.04516698992480382,0.031157340975820975,-0.0013908633751722986,0.02749428054226322,0.05966548888128658,0.02927329599016897,0.02565934095183375,0.02772700203739336,0.0813910427981619,0.02089072329829836,0.06399333826660387,0.021246186322639707,0.011494757584495845,0.02526186380331026,0.06948868276723953,0.01296994919055971,0.02217273383525302,0.07364673003319819,0.028115083173823264,0.06129330803221464,0.03167473130815068,0.03410731929148837,0.03237714737786577,0.029018923957546905,0.009115053823690647,0.04177687233706664,0.056097308195428665,0.07296377229900426,0.023857714140101564,0.04471902913841748,0.014112679540238645,0.05104153081358127,0.0371984038381858,0.038139498494498825,0.04164273968768676,0.020357684699183965,0.05533106662793719,0.03809972141255026,0.016530242122581564,0.03161036440151336,0.06050674312305721,0.0763000353350894,0.024742371589973743,0.017150899816487,0.03158229729661706,-0.0359241839622382,0.04642184270766722,0.04940845443028904,-0.002639030287836619,0.06017995623002047,0.04162722704498768,0.05770927914169
0.03843642582776489,0.053479574880781804,0.2207353234351205,0.04218270197957771,0.14028802589857126,0.09610065241684103,0.01413155747482443,0.05970944809310419,0.07910881234529038,0.11042682788075149,0.04718164068181055,0.07648141450197504,0.8640022896329947,0.12190483898238615,0.1483707352370533,0.014943180766196782,0.2488187896559619,0.05393239195375059,-0.017521586694529762,0.028738390261598933,0.02767480018182421,0.04527144788709021,0.04824323171766948,0.16109364689208228,0.08308055845152378,0.007712538662833435,0.08317427677116863,0.07015726518580721,0.03989498034941552,0.07107719933429701,0.025147467259176465,0.060168223276602484,0.06580314860581052,0.044122981336767564,0.04579999124438292,0.04435366583232106,0.048800949069038764,0.058241413581154054,0.1722162035663948,0.1283711791992899,0.02159180058691105,0.04732939279470871,0.06389171165137535,0.01998426140207038,0.04410063784382737,0.09428784367827003,0.10518314372485962,0.11418585233196338,0.07327075721370561,0.031487890954083525,0.04333647755884936,0.08193855035428109,0.023170874767558174,0.07626178788598745,0.05472550187432707,0.03647622010005507,0.02904138022682254,0.05245194960603887,0.02079437713672018,0.06344433980150296,0.04669578549772053,0.10317588837475163,0.08032141386634879,0.03466338670433861,0.073466991950056,0.04024623459448067,0.035991465239255054,0.05053367327839809,0.06320115100846233,0.12350522119524625,0.03191979155654666,0.05205034118474707,0.033382009667285766,0.12496900968367237,0.07109424509332113,0.15619315579367854,-0.009994434376279861,0.08597220859357572,0.04557229862022015,0.09494142012114004
0.028845042437166846,0.06130872942978129,0.11311820233677419,0.0298535473543973,0.01736735340357037,-0.0034637514067176376,-0.007664978269970239,0.029395054138063006,0.11247371746410526,0.09182428823163455,0.052256227385081955,0.029139839188697877,0.12190483898238615,0.8066026691865628,0.04643183110660315,0.007820440239694675,0.13879769475795134,0.018192901950442084,-0.019854102408786805,0.029059871790617208,0.012561526071266224,0.027629047774820524,0.05763874835005889,0.038326625873200286,0.06792735229341974,-0.002102321565040276,0.043836824207566856,0.06766879642191033,0.038139534100103976,0.05282734303081891,0.0313403455380278,0.08025373476653562,0.026213031684886947,0.06668355805251458,0.02018200474351178,0.024855851129558442,0.09878315147204901,0.02829171592860626,0.03887928841920927,0.007224486633596629,0.01123919259554495,0.034689805302766955,0.10684529043736488,0.004335109380433693,0.025122032912200054,0.09239264543835064,0.07535470979322509,0.04683638558743248,0.09164435116028963,0.020379916915477924,0.03594593210009017,0.06909389892694724,0.01715420246907581,0.042144130055776156,0.10716994281989296,0.11574181698880687,0.03807049018425357,0.04973922570165347,0.016715541282962508,0.06952076002473764,0.04577509142565211,0.043081179525352224,0.07578387351682198,0.05223932873734069,0.08449924356678015,0.05873750641950287,0.10479045991509917,0.0546434547228157,0.04386001026814179,0.06516155131151388,0.048332810118500415,0.02975700936543058,0.03416223725745878,0.09730971764940605,0.033030160311260555,0.03657211375585104,-0.007589409361798646,0.07050598823096418,0.03673501750683882,0.09710072310519142
0.0360395297770161,0.04090130340440457,0.1418254485698657,0.017881697319117342,0.0542048830724128,0.014664452882334797,0.004771007671015524,0.027822114453365798,0.057268679481236436,0.07968356439534377,0.04475745278737391,0.050569135142795776,0.1483707352370533,0.04643183110660315,0.22830302611175124,0.013308661879949286,0.08390054434595738,0.01857540749788972,-0.02077533743949542,0.014728240950278186,0.02252396405955886,0.03669572510303842,0.04844921953967321,0.07056055254140012,0.04329934870068599,-0.0009526813231208956,0.051641691258125455,0.05355464293053903,0.03558048347948649,0.04728849816923235,0.00047094887786194693,0.038509735161708615,0.0681560338271455,0.020584752000975714,0.03377347116370321,0.0247439585796749,0.05591382466419899,0.0284034223606554,0.09700923610884946,0.07925842130966344,0.005483824835285503,0.024651653510474245,0.07202036151078439,0.014836303369533507,0.026238823801386618,0.04897340742661842,0.06146355512135104,0.06350394752178254,0.04340037916838081,0.028933272974699546,0.02153028654844201,0.050134476022194244,0.017859587018932754,0.03689297261242267,0.03613173994352149,0.07111277803513663,0.023487449910890145,0.04581557000904064,0.02144921528753324,0.04483093502656894,0.02844713215498631,0.049920350801329054,0.047525283183623215,0.016422546381052394,0.031724422905670034,0.03552332305517954,0.019040028976365458,0.023724699430657505,0.06928151205802681,0.05789250742356169,0.031240489298566425,0.03254377196160813,0.022626177501770015,0.09648311538271329,0.0376693479170155,0.08556993891439069,-0.0003652200827361604,0.07445780359221246,0.035248890610442236,0.03964869988073747
0.011783058591106604,0.01516173995133247,-0.0017940783745989876,0.008013709004541182,0.012550667856582319,0.002526726199948025,0.013019221152624308,0.014006662487197471,0.0072017953492777564,0.017057976234258834,0.009950211163560641,0.007140540856174312,0.014943180766196782,0.007820440239694675,0.013308661879949286,0.023281610044563337,0.0162424608170126,0.017125978866172262,0.005627739366766062,0.013387053274815298,0.01605209555027871,0.009201303699051571,0.015293037377611677,0.009677242820092915,0.014314672073321736,0.012671109074546518,0.01321365358273897,0.016980738022762426,0.009398130969405736,0.01827414034661443,-0.002364931718907479,0.0050896162876093816,0.009048369416724844,0.011716488489331748,0.016123971661434082,0.009433906846189367,0.016097810480641257,0.003616925325483242,0.011726195475382811,0.009978243461950967,0.007934689051669932,0.011318637095679129,0.011795060199673107,0.012841992712267169,0.018219543041196325,0.008569402790623421,0.008400142388246962,0.025352047302510193,0.020732940678521977,0.011220309806046777,0.007620446577639532,0.012913772952488719,0.015495730777076415,0.01641879030652147,0.007214885435659968,0.021599322893022417,0.012160512037353539,0.006773782507348923,0.013442470650327233,0.009721454462282984,0.009923275707236405,0.007083135491823382,0.011733080303451467,0.013230010662138969,0.012900827204130792,0.0093474260881368,0.007617583285042673,0.011779389052054107,0.01119127975806652,0.012205332848794121,0.012054493694008113,0.009745192249897724,0.005402064433211956,0.014673893914560967,0.01802481767542571,0.00723647852478854,0.013107702495894165,0.016221927398095786,0.006726354060616467,0.008226570660298738
0.07300804126772649,0.1259888717072411,0.1336990003062899,0.06751818825815141,0.08571514840308736,0.07637444557517666,0.00776847297776628,0.019809397888058522,0.1603189278149064,0.21132227813676976,0.0729631047495258,0.10309503086953879,0.2488187896559619,0.13879769475795134,0.08390054434595738,0.0162424608170126,1.1503836895912243,0.013495452476726195,-0.15166064423390382,0.009220708076990275,0.0277536338852011,0.08798927080305081,0.08858335511824189,0.07560299993605957,0.0993462558963126,-0.0012110488970555925,0.0436863722469871,0.17838209420424558,0.06902147930114903,0.09544164272841808,0.07211790305308899,0.14825426796408803,0.09336135950830762,0.024043984566288867,0.04681132504492672,0.0491998637473125,0.1804543510384725,0.03779254875501107,0.08276847739349971,0.030347773807037105,0.031155158498573345,0.03783493528504469,0.1924546012514389,-0.0037487643668146393,0.05026931591217509,0.1584172596620599,0.041513397705118825,0.11174896004109079,0.05075959429777315,0.043690607732477175,0.040256619743925984,0.0027635049637844346,0.0205463198387671,0.1540884488571193,0.06613675260286558,0.2651123548140113,0.03927890529123374,0.0633088357477786,0.016358312039816362,0.0936568816453702,0.07149662303301735,0.09818178668251384,0.04784638355297268,0.07458107009721375,0.07356286686284928,0.07199345255762134,0.009311107944789107,0.05318193615827978,0.10971297978596341,0.16963302153846296,0.029638040391138668,0.01784979732546588,0.029972308116004657,0.15130335117638583,0.07701947270669598,0.1466907480717298,-0.0022436644760265227,0.1447628658809304,0.04119735583590824,0.08895426926649762
0.02679879864438975,0.026527620064422424,0.008825469887748084,0.01893662284568322,0.014142641122376903,-0.009582066721108395,0.013148746419724341,0.028603271808903312,0.020654203201792624,0.028905987441797683,0.013471824749562043,0.011673033942607958,0.05393239195375059,0.018192901950442084,0.01857540749788972,0.017125978866172262,0.013495452476726195,0.06281297515744466,0.00605175317961076,0.024470356619630453,0.019152977015143294,0.008171811733684682,0.0335418223698762,0.030363838582010194,0.024186425869987475,0.01849553049590999,0.0280983824049366,0.031497906151616406,0.015597997221533953,0.026985200120802744,-0.00277237828025105,0.007245191690551708,0.02865855434202957,0.021088689783356523,0.02030070350692079,0.01729582088742803,0.04450998956711734,0.008078170758384769,0.02764569714615475,0.02244634345892802,0.010871479687136396,0.023622812187689548,0.0023951840632669493,0.01192639603615508,0.023780026508072722,0.01580198936004647,0.019871671744630722,0.04202961397104504,0.03216945673429327,0.013301934016991313,0.02542289550822509,0.006443128607068699,0.021922721876541967,0.019407464912549476,0.013162142783293826,0.012363476539257724,0.014445815850884924,0.01130461384583012,0.020511848125986602,0.01418923782054528,0.015008604018421981,0.03079538925724368,0.01397238645785275,0.016111621079976678,0.011579772995593748,0.011936720304993313,0.013488346063310204,0.023118233215706697,0.018645033379029438,-0.0012563838393130993,0.013349529116285208,0.024782475360347868,0.00735829605656559,0.025298839740206306,0.03947100069053916,0.014080271721321097,0.01330410014428351,0.04027321683314352,0.01216733510758712,0.026184437587166418
0.005942307236419101,-0.02485725289662064,0.0492189136850418,0.00705807881192696,-0.004647005259123351,-0.02880492368110039,-0.004075079452961848,0.0035672331912737386,-0.06021608942392445,-0.05084279732189719,-0.003029705639534013,0.04365232067269902,-0.017521586694529762,-0.019854102408786805,-0.02077533743949542,0.005627739366766062,-0.15166064423390382,0.00605175317961076,0.8445015670328451,0.021025751070216182,-0.0014619170401511412,-0.003916375690507767,-0.019972308404237478,0.05725205384390603,0.017235479795507803,-0.0014445111505699323,-0.004130344869132801,0.014906925353552336,0.004575238944017862,-0.00841468735687703,0.03906977382534876,-0.030541788639823434,-0.01897276486068012,-0.04770212410705348,0.004037851649459327,0.007970125276607551,-0.03575512873483567,-0.006299073588840984,-0.007800540356516998,0.015211555863578858,0.005394548129109237,0.004244479221667733,0.008512191608866342,0.0033794373433893095,-0.005418700910506272,-0.01694706334928689,0.035713930497313584,0.0061793573264744914,0.014569049807291538,0.006114864747032633,-0.0014846091677913813,0.08104468929780792,0.013092199634096727,-0.02552157867025313,-9.939446483199573e-05,-0.07763111227029704,0.00861343885011039,-0.006174155485108511,0.0018463070569517633,0.003003226029307554,-0.0051846165446629375,-0.024827976353954118,0.000787083067104834,-0.00019126629340542191,0.01867687319383926,0.0066823004444628055,-0.030167367924299728,0.02991097029923367,0.022996729930947445,-0.06415648813207113,0.012443674210620188,-0.002196496431752847,0.004490331403890521,-0.08848077507525282,0.022865725860851508,-0.022511695944517233,0.015599748785684127,-0.035648934792932026,-0.00815714692132507,-0.0014673944940907803
0.014565966904464928,0.014391552392335317,0.021106139063326767,0.008627394754569192,0.010525041318130422,-0.0037432846233708445,0.018227204605997513,0.017520404427061282,0.02262282512127683,0.03130952518025311,0.0008900600295210499,0.007482231303674689,0.028738390261598933,0.029059871790617208,0.014728240950278186,0.013387053274815298,0.009220708076990275,0.024470356619630453,0.021025751070216182,0.06899589024886846,0.03653460985355669,0.0024050191630361492,0.01623896041467887,0.021755823719714133,0.039798273940035406,0.02527809435139227,0.020647285968721635,0.005768402368845264,0.0018039184786526217,0.01401047449499448,-0.0001386732596729002,0.004135846267166245,0.020864732053849942,0.018692482424376943,0.019006378665825746,0.009945909037108921,0.03126895159342224,0.007536692614389431,0.008064947791225692,0.01047768286254457,0.00818254673888088,0.016855626221475496,0.0023153181940218236,0.014620141152152823,0.029672367494464478,0.004272930083186167,0.01568003178585207,0.027360895487943303,0.007070491843132751,0.009921612502698341,0.01576807661161096,0.017846584495781033,0.0228126486432851,0.006618875769951439,0.010367233065613754,0.002202054564191693,0.009693598524302962,0.005610306128810713,0.024433175632248692,-0.0026535907256295317,0.006451525812451727,0.019171993585298464,0.004068775223059605,0.008926729972446956,0.013182217940420439,0.001055194545291904,0.013561393168152752,0.016483472729019212,0.009962730918070737,0.006935086110016906,0.0034509155613169323,0.012592481135548594,0.0047818148875216696,0.00031582563572991727,0.026242090941073624,0.012713239759439197,0.015456502970898454,0.021112252147556385,0.007588667903279728,0.01887738852985322
0.019478088938230845,0.019832124838944875,0.0070990313282124715,0.014623765035595284,0.014944301781230072,0.006716595225056711,0.02136877371074339,0.01797085341552656,0.009421027950253087,0.012551760246562826,0.011101744313566007,0.0009494036531799724,0.02767480018182421,0.012561526071266224,0.02252396405955886,0.01605209555027871,0.0277536338852011,0.019152977015143294,-0.0014619170401511412,0.03653460985355669,0.07143638796594581,0.010284557619721474,0.022809897273441498,0.010505142441510924,0.025451524036294575,0.026009829020730468,0.006914373279560202,0.02026600693900176,0.011188890775165451,0.028234751605954195,0.0011528406194584863,0.008673988749928448,0.010537896448528861,0.018223930830121943,0.029282093743341953,0.00991226326783602,0.018185564521732048,0.006669495820506781,0.011640048108487129,0.0062937988913149825,0.008736357033293618,0.01653459376187329,0.006679716518262019,0.020193751845914883,0.03880504822443905,0.0169442618023595,0.014316858253058468,0.020385558029909656,0.02374538663807444,0.012321698422847327,0.01879046578125119,0.017125212032304174,0.02825252656863394,0.014420485891967136,0.00278945985605789,0.022291026590720155,0.008992130153332032,0.007470878862425462,0.03205243975717129,0.0036863502836036806,0.0020199123812726988,0.007023373769910281,0.0052982221846187404,0.012295423795125916,0.013072596350462118,0.0030292536947487026,0.013285238071353813,0.015509320280092777,0.02129241893351633,0.0042787126852095216,0.013083094350603005,0.01094357220546753,0.006189401004441562,0.02860016491330219,0.030709305850032738,0.014259615752962541,0.02017506713155511,0.04085010663643672,0.008342615452591552,0.01464020189090401
0.05170125869928218,0.0487196751684151,0.045313874610267285,0.03352266663902071,0.045779090262364215,0.02212892148338999,0.0104481764623455,0.020130449328546567,0.04499414755107987,0.030999215058253534,0.04612878621910745,0.050036558385694874,0.04527144788709021,0.027629047774820524,0.03669572510303842,0.009201303699051571,0.08798927080305081,0.008171811733684682,-0.003916375690507767,0.0024050191630361492,0.010284557619721474,0.2023694069750586,0.04065684126074111,0.039033704100471786,0.026436674921437534,-0.001930327063943544,0.03604925886634641,0.07051589606445059,0.04827686138672204,0.0419053076187985,-0.003417867411381727,0.03651947418934204,0.03956162680569384,0.024708712711272496,0.02621470424492126,0.03490563823078445,0.07568651677430308,0.025788856947991462,0.050714872720101445,0.0009674637029529833,0.005045593660867896,0.025214593934484778,0.0673004061451579,0.012832204308348603,0.021209408499414144,0.05341636948114714,-0.0035058145051193863,0.04369331427858892,0.053856172699571554,0.026606604508434963,0.01814400523146795,0.018684045931617457,0.011535661658725282,0.04410118879148229,0.03088366633663437,0.06301008882561353,0.021774188729347416,0.051469187450716165,0.01616621150867893,0.0626124993446268,0.037142238830102946,0.03939146085072415,0.04382427165402169,0.022816397650275422,0.02654449045143381,0.05110230673927788,0.016150135072085445,0.02289633895815541,0.05408721262056641,0.06370960485886856,0.03831723183945837,0.02592954110383866,0.03230061529884534,0.05743064958023798,0.052288763007199375,0.0575268610877916,-0.002175983756674225,0.060040434909869884,0.04078207816325947,0.04839084821262844
0.04735405427469628,0.0634582559128951,0.06959069316099048,0.043085831877605466,0.048837211568135516,-0.002741582934362295,0.013996089613323862,0.030883365191869478,0.04451393586420889,0.06646822495994743,0.04179856764108189,0.0415450474234018,0.04824323171766948,0.05763874835005889,0.04844921953967321,0.015293037377611677,0.08858335511824189,0.0335418223698762,-0.019972308404237478,0.01623896041467887,0.022809897273441498,0.04065684126074111,0.1450839742721746,0.04656799707027665,0.05303350467780186,0.01301042265105533,0.05418365763478066,0.06526130502617893,0.0387273219707083,0.053287806910675556,-0.0010645769019284235,0.02823794031169198,0.06048070282324457,0.04283264795187345,0.0315808448906485,0.03090392235548087,0.07768484757598336,0.017240934298356103,0.05395495034749519,0.026663852037328375,0.014358638587226077,0.03748826647258555,0.06968279947041706,0.014221754689443391,0.028220244886103533,0.058969421689145346,0.03332767443422716,0.05527880939378377,0.045984141019422935,0.04173126999399424,0.019528795762750496,0.04830612472301473,0.024476061069606557,0.03850550226816282,0.051694734539956405,0.07091117026283943,0.02219929144623666,0.06031292203549519,0.026672527216161795,0.04135466217200133,0.04121497653636547,0.05444406095377178,0.04344808196029837,0.028638614804118976,0.04646378182042608,0.03138894757749549,0.03932924726006563,0.03599257993278777,0.0561072541293251,0.03787919999088629,0.031097995900803588,0.01797696693769642,0.024199789563579082,0.07716786935277598,0.07335674497936122,0.044927215032546305,0.001668337509180906,0.07133653058628042,0.03839404133537416,0.056420592856052484
0.051533438582801905,0.05218828468128022,0.1526943687321685,0.0352157858683751,0.062015901363073764,0.013850854570328034,0.007429819108723234,0.031146904175546136,0.04426121195310798,0.08451295101740755,0.04474785124211629,0.030240139163523205,0.16109364689208228,0.038326625873200286,0.07056055254140012,0.009677242820092915,0.07560299993605957,0.030363838582010194,0.05725205384390603,0.021755823719714133,0.010505142441510924,0.039033704100471786,0.04656799707027665,0.25866968805026663,0.03463430266582788,0.0013144623519467124,0.057314269162238765,0.08270881593829615,0.03569950493989318,0.04732393488698165,0.010013695388993531,0.04332956974107933,0.036823218029007676,0.008178345391707257,0.02578978028458436,0.030299609793929386,0.049315122641504665,0.03128879264716925,0.09501649665024418,0.07376673012055239,0.01085229277515883,0.0337718403151485,0.081165957511857,0.008385622697932565,0.022568225621455617,0.044580046605672184,0.08053694767885589,0.054144208752125916,0.042228561145838735,0.02093303221546175,0.02485038945240222,0.047379792526597214,0.01302282442106353,0.03703136843309588,0.044885024704118044,0.051746768902441245,0.01939005893302226,0.04316737297621541,0.019763548153747965,0.05601275201074959,0.037824976874220005,0.05621235714381261,0.04181760267318065,0.024395926258856494,0.060001577081621384,0.044165254869371375,0.014551360295722512,0.029311063529362018,0.049090772687621465,0.05119145013382567,0.033282925946596244,0.037682934713050516,0.023564833378352454,0.06701217593309115,0.053265967063959765,0.09250271062170723,-0.0028424703624272884,0.07178390503380493,0.038876886079767116,0.04688288599279705
