0.04490043073958045,0.015553825230699701,0.01451495543528001,0.021287271438691403,0.017508455843947782,0.015551725087994682,0.01428745023306635,0.013216396158045207,0.01822297835103155,0.009763146107503196,0.0167047940733929,0.012522076062104523,0.01031947189592189,0.009137277809965294,0.013574989059936779,0.01707099185332339,0.013059752777845005,0.012469405830742348,0.03038544141553977,0.010764347270645597,0.015454818974484042,0.022125455000365318,0.011466878256475336,0.009746444680124526,0.024012527265457093,0.02276670352438369,0.009596801197981461,0.016644307352576628,0.018469830456433117,0.013113198803212758,0.02054907602756483,0.011624294878189499,0.020826174258627626,0.029394062665339036,0.014349557829706441,0.019155257001130736,0.022694890403961672,0.03890943715252296,0.021956685795590857,0.02738471590561611,0.019140507253421413,0.00253551112080994,0.016903654558685963,0.014903121471413098,0.024612531228744565,0.014463288265408126,0.0009987865410931958,0.027291176087938455,0.009646840648120977,0.023971633341390356,0.024483780333367667,0.01920327241512869,0.015181046218891263,0.03406497889538294,0.019018835542337898,0.014173931909364683,0.019795091918547968,0.022077169818880714,0.020091344002976304,-0.006398122014614738,0.011108407852557052,0.014010500925538558,0.022845258352631712,0.01945906424906976,-0.002329346117834804,0.017623705981736116,0.00923113779393833,0.020415935815193235,0.01960257938332666,0.008370961063708306,0.01106034438177151,0.025249629300260413,0.014336251728014393,0.01791382523074815,0.0011878389147638466,0.00874532272036388,0.02566584186108694,0.02949648550272097,0.014447982393398446,0.03132044690366428,0.014960286453792607,0.010547060465583413,0.017492163434796974,0.01966324988246441,0.014805449352284115,0.013166779973831307,0.013485150566234208,0.0067794817054188895,0.004941042956474878,0.019750836848274392,-4.453981218033434e-05,0.016111781161645203,0.019050363529666763,0.01607057694114515,0.015490245461519121,0.013078390813607598,0.01659697432971224,0.022051163417723837,0.0048733919196811085,0.01840060827039958
0.015553825230699701,0.6240751253135497,0.0484119471909308,0.038948799050246355,0.03883383228325122,0.09392444645231697,0.17824937770065422,0.06573337353587076,0.06982581980734928,0.03824520151225047,0.05176751908435093,0.04833473962240435,0.03241806001593841,0.022267283897318975,0.006834177962904133,0.07283106868585701,0.028800314384601972,0.015109874453769155,0.09949925762046875,0.05145662849507081,0.03538577646057697,0.047858328169568455,0.04548653769505847,0.003767107815701925,0.2029088349492361,0.04897284393229713,0.02330952946890115,0.019088715974420564,0.18057143576411752,0.044984186405236604,0.0425410422583433,0.07893423804326778,0.1747391109576247,0.2685109682726299,0.031876388763473464,0.09169654369607243,0.04421011059152623,0.19609685180604589,0.01696398320674759,0.0522694337917703,0.015921936467657136,0.016693135484254516,0.08255098808607844,0.034891661532081,0.05488552055142158,0.03814768675482325,0.00042496467931349094,0.05785881327108531,0.06418591514680404,0.05496365687979878,0.08096273592722997,0.029232639406287873,0.04698627332323061,0.17653457040232912,0.026471893622211327,0.022017650989651655,0.04198034626433856,0.04835559712123325,0.022664258612354663,0.005747669516524519,0.026478477062911027,0.0038561260006636593,0.03403910849783675,0.05773560983164655,0.13230012221288892,0.07374466824754125,0.015519646427537389,0.042580846587253945,0.1570297977637187,0.014406311654023602,0.036080764863756234,0.021923649072194976,0.0053102899979898385,0.032045555856224595,0.006634875185311554,-0.0009715228247608512,0.04416972773209092,0.06844285592492819,0.04424346097566833,0.14987637671455542,-0.005113416130863818,0.0121470475694915,0.041673317701416274,0.07105682893670372,-0.004229191082134145,0.02501845646915533,0.036276735068453164,0.01276504279696316,0.01395119359694394,0.050640848712585486,0.001157182322960584,0.04032984160914177,0.07428367111996691,0.03358635387128242,0.04768460466893462,0.019199523604281073,0.04073477083878277,0.044226045462990964,0.002668135137396085,0.05072792763472141
0.01451495543528001,0.0484119471909308,0.15350972972238147,0.03731355638167483,0.026095049083380267,0.02134743529492682,0.07782855040022396,0.03730594868436088,0.04865062036491465,0.028302455720433405,0.019830825513063487,0.031053640241699088,0.017178347776140513,0.031708405326520306,0.010019932570530628,0.015290442361347183,0.03267607490845946,0.01763046844373238,0.05401417292434677,0.034966011062083815,0.03380440317399618,0.030940965332227732,0.031005940872556547,0.011323611265453568,0.07634563191338596,0.044175408083552845,0.026961029173049142,0.02112452919259134,0.06718098182522583,0.02273718635032641,0.040996246002472175,0.03218756951858631,0.0763086351352446,0.08636315897104967,0.015965387410602272,0.06950922127132422,0.03502209669134015,0.07750082158586377,0.03421389221000765,0.0327725857955072,0.023242207156778855,0.009297955796473951,0.03756207586065601,0.027218807990334864,0.04151482450360626,0.014784205826013025,0.0006900423859963779,0.06106775115664224,0.03809248915584722,0.030019057045627635,0.008658131216440035,0.04476642848967801,0.02989117585327148,0.07624715992052461,0.025751241448931532,0.016830731023032286,0.033375384058276156,0.03929278557925622,0.03670776118060335,0.03782002233221176,0.028717999278643335,0.0049657724005058865,0.012011265340038855,0.06006160120871873,0.04030884435336851,0.038061832320703884,0.028425282903701464,0.03243574300113727,0.06308909784848572,0.008472749139509766,0.018750361861509603,0.03036518568393942,0.0056869845471840446,0.030905291449781772,0.004147671988742126,0.009958265533390877,0.058330765769163705,0.047729137817566644,0.028411084845807906,0.06654353271754725,0.02861003759939682,0.02928007184460859,0.03307271459248643,0.035149010263353556,0.008222577184979072,0.019629811266617083,0.013170842994025565,0.01024909185318853,0.0007745834510841838,0.030095182259094837,0.0020954927010632582,0.036280554454662196,0.052011956562390715,0.03668841674875257,0.03703845246341124,0.008499952202075675,0.0051046924320719425,0.039458051754496855,0.008849705605374106,0.033793006186582535
0.021287271438691403,0.038948799050246355,0.03731355638167483,0.06664713912467941,0.028126982889474288,0.030993975234326062,0.040428613596584874,0.03760171158326562,0.02522538840680385,0.0180614866937789,0.02657453959823955,0.029607071359133194,0.015520297397067236,0.0249855225318043,0.01573917506790247,0.03069599340744269,0.02492699267130618,0.019297700060628125,0.07100600625814664,0.0337305801515232,0.02894844669237019,0.0635068433866582,0.028086264309106084,0.01164232649120415,0.05933144726021047,0.048133155761534985,0.02660191450347459,0.02802482210913293,0.04152663717198235,0.020912438472284915,0.037199032627140124,0.03380272570265408,0.039447475383816294,0.0586951929096819,0.02474177114179258,0.0642725669197329,0.038615609948672344,0.08101482963870225,0.02545601806823847,0.04180480632287478,0.030335317247873684,0.003388105550121748,0.03590558866981872,0.0277018576749475,0.030764570450833414,0.02390511966280865,0.0009290931519966687,0.045816587616771674,0.03537371290573729,0.04725426036401545,0.030988551380918276,0.017599380920202252,0.025453629221329745,0.061655165795292635,0.026880191408798715,0.02029113472685242,0.033057939998104705,0.03232834120953996,0.034906348753140415,0.020179196223107276,0.013581807542434259,0.012584327469815108,0.03242612063381706,0.044571905066833374,0.032616918346649745,0.02792246731878326,0.017223180170419353,0.037899037124309996,0.03059729846030794,0.018560755238393508,0.009656728852651007,0.04588810533998289,0.015362741490178434,0.02851345973531006,0.002158582156295495,0.01012517308929804,0.04463894996541327,0.045704023161234536,0.030361183841950967,0.03460379069846282,0.018896416021104367,0.025797562302068186,0.0320526521468501,0.038431493355187314,0.010565850064549314,0.02105700566915289,0.016719985144031713,0.010187309666073549,0.009630951669014417,0.03904024052840782,0.004450229543560491,0.026807494128248437,0.04594657003840718,0.029642620556164446,0.030361414937812067,0.01915920941156944,0.03482507579740536,0.03463504987542795,0.014418713638900127,0.03440541393787971
0.017508455843947782,0.03883383228325122,0.026095049083380267,0.028126982889474288,0.04888246179060898,0.02478724862882643,0.03671865813500416,0.023510176408269516,0.024831643528099752,0.027503666354144723,0.03282959823078589,0.027263802302322258,0.01999562125051108,0.018348868485209054,0.01726097173058384,0.02264987798514356,0.023504476908606988,0.013904048534250911,0.06986719910709338,0.03609495483120107,0.0342381203996284,0.04567109795749865,0.02427421150448445,0.01082615766234149,0.05666199075256293,0.03181046687830137,0.019963623421716845,0.022826066715072042,0.03622792148242284,0.021374655713582144,0.035179902693689195,0.037267969291696096,0.03977633976344206,0.06937768876541783,0.028435763064773672,0.04221246990296899,0.03785439044155394,0.05188358515780875,0.026784521352213028,0.035535255282671055,0.023490691198456093,0.01015903039645211,0.03337108104710922,0.01999053641449307,0.03834200425837814,0.017394600254586678,0.00070303296744263,0.04083320789344427,0.02905731676556838,0.04001238156786398,0.035321919183848,0.023924210639147635,0.021118503410936205,0.05857831590898263,0.021364194225761506,0.015119342108869345,0.034821843728140345,0.029452428659726772,0.02518666482061935,0.01884573347589469,0.016375656427074774,0.007563019008603835,0.03064201249683405,0.04402316684324518,0.04140556917413514,0.018194152183195037,0.0156402449765587,0.02689077917978628,0.02771443443154727,0.012545922378395786,0.016993100323416412,0.03332232096599153,0.00861937310844007,0.03320381833265099,0.00346465772595971,0.017927814827388876,0.03433715394350674,0.05498634288467426,0.0339778157066846,0.03571342146221526,0.020628648354931462,0.020357249635655786,0.028277138117542493,0.03760585520703484,0.010167588833701722,0.0186269946096584,0.013470834299243636,0.007191047969833255,0.009179924868666579,0.036712401386937765,0.005074815294253559,0.029380041231400932,0.03045853683985877,0.025080592515569322,0.01837185424810891,0.011737891169127887,0.03638379197439435,0.03081598226485255,0.009714335828346757,0.033341880821983104
0.015551725087994682,0.09392444645231697,0.02134743529492682,0.030993975234326062,0.02478724862882643,0.1964487903597813,0.07015061620392159,0.030839108421887428,0.018361570119655234,0.03724717063521452,0.037904133756835656,0.03491437494089007,0.025486888173220028,0.024919772299136264,0.00921679284055949,0.005183989440784706,0.03228566566784753,0.02150636032485608,0.08825606194580313,0.045849323393031174,0.029142872081061113,0.0707480258400432,0.038250717152377316,0.010406660073860022,0.1047941594273488,0.03319074331234775,0.00999546706882902,0.003515649223039012,0.08403565708701395,0.023827963079758988,0.02782645193928464,0.052057538569263824,0.10572339357457976,0.10976225423032523,0.046074968433294394,0.04273432711130648,0.03914799512755658,0.14409207712389646,0.030820728205794092,0.0506407962819025,0.015706230530450185,0.014597551925669975,0.039032331644947946,0.006591729237847727,0.022685331281563997,0.022509586629143763,0.0006799458405535602,0.033786625241473786,0.04032387435436017,0.0335371480793645,0.05474430060273857,0.02170205700927117,0.030786316703895217,0.11591710540968106,0.019837335367998924,0.018347138151378426,0.041011378793649585,0.029876031209964557,0.016798159832873194,0.04049387839183295,0.019827614450812086,-0.003091891744172207,0.027147612818657872,0.04550738010221482,0.1010089867845289,0.020013573615371406,0.011605468887109699,0.027663413556516518,0.0998667664979105,0.010851220405609421,0.02865279917202254,0.012901573692301157,-0.005698264543983751,0.028592619391963857,0.00414964053173027,0.025462094888098412,0.03257906036890499,0.07584485967943,0.02314991147297149,0.08653232156026015,0.013293060394331356,0.012293664997557789,0.02792967391641131,0.04734826307872255,0.004467991006180452,0.020495365797183203,0.01915682712770153,0.007906380668814196,0.01342341118487319,0.03339666285538822,0.008310158684642384,0.03471692335856913,0.032013951155077214,0.03597185124880035,0.021318545952356893,0.006419049719062583,0.05570871642926879,0.02445319291536469,0.009557178989918869,0.031224489514435304
0.01428745023306635,0.17824937770065422,0.07782855040022396,0.040428613596584874,0.03671865813500416,0.07015061620392159,0.29705640929519667,0.050565941080910976,0.058002178289384386,0.044732820391931376,0.049500041971401496,0.03354606677377975,0.02229683538528367,0.026581438488947312,0.009395918357912095,0.05057004910739424,0.02971751550550301,0.01537257663093483,0.12424855540924462,0.052579148638843255,0.035040625189659336,0.07088796300515728,0.037621963391586404,0.008685663371067348,0.16586154845280704,0.05147190537395903,0.032903082222481714,0.018973235741877183,0.12406045556952676,0.03025789483625029,0.043986097727454265,0.07896535403668747,0.17289629896396497,0.2316012166396455,0.028160490053900294,0.07230003058535259,0.05436109909045792,0.24332301565011072,0.014532757758263537,0.06527930222344117,0.022528318451922946,0.013275717486222976,0.06704013832409345,0.03480906366738138,0.07129646146995924,0.027074061746823336,0.0008980166082896264,0.048889397982790586,0.04291006639722343,0.04583711364211998,0.014472537272322577,0.026406226737778572,0.03480458596720301,0.16721542148531376,0.02943163652724821,0.037515439660745005,0.040366751958611016,0.025995890310670993,0.03300413797572387,0.05618908241211016,0.024117273610557866,-0.0015675350891103412,0.0575019098057276,0.07751108450559703,0.03505591397345685,0.06336877870186879,0.03216341985919309,0.02626301576831165,0.13447957887090825,0.014028461518957088,0.02753656146862985,0.055110832609142874,-0.010392829339915921,0.037302548413651826,0.003299479945304752,-0.007180582013265443,0.08345282979707229,0.02299373665873728,0.046575907411830604,0.1266935109539261,0.01454324631193901,0.02854331148996508,0.02688399726598917,0.05005969944273532,0.0015502881303789374,0.020813990136941102,0.014605856422369841,0.009638296464336936,0.008890912005011511,0.05201970574792179,0.0064115679760257255,0.03628792030359905,0.08995811375777502,0.04709691733366009,0.05939077112538375,0.004193356168697176,0.046517915070435276,0.033959982997499805,0.008956219248512738,0.0436099995929105
0.013216396158045207,0.06573337353587076,0.03730594868436088,0.03760171158326562,0.023510176408269516,0.030839108421887428,0.050565941080910976,0.21893703743469584,0.034619583222038806,0.03155617826983999,0.046110583178436346,0.060881342422415025,0.010710765429534712,0.02008241221777791,0.02222361271386738,0.049585483907372135,0.04277752470227178,0.02503951023380365,0.14169122081786606,0.06386608643934882,0.05652205488279788,0.11214249870770175,0.035856650860836614,0.011518236757743792,0.05646122675627325,0.054614637857030364,0.03621703136047555,0.0462622601230313,0.046029005205407425,0.023657232005020356,0.04635882800949038,0.03681318145794421,0.03933366764544992,0.09262439880171412,0.022818172742254582,0.11842321622274792,0.04718965132842273,0.04651709786425736,0.024208971507067432,0.0687746015201158,0.032992980655509464,0.006499374567077512,0.04990584080045792,0.03654261505957712,0.04238998550991198,0.03391308583976379,0.0014612020119712768,0.059941821514763995,0.044869395599076524,0.056145189060323356,0.021686885988162385,0.026568421854875252,0.0663772128298168,0.05832092352592832,0.03720119502871359,0.045065748314465234,0.04182716424989314,0.03675775635161964,0.04368442040827971,0.02681872692565734,0.026293332986967583,0.007261014759355679,0.07165503791959511,0.050105207989073405,0.04420507047427835,0.053833540875630206,0.028749681184520953,0.042823813152503845,0.027189290015092647,0.023311061047203725,0.007129788696702826,0.05944510954118723,0.0058761530216005975,0.05339345484242668,0.0040570736783698165,0.023519990932929266,0.08856882726236516,0.09753470613937884,0.03424589659590815,0.03109567628576651,0.03442094184816458,0.016781421555047377,0.03636041113153711,0.04888312352407561,0.01035706719966684,0.032417221007320654,0.025957601049011764,0.015378412316753558,0.018684520854607038,0.055204588377756214,0.0016909252325665333,0.039627135363107434,0.07432485100525754,0.04996898856472016,0.05454548933816161,0.021904632502933886,0.06474069263466879,0.05066059331608167,0.006167145296121993,0.041181628352960346
0.01822297835103155,0.06982581980734928,0.04865062036491465,0.02522538840680385,0.024831643528099752,0.018361570119655234,0.058002178289384386,0.034619583222038806,0.11903696824606985,0.026710437753819406,0.02594406688153636,0.028758219580650116,0.022126474950650298,0.016904034985788286,0.01645037610826215,0.03220841407778397,0.024342798838309903,0.017135120500621947,0.026689373955347196,0.022465049017190812,0.028968189312556895,0.018064218859565682,0.020157172087819402,0.012947496087485511,0.06225939274469337,0.0425586121168403,0.019894988207071647,0.024922473345574996,0.03833875908038337,0.024556104398918796,0.034691958551737456,0.02666952170795626,0.04455364139527783,0.0694713523224947,0.019302519947863132,0.034054944036653656,0.02675816797038787,0.060744782549074575,0.02719104098802313,0.02044663247118238,0.028556795529988615,0.007454403076474807,0.03800503343675374,0.027499439851810952,0.03886242446698139,0.018199830799310226,0.002075956817820853,0.04342943848350554,0.024128304178272064,0.02488889898524605,0.034795863719755155,0.03615916116559193,0.03800736383200761,0.04304967279775596,0.026905360964136784,0.0253634026139001,0.034605266742345174,0.03256579335927583,0.03148802430996022,-0.00017481791681617264,0.02780556846657392,0.016955339640051616,0.025126312481669872,0.053037021641315206,0.05099930823516713,0.03288494481855839,0.025537918585987283,0.032520696870806456,0.030990939940864163,0.01842775958219725,0.015646998188860912,0.021532342179239983,0.01605380703566698,0.029816235105905267,0.003039497153728704,0.0073318874066422585,0.021602060906216962,-0.0063033418301580105,0.028813196470716573,0.03217959591048619,0.0213892020936343,0.023009738342456586,0.03424265977272182,0.03944202851820732,0.013890983768640548,0.021007185368203164,0.010034824184408549,0.006788425018438021,0.0035550214994382193,0.024641450369754687,0.0003926871600776281,0.0223688622945178,0.028310500705792444,0.02739989202796894,0.035732284038789086,0.01365540959167625,0.009675241662366814,0.038136403362199596,0.009580319313711234,0.02367815914098123
0.009763146107503196,0.03824520151225047,0.028302455720433405,0.0180614866937789,0.027503666354144723,0.03724717063521452,0.044732820391931376,0.03155617826983999,0.026710437753819406,0.16476008119050098,0.03079244313964195,0.03382102316617663,0.016454190449936193,0.016840244742960506,0.01008863012694554,0.030579800246122068,0.02413040407110544,0.014467730711423502,0.03971233629669629,0.03580050675965123,0.03491093762563629,0.030050112593804457,0.02408341804576261,0.023919295013132186,0.052959026706936335,0.03473804400401078,0.015957297779596823,0.02407256542821238,0.015031188977372715,0.019546047104443538,0.034026766590517746,0.03943300825196463,0.0371502914244128,0.07927141715147297,0.026806870007092098,0.05035181914987442,0.04449601885861181,0.03777969507677032,0.03315439684375222,0.02727540233475281,0.024038324097520172,0.009490434908522794,0.03242660173074101,0.015003258927649645,0.03219401778715359,0.008964097297049903,0.0020104609760109885,0.03460716692350164,0.02022334194936637,0.021825757950935422,0.01237567523137024,0.025470710839934064,0.03730404781433097,0.05377548871048966,0.01791130205750824,0.007634158774197889,0.0377025399837809,0.032739322588709686,0.022206956736120186,0.01427528733813044,0.019619049110444976,-0.0044923830215508696,0.02172333036987987,0.05464016150098596,0.0028424225656113237,0.010266012491637822,0.022648046197896676,0.021624671740912184,0.028857995572931016,0.01849897535010868,0.013324719746804275,0.025897790053844013,-0.003671735769455817,0.029589202901533846,0.0044584862703435065,0.01384264077557996,0.032295376527343905,0.043423328553237175,0.030638759936414923,0.02341919002235359,0.013995176327943688,0.017612935271014915,0.023622196874848345,0.03587713120009612,0.00823164892532142,0.018814409060665407,0.010651125090922099,0.006687058413762918,0.00964762778468382,0.025481608357055825,0.004051392802842076,0.023717391141779738,0.027929195131322773,0.026776252534784578,0.022535523935412693,0.004683206892055897,0.03796671827163943,0.03812805776436173,0.015158174293700345,0.03178184117894807
0.0167047940733929,0.05176751908435093,0.019830825513063487,0.02657453959823955,0.03282959823078589,0.037904133756835656,0.049500041971401496,0.046110583178436346,0.02594406688153636,0.03079244313964195,0.08763641916868424,0.034541918753185956,0.02468984274690136,0.015204891716559577,0.0233272520553449,0.03460833819562125,0.024811067258707242,0.01451388641338724,0.08480934181149606,0.04191825247428193,0.04441229358783322,0.07898413643640634,0.02399376108006876,0.011862670789907822,0.0631505796851414,0.03620750075939265,0.02099295446412213,0.023389388361691313,0.044458323029614624,0.023623519843803512,0.03835902506398921,0.044190846053615056,0.05293403785501211,0.08535515287332403,0.027207480072806323,0.05073147510339008,0.04714849946383011,0.049040544563268375,0.025154520452149394,0.03753873538251814,0.024195038357049645,0.010311939530032142,0.05496462011909253,0.02237979207506883,0.045847051170141914,0.02099795687947186,0.0009780335722008374,0.054502282196352,0.03230038197530475,0.04321394758220824,0.030710322433826123,0.024802233264346604,0.027014915515529127,0.06653509632576429,0.022773417381457068,0.025568974906388764,0.04426417971758641,0.02702792543041239,0.025217113131747175,0.03185837270876667,0.02796998041347983,0.006886581969474838,0.0394376541030198,0.03553444090160337,0.05918589380796362,0.029231418126368005,0.02093207486981252,0.029736867827407774,0.04233626796966183,0.020617476227173998,0.012375494886207304,0.033405304602145525,0.006016955197643974,0.029337642649147386,0.0027420852539342126,0.01638564864370913,0.03383110751468101,0.0788968458079369,0.04301167935108329,0.0501755735325976,0.0170127631865002,0.01736376948351691,0.025689460758311508,0.04166610514608904,0.01165186666005026,0.02594904263023498,0.02578603197101679,0.005959026963714534,0.011533834458753148,0.03572275310954674,-0.0013671115588672034,0.028452412608265372,0.037613040278419434,0.03396763701111464,0.034829088978216946,0.013453698183348666,0.0451026280759277,0.025630089226731646,0.005191087571713741,0.03998353509246907
0.012522076062104523,0.04833473962240435,0.031053640241699088,0.029607071359133194,0.027263802302322258,0.03491437494089007,0.03354606677377975,0.060881342422415025,0.028758219580650116,0.03382102316617663,0.034541918753185956,0.05998505947002327,0.014639662720897046,0.0285648040428792,0.01832905889409299,0.021372635974932067,0.04251177613928738,0.023783221675007928,0.09045137918630855,0.06104218229550681,0.04875573449418567,0.05549134232226001,0.04123690380089131,0.008870490988381165,0.07919094510859966,0.042949294390737934,0.030686410731904607,0.02630698620066829,0.03928286023839843,0.019073773220649792,0.034214693385917955,0.03155788130448318,0.03546496494922012,0.06847958572786926,0.027819566186084957,0.06536626382216182,0.031183035720204068,0.05652016763158644,0.030671001671128864,0.048049383636608045,0.032807096468948735,0.006897623861030019,0.03305135940325879,0.02930909441608742,0.03898237542868916,0.027532803283200753,0.0008224626216479039,0.05100215606535394,0.03712070042953471,0.04549053675667556,0.04370613179071553,0.029193412287319136,0.04916445025116514,0.04582499948739178,0.02952370262815712,0.024072531579132233,0.040297270207891554,0.03664713726718191,0.034325625789960276,0.00630606306439144,0.025957904584741696,0.0014954212449449576,0.0456622040480621,0.04990303354716548,0.040301447569014055,0.03211617103709872,0.01725361435516818,0.03186296861978797,0.0328290402471762,0.011374388306206802,0.014613289874628557,0.043709834502217215,0.001151152843678136,0.039126550718126055,0.003603942679374426,0.018989991430192997,0.054539063290307735,0.076959402454172,0.026832246799697423,0.04846508600733655,0.02109573257319606,0.019628354914923027,0.027861968905403534,0.046830529783587545,0.004183660933086129,0.02783931897023425,0.014620453084104718,0.017597892425381442,0.00999896299749734,0.04631227473305049,0.0012466929155734296,0.03780433051701786,0.054862808966053216,0.03884788678398227,0.034195456020857565,0.008938745648728782,0.03167622307887579,0.0413501141804454,0.010906046963122841,0.03755482944559247
0.01031947189592189,0.03241806001593841,0.017178347776140513,0.015520297397067236,0.01999562125051108,0.025486888173220028,0.02229683538528367,0.010710765429534712,0.022126474950650298,0.016454190449936193,0.02468984274690136,0.014639662720897046,0.03444121986979305,0.011170074996937885,0.007649785973246451,0.01074959931177031,0.009604553943340498,0.0074225093165879675,0.027720482345298256,0.015455545983461421,0.016088201092811442,0.017348002718810963,0.009633040619482839,0.006186159043870568,0.02948139701862403,0.021844223998850148,0.0076233501488860485,0.011393140215847758,0.017758430720846825,0.018118544083418266,0.022014078768239242,0.023102959123008585,0.019358516694895904,0.03707152645390261,0.017313924064260553,0.015805229228506554,0.021061216998046875,0.0314335547796465,0.015662471401609947,0.007535518914355603,0.014209665137854901,0.007394243142940283,0.021504378923973895,0.0064095870928517155,0.019000311083133548,0.004287890889502068,0.0004249912388438929,0.026527530874989963,0.011402229505330617,0.012500698330698846,0.0245892351233372,0.024043251145471872,0.010813320202855983,0.03036366283300817,0.010278309981046972,0.005438672782533745,0.023415017838165623,0.01545332157074003,0.011758811456241651,0.0014450826929231836,0.014703695651541287,0.007731584051955436,0.006942911538639019,0.018170613461629445,0.015714676436405634,0.010741374449287534,0.008483075689074198,0.015995750217537078,0.016096307206035464,0.01178040181380268,0.012906264189336863,0.009357973722784378,0.00856559895275721,0.014695255548444764,0.0020154388362708577,0.010458392935047921,0.009161593654438575,0.021251430061866722,0.023861189649376106,0.025174375396090288,0.006737237693972443,0.004174748970502869,0.010318051600488562,0.02414983891881206,0.006221649801620761,0.012014596006086023,0.01641368427005942,0.00017686542241308377,0.004180949971756098,0.010884338655458235,0.0006619742615863202,0.01037835508131723,0.016634691468540984,0.011923820336130368,0.017216172236881412,0.010434227908633992,0.004013189857294625,0.01343886524559906,0.006838311208771979,0.017355512400104568
0.009137277809965294,0.022267283897318975,0.031708405326520306,0.0249855225318043,0.018348868485209054,0.024919772299136264,0.026581438488947312,0.02008241221777791,0.016904034985788286,0.016840244742960506,0.015204891716559577,0.0285648040428792,0.011170074996937885,0.07788674627792555,0.01180894815381073,0.007908179896466831,0.025814624476142183,0.01743095158207218,0.05434420215934467,0.03315322290861781,0.03251711518239735,0.03198039578768294,0.01912628606157549,0.007649656872761331,0.054345219953320895,0.02727214861716928,0.02369433772975026,0.018259778719309495,0.03576069703856842,0.014539112495661526,0.021399074155960787,0.03580070320468357,0.04267089451049788,0.04818521688438783,0.018390154981694093,0.04212077732042708,0.026519991316099015,0.02122262974422388,0.020893402714116736,0.025569705105393043,0.018479457579761223,0.003845457538328126,0.02101991456637479,0.02403874554500821,0.0276822577726908,0.019083024151406565,0.0002534580798359247,0.03015772345670114,0.027231512181498538,0.028462543957934388,0.02990008645927984,0.014334491024667795,0.021892380349414476,0.03417170783972426,0.018398672696947133,0.016751028941314843,0.022283289082136084,0.029054864125607087,0.02309722040865221,-0.01687346409136325,0.018021944199753857,0.006059724834270916,0.03602673441281251,0.03933758889044213,0.011183141340448233,0.023845759558685797,0.012035447622961652,0.024326739315105823,0.03364386678043844,0.014225805268632988,0.010718435473977295,0.03735389930713411,0.006697889436040922,0.025303376669224133,0.004314473842401768,0.02659920871946633,0.03728798634518919,0.05734458037150928,0.01826604082261344,0.049697856483448655,0.00870328156283374,0.026551384800256983,0.018547007641058075,0.03814023423284316,0.0060617486649633045,0.016924358534214964,0.009136130458432375,0.01004074353625601,0.007704342496251315,0.023685840225009882,0.0032102214064334525,0.024477696178926315,0.03420850638022082,0.026525195387090385,0.018913964851598505,0.009027021674925195,0.020234523032288884,0.030821044010968985,0.007078981790011727,0.026924262633098897
0.013574989059936779,0.006834177962904133,0.010019932570530628,0.01573917506790247,0.01726097173058384,0.00921679284055949,0.009395918357912095,0.02222361271386738,0.01645037610826215,0.01008863012694554,0.0233272520553449,0.01832905889409299,0.007649785973246451,0.01180894815381073,0.03573710523421961,0.012791690666907631,0.017160725491920756,0.009997903701841414,0.04322370188040707,0.022228286035572236,0.02594999108733837,0.03454409510410165,0.012591417283220356,0.008380708012397556,0.018126331293336274,0.01632934559799595,0.017631988695511917,0.014981404141112797,0.00952175819112796,0.010587719538887935,0.02383321309063017,0.0002477290160513411,0.01124785756477652,0.022976792051875805,0.011671233062909498,0.025298274920637798,0.021604748124261684,0.006931570883157973,0.01358435419347996,0.0208207268384544,0.017160118117390342,0.0017880049113454801,0.022028404316127178,0.016807451119064756,0.0271107239837143,0.017218712553433286,0.0007707201913733755,0.025532542834281247,0.016882840927768306,0.022929215761293902,0.02132091051288931,0.012501141010451924,0.015774217619643444,0.019546443522669685,0.015396121992740285,0.014762147865574098,0.021738461770620023,0.01768755275759912,0.020899210024573674,0.006293271399749045,0.012138941300065306,0.01171763804457531,0.01955155814994486,0.017331757995980218,0.028113322947181277,0.0029749336281762913,0.011460760830542049,0.021202328854833943,0.0009298065440332211,0.014450508802019939,0.006592269277096839,0.020805158817408943,0.013017705191732698,0.019119252815416512,0.0014218349248540341,0.010737725791940897,0.021481082598120173,0.04301152561591375,0.016105825589508967,0.01860343339483841,0.014974223146869654,0.011341518667112643,0.013489124011039065,0.022964630205308444,0.012751412868722898,0.017452571716551502,0.006460013007782051,0.005277504526765947,0.0028812377692080406,0.021735308212103427,-0.00017046550452460408,0.019804256387752364,0.024279063732576805,0.020966429943681673,0.012184049087379563,0.01526807555265814,0.015187014240500339,0.01897904965577113,0.0056477220770490685,0.019720278274895246
0.01707099185332339,0.07283106868585701,0.015290442361347183,0.03069599340744269,0.02264987798514356,0.005183989440784706,0.05057004910739424,0.049585483907372135,0.03220841407778397,0.030579800246122068,0.03460833819562125,0.021372635974932067,0.01074959931177031,0.007908179896466831,0.012791690666907631,0.19181395041534333,0.017334832814825528,0.009075163055076087,0.07464069027345371,0.02940558017410606,0.044500250045742845,0.056740832044161665,0.013410429366193802,-0.00027614836800239157,0.03901430194950439,0.02178464494440632,0.01794614390709038,0.03072436900119824,0.026826001564219968,0.022814452456917184,0.030633784342423736,0.043737268452378214,0.004124364665276515,0.061814574935757205,0.020732055247245414,0.05098493992738603,0.03603612543447259,0.037001656752101944,0.016254062141433843,0.03655404677826507,0.02027715352090706,0.005320284331663789,0.0467388814788506,0.023016284843874274,0.04174262279500745,0.01638468304666723,0.0010360585341316197,0.02789250577238232,0.028523296541577405,0.046707747698430196,0.02306910519525979,0.031673820199289666,0.0337963784316973,0.045276971595233945,0.02066340049825701,0.022879582040644518,0.028649655680189377,0.018171533853346602,0.023498811462884104,-0.015072714853834606,0.0034076220743741443,0.0056234289355197595,0.04937090305004917,0.03306011182553587,0.03494346263260635,0.024737769360806225,0.02537287270477344,0.020760424198745124,0.024734835368899,0.009619178882875666,0.0011955342068706884,0.03688398521156756,0.010263062879809428,0.028714134842663937,0.0010740044360827482,0.00783629310469325,0.03197980161450926,0.042190403139120584,0.02609770982633661,0.025691826478585644,0.012103371172690327,0.025649154264979046,0.02828999213647624,0.034385071582787044,0.008843261775712128,0.010611046448068723,0.009021072472505031,0.0033537742845471843,0.0016304631772555817,0.03416764381814079,0.001496409020436026,0.020939649888246856,0.020167538879325275,0.025241490277908497,0.023114806634780907,0.017342747458463873,0.023963332296399326,0.04197237545953375,0.005578308473809316,0.025552291865669582
0.013059752777845005,0.028800314384601972,0.03267607490845946,0.02492699267130618,0.023504476908606988,0.03228566566784753,0.02971751550550301,0.04277752470227178,0.024342798838309903,0.02413040407110544,0.024811067258707242,0.04251177613928738,0.009604553943340498,0.025814624476142183,0.017160725491920756,0.017334832814825528,0.046644538579475585,0.02311183094404557,0.07117555474349406,0.05514677147868372,0.04372993086673655,0.0445950937496812,0.03516412241257472,0.010172525402582653,0.06478908903982673,0.03076837954807625,0.02670600607950842,0.024533661296705003,0.03622215973995361,0.016094032560923784,0.02985444915234482,0.020390163380782853,0.037311886041199845,0.056735772592477265,0.0233857129880814,0.04832693260799592,0.02201867361789535,0.03394783622324197,0.019023615751857514,0.043507821469997744,0.02741070975140897,0.006844316459201219,0.031026510842934094,0.02958659397456912,0.03573048411585415,0.024813001671877027,0.000994860084549488,0.040799528604212536,0.03445820123057061,0.03840541274361645,0.033861808406301874,0.02124788157446194,0.041377935433112426,0.04463868658966551,0.02503826988741455,0.0229446801426075,0.03337765751396669,0.03213635751202014,0.03064715895859006,0.02251106901674271,0.022315718409022797,0.0012539329962557258,0.035569397091647637,0.04127724612911138,0.045053110706238596,0.028478029164434145,0.014971422315076813,0.029340675241622226,0.027039800001662204,0.005034020299632973,0.013554416715784749,0.03953360708788818,0.0016167001029247564,0.03595960022439167,0.0032654323630978794,0.020275696879846237,0.04775312532660599,0.0573332353546892,0.021416398078043415,0.04470322523642955,0.024480038135095167,0.025125859700327643,0.02555853207767301,0.041344404333363255,0.004715112126230723,0.022960200307294246,0.00946115213540521,0.014870140432918049,0.008046814285839608,0.04355110846531112,0.004186738461687398,0.03669981403766553,0.043489713763565564,0.034334851995575004,0.022237989511259913,0.007972128390755843,0.02778696135865788,0.03351224467179623,0.010822957310956581,0.030703505435415935
0.012469405830742348,0.015109874453769155,0.01763046844373238,0.019297700060628125,0.013904048534250911,0.02150636032485608,0.01537257663093483,0.02503951023380365,0.017135120500621947,0.014467730711423502,0.01451388641338724,0.023783221675007928,0.0074225093165879675,0.01743095158207218,0.009997903701841414,0.009075163055076087,0.02311183094404557,0.02346267307158798,0.03467977543305938,0.025334408366323946,0.024817985059450747,0.03505415214173788,0.02300664621342184,0.00691024493697006,0.03480960449139849,0.02285820277509349,0.018488744829219035,0.015299074376131637,0.022397226341011853,0.010338975541879201,0.018368775325879674,0.012621917795842805,0.026549846939844062,0.031525177753210266,0.014047072305030033,0.029671360989713708,0.016105175118520738,0.015556419877994459,0.01798800064386911,0.025367048858098908,0.020504479914602407,0.002826152733465532,0.01909972514142375,0.01907143286603284,0.022175384219112183,0.01516663803710757,0.0012970746784480075,0.02394923246376988,0.023871789727739363,0.02302800220513914,0.02604555462473998,0.012492589541941825,0.023545500016128772,0.03074253755820535,0.01763326963349161,0.015794165841128315,0.02053930174768273,0.019639698434194126,0.022823316358584863,0.01034457104748188,0.020480429602117125,0.004523120189223669,0.025879389496464598,0.024357629566912457,0.011888932620855911,0.020315657628343243,0.011738432533590127,0.022204036002818738,0.015032624451232239,0.00501645127608089,0.008843371768195357,0.029556250938031332,0.004959654471818483,0.021070179718220953,0.001281971564129831,0.016742043112367433,0.03216033212611918,0.017116502226199874,0.01388718041388336,0.02549794875378158,0.01713838830064729,0.015506079499853472,0.01859057245380578,0.024173268131695586,0.003959902136858897,0.016414940582836057,0.010136928117226362,0.009804884690556829,0.008388952039230905,0.0238983459038894,0.0026899054574446206,0.01998134007601604,0.024332975165558296,0.024182515798549405,0.014638627605788554,0.006836247825858229,0.021253868889851167,0.024851575379148595,0.009760926727659582,0.024971468482014206
0.03038544141553977,0.09949925762046875,0.05401417292434677,0.07100600625814664,0.06986719910709338,0.08825606194580313,0.12424855540924462,0.14169122081786606,0.026689373955347196,0.03971233629669629,0.08480934181149606,0.09045137918630855,0.027720482345298256,0.05434420215934467,0.04322370188040707,0.07464069027345371,0.07117555474349406,0.03467977543305938,1.1978852930516708,0.17051814586337188,0.1147324015794084,0.4052936050611539,0.04867757074175452,-0.003226953869834956,0.2404005776261687,0.14419453607883564,0.043104079537360354,0.11302615220691264,0.13046241885411422,0.04747196278769554,0.08376496808398738,0.11573274770501593,0.14706966473188718,0.2391120129797862,0.08288852454428644,0.34776113675887443,0.09239502215582333,0.2354450727771152,0.0006083036626264881,0.18183218910589344,0.04534146896372648,0.02423879448140336,0.1261045379403861,0.07634187245952957,0.13588248589931387,0.06874222892129696,-0.0008320798004241886,0.15301790682842334,0.05583401417818867,0.15849478839076434,0.04309101524537848,0.04333481564465742,0.06493358784927773,0.20851824148773024,0.0463006959449344,0.04593550319089244,0.10343011079551961,0.049925276952550404,0.07914897883146178,0.06845522044835771,0.04144916968134961,0.001145201179542658,0.14517978860920353,0.13019892595855478,0.1181056754829856,0.08452652915570327,0.016405739582179488,0.12434880341992324,0.1177040628317452,0.04131546864848959,0.030759839250519696,0.2157058812882451,0.006751496366027289,0.12334371606896591,0.008350631762264454,0.09332160490717929,0.20366557859507142,0.4738127156704445,0.05704257405574018,0.12135993661934782,0.08809500568021719,0.013496837955198156,0.03016124861050581,0.08546532730519472,0.005117635737456436,0.030807968003851303,0.028426540065629613,0.01334470916748973,0.06635593256665037,0.1402278537085433,0.01768364056830176,0.09029020580018814,0.14084999091171205,0.0980717664426521,0.08277630808469684,0.03842534411117763,0.11981400009655266,0.04855032667248281,0.021389993675269944,0.08341426607882292
