0.23509842113111093,0.0025610688299565693,0.031627528634279846,0.18490759968327997,0.014122858009620487,0.039324729250731875,0.06138049035869267,0.11422793565349122,0.006537042927394956,0.01843986606494814,0.05592502815331611,0.03767404551617413,0.023761970509214057,0.019180390870332114,0.015929901989911652,0.11333356731366576,0.04589693079436213,0.11709280147370879,0.022047558932701647,0.02709629633911965,0.003751244317539275,0.031657546341692586,0.04437533999389302,0.025588576150335676,0.006315885984047663,0.0421749483237147,0.0371523221020661,0.024508081904114087,0.02734243442148125,0.001984371944055518,0.029180213248741184,0.0157479484539232,0.030579258827298894,0.0182644728982026,0.0067199051222116835,0.040436216115091544,0.015399750537750648,0.08976732691911488,0.05708878778608249,0.04161287645339376,0.05078470038432815,0.04692013516379288,0.03261416143477848,0.030763046620927555,0.09917755043647086,0.018033686649049026,0.02329996140311289,0.02285541100098813,0.029475223967028175,0.029311196225276677,-0.005863852621112396,0.022555025236590583,0.010221809332407598,0.00213266167002588,0.032260349991890945,0.018757616240355154,0.009477045174824313,0.025728132758966855,0.03153040310200176,0.051903897195075176,0.02088442091068319,0.04172467256541231,0.033891085114689176,0.015608452184561408,0.03395832802398742,0.05942853820252499,0.0573720823175401,0.044270974135394776,0.02059497758172859,0.07215372104531313,0.028114888542836572,0.004423006686274181,0.029317243402130298,0.01287000165405877,0.16846377349719885,0.03632857617470655,0.03535203308678439,0.047881710867001374,0.051654129881919725,0.1490275787791207,0.03459838169154206,0.031231052345490166,0.03288044916399299,0.058001913296670635,0.03926785632215893,0.000773008035023548,0.04168090274039812,0.060750206487479676,0.04944527918285796,0.01327301081918674,0.039119337970107845,0.0845751370568168,0.04170771955637889,0.0397800045772309,0.06906139740132239,0.06380579392661717,0.056229546852051705,0.05460439984904355,0.03641260310883773,0.004583231354417372
0.0025610688299565693,0.03292296539977596,0.002923553979271102,-0.019866129210573832,0.017208706541621856,0.00533199491369045,0.003440728375481911,-0.004387536131163695,0.0016491851303763682,0.01244509134240512,0.00796151576559997,-0.004839344124091366,0.0014837072816659483,-0.00020732748426927414,0.003594682097923047,-0.0015782788231353795,-0.00022581157627100883,0.023382879280797207,0.005707898671757047,0.006995080511095241,0.008972040492813417,0.013861142042034695,0.004748353235948981,0.003509230954237265,0.010190965442085155,0.006876494148913149,0.008105045554208932,0.012987809474140341,0.00585849258967182,0.0034265324844905483,0.012597403649436028,0.0003942519503796386,0.008573212281017798,0.008328241997856542,0.0275219156760527,0.00020447288860769936,0.0036892099837968232,0.019885556655176398,0.011231104355603847,0.011022443717708726,0.002648892127824975,-0.0033179827492705472,0.0014026275527068031,0.0013458761621250072,-0.006765278134962338,0.017080626010435418,0.004808579244425686,0.014259931795041307,0.0075742713531425955,0.006048879013134985,0.01717125719121411,0.003990064698737121,0.001012198930048212,0.01325620244981881,0.005961862214348614,0.005925388664691437,0.019393452931538973,0.003707937316714183,0.007312422717008015,-0.0004858489587668527,0.004982223975219048,0.003412279672795256,0.007388877913666876,0.0020417536316427224,0.004146046427424337,-0.0038140234794381083,-0.006958273663491999,0.0026380482086452725,0.006998639842698984,0.0073294964694115465,0.0008018393426875241,0.026731845096431683,0.009023801327955515,0.02324256854782882,-0.009712031553775638,0.01374400023614689,0.006345912199697914,-0.006598005992707138,-0.007430708422363471,-0.00952014792509597,0.0013901280960122039,0.002298621043793803,0.020441992216183223,-0.00747667262762085,0.00690930357454853,0.020635487232868305,0.005164826797231126,0.007369730490480323,-0.00627468020424892,0.004327678356534528,-0.005827727956552627,-0.0011128827358042295,0.0010163476028076086,0.003053281483215764,0.023451426689579318,0.006016796851043948,0.011261213039483579,0.001029836554717397,0.01335901054267469,0.012585235228900992
0.031627528634279846,0.002923553979271102,0.06599211058469417,0.030931450291978514,0.009422951945746308,0.026027692523080837,0.025313423055608342,0.02701681458427645,0.007044366463052236,0.014007908357309824,0.030767295857502503,0.02789336070824695,0.013393667480815713,0.017968440561082235,0.015299266999642834,0.03672853117040482,0.039334221941954246,0.011254493308836268,0.0216709058143153,0.011128887641811481,0.009062472740923304,0.018081204954741557,0.03299109497255482,0.013130380872109392,0.013815488328068594,0.03079533029576481,0.026073015424444623,0.020033675722604373,0.010785517447776156,0.005614616439501808,0.020974121306684412,0.008463628516167864,0.01697189188441853,0.023611956799743025,0.011265547106108513,0.02097627414648973,0.00830064124890641,0.010290295611827678,0.008062063422461574,0.014528076671173687,0.019661860039776064,0.03339441242778781,0.010002849518430846,0.021577583183869195,0.0529265541077471,0.013583846119915114,0.027948424374465583,0.018320109942031773,0.011924752773357252,0.018598472178440115,0.011646551273371834,0.014280751970039083,0.010776119329004127,0.0087306166867663,0.02858434896572773,0.02526355606501457,0.011903236026106236,0.01678955417549846,0.019954634494062658,0.03466366804260788,0.009351944500200209,0.02179642342502328,0.019224044019152627,0.015627977344974064,0.01790163418677581,0.04798740532045497,0.02437731199284517,0.020517195036251705,0.010417285674643879,0.04108391265994759,0.016015618664455136,0.009222982880012207,0.013255319312110356,0.009915641291501402,0.036833113071459964,0.0183413184946439,0.026302930967752828,0.02738416863003235,0.03196143864007326,0.025539876722981112,0.01404458189594,0.020840556020625855,0.02024300663872592,0.04281437204425503,0.022695578362234795,0.0073875061301901974,0.018181919938705902,0.023546014111755102,0.033458952110963586,0.009629270890055773,0.037143150353125036,0.036274125036748046,0.02822047791819791,0.022434429530805895,0.020520014649980697,0.0375679591916132,0.033651600424392275,0.021211199429188404,0.011083835863011985,0.009953778182959751
0.18490759968327997,-0.019866129210573832,0.030931450291978514,0.6714965830414934,0.010400209558659668,0.06230128771917383,0.09782433317018088,0.270549406767522,0.010030121287822349,0.0144206203314385,0.061603654063862624,0.0681795801729019,0.03929672519340308,0.030352023407398097,0.022229704075503103,0.20954192359910284,0.09153629777389036,0.22014007599896745,0.04615471268214756,0.04191768977382544,-0.029000151320747215,0.041738665805600164,0.10270894735381253,0.028004915487514666,0.029128726181277053,0.04609187267980171,0.05613449777986186,0.039661430578522075,0.0699744044210195,0.04280285978146316,0.06308540564357465,0.006780919741295306,0.037973820177202994,0.056605054466915335,-0.018284040386715644,0.06469750071137677,0.03392211059847692,0.12249493423142219,0.04108334696616208,0.0417881093694933,0.09301846392985902,0.07466679071486725,0.02591115069154893,0.03783572669453629,0.15507154788504646,0.015553159084757275,0.03459207648681229,0.028507836228422755,0.04339237177850409,0.04067876338429842,-0.019081452802444915,0.033535298583827575,0.025800724314207428,-0.007267644636030734,0.07224683535311469,0.05819621200309881,0.002028496164207201,0.06307038414079089,0.05031853260627341,0.11716687255833175,0.037005416724784544,0.06812640346717642,0.06036709550315344,0.03154693162062611,0.0432580681500679,0.16097044391265536,0.13841701078104626,0.08981105284591993,0.012224368347857,0.061445034518681226,0.030999229778496142,-0.02193952988685168,0.0761746212209755,-0.006143003721453655,0.33992923564301425,0.08393620292377581,0.07637915341967337,0.09189056798947912,0.107382282655578,0.21850966592758186,0.055492430342047296,0.049623151753943516,0.03648349508376892,0.11792396015586336,0.08447080023509425,-0.011204766874237992,0.10054298599537034,0.07648386836810975,0.0902851911962868,0.01952037628881304,0.05834439115170046,0.11520236104051135,0.06469829221863861,0.08401544661000578,0.10018833426304177,0.07484949774104843,0.0984498328523651,0.10716902252987404,0.07121924629447947,0.001158419706522862
0.014122858009620487,0.017208706541621856,0.009422951945746308,0.010400209558659668,0.049550631371858056,0.012421668163616206,0.030236069768436864,0.009399427462994839,0.003361298043064496,0.013627792933094398,0.01620257283650719,0.0034131269043271646,0.010279088825781133,0.007458964053433772,0.008430892734201447,0.025657285119539203,0.011086748719002755,0.02385144179369515,0.016414658742866052,0.009445825117881064,0.018131626589384206,0.02267254817873463,0.02036556068017419,0.013345131319318767,0.02176006066703887,0.023645830384185603,0.017004536506494857,0.01695553878613935,0.034749034436589575,0.0154267778739223,0.006310912721243632,0.004134723029746381,0.014163259583574178,0.012017143442800264,0.017285272670371814,0.011026935157543745,0.01624504825016111,0.014551430796113285,0.02623959836528686,0.012688720170818258,0.019296940809613927,0.006467138631957333,0.013437643650982926,0.011429088051372395,0.02525012224838718,0.023892593932861726,0.011450938457568187,0.02388171663792506,0.009728229385963483,0.015860806108531682,0.013230143989760757,0.009560452619231174,0.0054227242305508825,0.010227697266946074,0.014934946950503954,0.01119966676162312,0.028520737246627265,0.009307145884756217,0.0170554119634588,0.01371673734355114,0.004584686237414356,0.01235967502063862,0.018619497617105487,0.006212782638757801,0.015316065742308654,0.017621065079410952,0.01351500742107144,0.02313222894404906,0.009691051388752356,0.028127191769043183,0.011423148731583852,0.02232287939935573,0.013932179656109796,0.023466187231726304,0.02766034490527086,0.026670484472390992,0.017333956911952123,0.012484127184347101,0.02260141920443647,0.01296303834053445,0.02534946224018196,0.011773655509968148,0.04077826857499588,0.008202577010017273,0.027470279182357216,0.021859153533588044,0.01953218946155703,0.023676979133484637,0.004561575181438881,0.006980564485692422,0.017900046937945925,0.01720365013051968,0.01146684376553557,0.01620770778094744,0.0280218190524723,0.02111986829928493,0.02912092943016034,0.013034943060300447,0.03320058086172001,0.019340682449873862
0.039324729250731875,0.00533199491369045,0.026027692523080837,0.06230128771917383,0.012421668163616206,0.09686211267463102,0.06225629318204989,0.06985985697052713,0.010954962631071355,0.020523558372037225,0.060900566267217696,0.03148050174449517,0.015342255175680292,0.01665214480642776,0.01956790121208253,0.055125856753425996,0.04840955131487202,0.0313121974736779,0.036073412000917765,0.026699640785256735,0.018548017686388606,0.024727700904503696,0.05690590167694343,0.02759440564193864,0.021580008065812235,0.040540217556828476,0.0482315306130881,0.03873571014116281,0.050050186907012094,0.009016311941862507,0.06252499263171817,0.0029831567170967893,0.027238396204256055,0.032979365627761215,0.013424401363167261,0.024736202889768032,0.012469061102608333,0.020492449660500425,0.020836430971943834,0.023539379010893615,0.030666157263483474,0.03415753836583997,0.012388477231678472,0.027147266850341776,0.06253899216125396,0.023821059932380227,0.019908646633296407,0.028562774601246524,0.030414160430983987,0.030338726332693834,0.013194194546367324,0.023776221369706606,0.015427688177159728,0.01165545323387172,0.03252760610800833,0.06285623071195305,0.015696115411132028,0.03245210054646609,0.03215257163015885,0.05165716361973026,0.020788890125269348,0.039283853939059754,0.022870070048738266,0.02305755220680842,0.02333941039888258,0.05537822883330628,0.06678504430707626,0.03189339494090912,0.010395828912027278,0.07555269208571633,0.026832405042053715,0.008586893887285918,0.02713299486314205,0.015412170363454695,0.07298759142665216,0.05615825927261157,0.026748052013205452,0.026934319199859884,0.03472995037333912,0.05868932699967626,0.017683574257850686,0.027778539806269757,0.029266143797829956,0.052269997267618044,0.048713981094512644,0.01757444399492794,0.04322705368142994,0.04832261497053322,0.03565746596448597,0.015848623343222814,0.041000877639645494,0.03202784521897055,0.030315828642489048,0.04227092133217896,0.06673309319578011,0.06054959704752347,0.06073854651254526,0.058007441917286205,0.047987414838527774,0.019684189703474655
0.06138049035869267,0.003440728375481911,0.025313423055608342,0.09782433317018088,0.030236069768436864,0.06225629318204989,0.24804240255632012,0.08592891157481693,0.011641546345533169,0.02865255539946789,0.08170919564006861,0.043825659315629914,0.026673901183169604,0.02804219882810529,0.02174633017516093,0.08637798328069478,0.06773911743323822,0.11247235141295127,0.03978951458726168,0.023845022396558623,0.028533401214684024,0.013304756241784123,0.07072426988227463,0.026880711894156157,0.048463716580623845,0.04126691050701833,0.05899659301563492,0.038269617120661265,0.05828390833350106,0.03496346817453193,0.07195908668807534,0.007370268289605205,0.032287517914969026,0.04292077634976092,0.0077966129456363935,0.025812448496950312,0.02496666726177294,0.04593514566996186,0.034614742962011974,0.03554859971887176,0.05754046620282607,0.04126105115850712,0.015471581075443918,0.023100664834565927,0.08889453006521551,0.027527846530085474,0.03419932597674403,0.03920061783776063,0.03087848206901252,0.03520282225313241,0.012951098823909523,0.010558943164091072,0.016143348833792735,0.012076979406550063,0.05781583062603254,0.04417342430399266,0.023762852278596407,0.0383219545409117,0.04602393892014689,0.09148932498676453,0.018980728325603498,0.05015466708207602,0.026380282673696572,0.019433075128980466,0.034255733331902335,0.07624324893198188,0.0962897971296165,0.07293434450379234,0.009685665869671532,0.07836209903038867,0.03329082804218473,0.009552688405547063,0.03298087330238627,0.025417454730408576,0.12107293598094496,0.06788877428042449,0.05507826410202118,0.06260301872623823,0.07371587470717207,0.08012819106420234,0.0512326327636751,0.04105956393308517,0.046260341162370856,0.07373327379095813,0.0715705883477239,0.01971828571088153,0.05152218386894251,0.048076734178663316,0.052485687362503516,0.022124932496520224,0.044152605268239026,0.05406240514103926,0.03867977728286127,0.051849446235904185,0.04466424547626087,0.07932856995582163,0.08539873780943734,0.06523704309046642,0.06539168206576833,0.03785169252729499
0.11422793565349122,-0.004387536131163695,0.02701681458427645,0.270549406767522,0.009399427462994839,0.06985985697052713,0.08592891157481693,0.35042516214771363,0.008135867370886573,0.020025200812496414,0.09540892149983315,0.04915371247401559,0.019105596567578903,0.027668013400577837,0.02421621194611053,0.15138345716762847,0.06371105684251267,0.1765353221231242,0.03122553212946386,0.03420098110171902,0.007947856166755658,0.027433609596583548,0.08806251891441558,0.02913914202553443,0.028751276238247483,0.041574829902654487,0.05820657737075247,0.03984641731541238,0.08839874881322603,0.048328745762205264,0.05813378790169329,0.012643849639970832,0.029825844366036806,0.054340152114512714,-0.007725236392606463,0.039410373619223824,0.029932437931687372,0.1093691557831824,0.043994606182636876,0.02733505181339113,0.06941598554510328,0.047487438914575554,0.024749666093589043,0.036313672970350874,0.08564139430118888,0.013555246862551662,0.026577676736215448,0.02301886913352042,0.04653588039906348,0.03131535438702362,-0.0021257247351201386,0.023717682846129393,0.018655177337302927,0.005419591378888824,0.0437090907606635,0.058094249223327385,0.008551518917277266,0.0499277935950697,0.04241059192560111,0.07178128784941898,0.03622902708858406,0.04703037802917738,0.03476464762697128,0.03431038713480204,0.034524255347240934,0.10606237183317012,0.11308080672301572,0.06340740227459968,0.009789640493666268,0.07121492746731967,0.042688095262033224,-0.0061077664610933256,0.03223938667168971,0.00573558952537289,0.18751401655039351,0.07639730739319527,0.050631901133241584,0.05589105799804144,0.09268525329624186,0.1995780942903233,0.03785624661535795,0.03831549253412502,0.02972334572620786,0.08464553450479174,0.09225259363023491,-0.001299329335777315,0.055989594633147295,0.055206204068968735,0.06138812263784635,0.01935765597212939,0.04963500861880411,0.08862055914791217,0.044538577453122154,0.07217821007352111,0.10240157468739922,0.06992962526594437,0.08378061036819885,0.08959731336131586,0.05908623759783586,0.023333308825824257
0.006537042927394956,0.0016491851303763682,0.007044366463052236,0.010030121287822349,0.003361298043064496,0.010954962631071355,0.011641546345533169,0.008135867370886573,0.01079810030074439,0.003101898485090215,0.007837843531552693,0.008627546684457144,0.0012646758116310068,0.004741861872786553,0.003496302241338748,0.010204821076664029,0.010125173066196789,0.005174658385091533,0.007942065733883862,0.005972328397760169,0.0015496837335362583,0.0030971352680004235,0.012708423403574247,0.006717717865971967,0.004927460385668636,0.008482218528697894,0.011294293359888631,0.00941011718867375,0.00819157780507483,0.011521485652032683,0.009374673387133855,0.0008519512404572737,0.00410607005117869,0.0078042369529734935,0.003433115067436533,0.006506159742316719,0.0007051254724261574,0.010205579467512457,0.0031821935141541037,0.004024813481316598,0.008052702692420522,0.01131225492453868,0.0013860728379605414,0.004730108282197506,0.018409481611875417,0.007060074380064444,0.005500745238505759,0.009903824042173976,0.007137162577462993,0.0053008017632558795,0.0018810800008594144,0.0016495101187460563,0.007358079689317777,0.003638202560436254,0.006643498133660798,0.009869099233822511,0.006159137801425887,0.006954386952766498,0.007890257172678682,0.012195775389331113,0.005027319917129275,0.008450731499972034,0.006222103748199614,0.006477457553209928,0.005804051587794729,0.016668744423161286,0.012171813651330675,0.011258942365755443,0.0042288511113546855,0.011262436811025973,0.007714185375700826,0.0008860604359315947,0.0076937312358142,0.003409819040527957,-7.308469856364526e-05,0.014087932787795847,0.010638685977836432,0.00805545442238737,0.004110916014174542,0.017079897989940127,0.0026851286565521544,0.0053490948059797426,0.01086607839759638,0.012853626378822862,0.014980066857253565,0.000999526836304686,0.009198521162859564,0.009288153239678852,0.009973880681782727,0.004917019284419747,0.017518531107113957,0.00865708780238796,0.008098158880796345,0.0075449264027500655,0.008254796532161952,0.0102302063425656,0.01613413170450341,0.013244628927669925,0.007471728459154777,0.01056995844596912
0.01843986606494814,0.01244509134240512,0.014007908357309824,0.0144206203314385,0.013627792933094398,0.020523558372037225,0.02865255539946789,0.020025200812496414,0.003101898485090215,0.03616817654801825,0.026007286646746588,0.01407958748978585,0.009727598045841435,0.011081934352881772,0.011715701070503999,0.02019074782839922,0.022112592382173443,0.02025170799307772,0.02061461288558682,0.013724233960246428,0.01609492781462992,0.01305373052017337,0.016778335300985863,0.012768519517184707,0.021763162369864194,0.01284947591104084,0.017824218917583127,0.017578022642033533,0.015792368181579638,-0.004252110369677339,0.013260893003317313,0.0028683395233708824,0.017546811668310177,0.014180629213422549,0.016660656214442723,0.010927266225379689,-2.9646942273371587e-05,-0.005519717006705663,0.01781351139863146,0.016101703053562556,0.018460711144380457,0.015138940568051741,0.009032507790942983,0.014090691519209764,0.009985383914856993,0.016272812514446438,0.01272750004955226,0.013841115367594073,0.008207761657834798,0.01912748868887762,0.015613762482076875,0.00693111674218881,0.003507571031882466,0.012424147993421732,0.019620228857756952,0.020098568077124054,0.012957357032948758,0.017646374577584684,0.01593008327606476,0.021108840017856075,0.006909674393896305,0.01392723374596437,0.01585608554327155,0.01143448296479283,0.01552805615852267,0.02480913299884611,0.007864927295758032,0.011376867392570014,0.007000884044654984,0.0350677565240198,0.01612244054974241,0.015049118527782695,0.014446774299427801,0.016117580788466025,0.019570671291214415,0.014224231701296082,0.02095209769191627,0.01598365188322194,0.018806092099878626,0.008718719940430334,0.013871556624271015,0.018251505812492748,0.01112818143815266,0.022890427334626703,0.014790718920534062,0.02017240235183196,0.013940276794499364,0.02021233411802872,0.01628794880196434,0.007577459880777306,0.03239648568634216,0.020400341518631817,0.015490041834952534,0.02424959337618803,0.030453067187784726,0.032845243607228215,0.028228460124693138,0.01559346067462946,0.018389048231688437,0.010849003228312747
0.05592502815331611,0.00796151576559997,0.030767295857502503,0.061603654063862624,0.01620257283650719,0.060900566267217696,0.08170919564006861,0.09540892149983315,0.007837843531552693,0.026007286646746588,0.3262734817742493,0.030480074555087996,0.021698553323112373,0.01851158472032837,0.009506458271255182,0.05243483233317216,0.0477840539175939,0.12120008323735107,0.020142765481707375,0.022751486422751162,0.01983213740572385,0.015497857240812455,0.0731689563752423,0.02387826465279375,0.016795954142119703,0.03028034772991919,0.05121223255453405,0.04380708379844893,0.09655353233853868,0.02805560033745483,0.08686548798646414,0.0003539693426622301,0.019193304334946554,0.03150252448839849,0.025000078478068448,0.0089855207426907,0.039896474480196155,0.005655683732221212,0.029120510671120578,0.004863816811532632,0.01969755395816559,0.03366595325834581,0.0014883654450544238,-0.005800489926107163,0.040972620845303426,0.024746387263871746,0.013054418043167508,0.03152281795454835,0.03165673558228417,0.021447898877452416,0.022903807074102105,0.014207215888199107,0.012409450645828168,0.013296909483380637,0.048264206544463686,0.07558144366178171,0.018027705718037038,0.03786806018166343,0.03771604527606828,0.06432334066693565,0.03066939825605704,0.035304026126197686,0.02069952328772504,0.01925841714392401,0.023228172495807883,0.0972355726069057,0.06876008757813946,0.04944453318580459,0.0010556026976678,0.10273099976464738,0.051080568771608666,0.0011388842934111775,0.026036380402705245,0.013264373047679155,0.08394427229205892,0.08177205342681736,0.04159182687587752,0.01824654444398393,0.04486551743724331,0.10930220585655315,0.03262759486739,0.023038810857643713,0.057907850393438036,0.047903149899485825,0.08328798188502212,0.010336014506436893,0.039473606695597865,0.040195420809349396,0.03156599899216626,0.01211433262203974,0.046261120080825585,0.07793253939994085,0.02401296432350155,0.07720669456850311,0.085400054246326,0.051110918950741525,0.07372679369064039,0.05191818507693275,0.05439404480630669,0.05632728039504395
0.03767404551617413,-0.004839344124091366,0.02789336070824695,0.0681795801729019,0.0034131269043271646,0.03148050174449517,0.043825659315629914,0.04915371247401559,0.008627546684457144,0.01407958748978585,0.030480074555087996,0.05285196945976099,0.027359483004191523,0.024602261738508102,0.020354747332259022,0.05127631314516489,0.05250763139501827,0.05009592692704865,0.028353503748736287,0.012622142087056913,0.004329595601545957,0.015604944837465447,0.03723771774118537,0.018381254923232344,0.016189491290273306,0.03217920049138453,0.035344937063240184,0.01915047638175324,0.030824247828304504,0.009432358638986484,0.023777622665009636,0.009316888237780364,0.013673879737119103,0.02945311292262197,0.002199049907032473,0.02647274700427244,0.009562460497056353,0.01992627538488626,0.022076184740655504,0.017782494076799826,0.02934813670497907,0.05160473111911917,0.02160613742938148,0.0250761934598715,0.052384244542838174,0.010040157366334356,0.029553579373909858,0.01563988103482602,0.015263209677401557,0.022749940383927515,0.006195629277124001,0.01379629156466285,0.011496897909892442,0.005567484592243748,0.02771721012623823,0.029530638281878772,0.0016636919815998426,0.028014454852608842,0.02700595082972235,0.0491595754039825,0.012779669714828445,0.028432082186344066,0.01535959116975398,0.02138931181760378,0.023031270779522356,0.0666944602899422,0.049503366997250636,0.038621738608201533,0.010792644647256518,0.037705470959522584,0.026133184983104,-0.004778160979655396,0.01705383768138498,0.005892637236755822,0.058023146183027646,0.027347364986775403,0.034802523641598596,0.045585965871178746,0.0480577119010148,0.04245039639585241,0.01768349765602845,0.034870159635283865,0.009701133150660585,0.06370285089693829,0.03913127326974089,0.004872462425195698,0.03925428009333754,0.034710053233376455,0.05878584859586928,0.00514492908091594,0.04607252835785692,0.05095786859991312,0.03754869665517619,0.03056493485159522,0.05189297569877748,0.04424424329378451,0.04036035629214894,0.03964496117258759,0.014451522039370453,0.012175007305732479
0.023761970509214057,0.0014837072816659483,0.013393667480815713,0.03929672519340308,0.010279088825781133,0.015342255175680292,0.026673901183169604,0.019105596567578903,0.0012646758116310068,0.009727598045841435,0.021698553323112373,0.027359483004191523,0.04775932030744558,0.021553923421790404,0.014176408590765866,0.03655672125342568,0.02760651224695957,0.04662906820274026,0.01803772540168167,0.002945873056814017,0.00885013061900857,0.01629630911627525,0.0212837619052806,0.016449343243425167,0.005573270822593859,0.02594925131459279,0.016109668201168357,0.009853484648154009,0.02263525637153067,-0.0027610618335606944,0.006283140567103884,0.010600000257140476,0.014268479398145724,0.017821034837339454,-0.0003756964701403193,0.019254492665088305,0.010048721141912584,0.01424041359489835,0.02326166129553091,0.014316491920926875,0.023322642072215998,0.02994754582855989,0.025906351329032705,0.025644514643899084,0.028507933660511076,0.008907782452082364,0.01818696020290253,0.010177249845709602,0.007679866865146426,0.02132894484806689,0.010075646710534536,0.012131722822605029,0.004750866232217147,0.00462642465658842,0.025147311489080997,0.016336397319582696,0.007642110032308979,0.01764764659796927,0.020335859444496982,0.027745697867965356,0.005120270183539577,0.01650829603621539,0.009054890542656376,0.010296769457110364,0.021700522134029007,0.03198872693146479,0.02506641273017596,0.029886820231532434,0.007209774488718778,0.010622395752834241,0.01676950681629405,0.004105917736223143,0.011281389860165535,0.0160777080226147,0.039346314277583776,0.01727678598179621,0.02480692500213242,0.03235865238910053,0.036744647054347664,0.01928911145911085,0.02260176663231565,0.02999348961613973,0.017504783716603564,0.03357818048025914,0.022856512518731234,0.009787366109650796,0.030521951337007597,0.02866678845171304,0.03285078699549774,0.00413304032232738,0.025251456069683244,0.047824892583194695,0.021760543841449643,0.021508919444792354,0.030147100996604986,0.03147080034196928,0.022721339516127,0.018416977291436903,0.008579350488916794,0.010549789057814998
0.019180390870332114,-0.00020732748426927414,0.017968440561082235,0.030352023407398097,0.007458964053433772,0.01665214480642776,0.02804219882810529,0.027668013400577837,0.004741861872786553,0.011081934352881772,0.01851158472032837,0.024602261738508102,0.021553923421790404,0.03125406210474787,0.014394940312823934,0.02634225969852718,0.027420070913198424,0.03450919545803051,0.016200690889514018,0.006994520960813936,0.012464317456067754,0.013831842789214727,0.022744136176600684,0.01804943147091407,0.00839170835003239,0.024281049947010035,0.02033104710740289,0.010709357501230142,0.022534810957243332,0.004978671702995885,-0.005477954497757195,0.008236913172065877,0.011987350998434884,0.018027354810628945,0.0008597715084715174,0.016870932969036634,0.004576432629185285,0.017916411066690018,0.019557216819624773,0.010975853443038402,0.03206307549828363,0.02923328609126769,0.018822745065382264,0.0202577736064343,0.025332682760490284,0.008150657873542255,0.01918709803367738,0.012380313074997613,0.0073297557808220245,0.01813782218763659,0.004409397099464991,0.013452107786514237,0.005195167526702713,0.006069518489973672,0.018497525346951045,0.017406553064281616,0.005260562320793879,0.01676257808143061,0.017279120781889454,0.030148680227619667,0.005852739052244481,0.017198074545529827,0.013243159017648271,0.011079696519735805,0.018894161177545617,0.030484619366115774,0.025053454328258878,0.023290609106282043,0.009425422134638515,0.03131102238467596,0.01813697243692908,0.0015110955314789607,0.011245532314780997,0.009070564305088529,0.031345226878266054,0.020850432216485974,0.025904275315876742,0.029881641385556795,0.03411725616412437,0.029596688872078634,0.022437248343472896,0.024490273008381545,0.014866214061698404,0.038140792678246035,0.02484934167203684,0.009057133624157042,0.0215719137054062,0.022848819833682785,0.027911448412035928,0.00772985587148449,0.027219859053554996,0.023927302029098048,0.022754928943397087,0.02173044765817267,0.023232818037637003,0.02830289930480273,0.026381427568354477,0.024924906059347093,0.011138883042789061,0.014792379368472284
0.015929901989911652,0.003594682097923047,0.015299266999642834,0.022229704075503103,0.008430892734201447,0.01956790121208253,0.02174633017516093,0.02421621194611053,0.003496302241338748,0.011715701070503999,0.009506458271255182,0.020354747332259022,0.014176408590765866,0.014394940312823934,0.019683726356890047,0.02187135932566243,0.025894877924775343,0.02547584534186314,0.017475491759043706,0.007948010699032056,0.008722505138535216,0.01168219307600511,0.01827902684921676,0.014530022461875174,0.013947608631852973,0.021253375362688107,0.01853959102764787,0.012169090079695568,0.018252533108461436,0.007224775615664827,0.017236738486345528,0.005522455476803277,0.009718734905292644,0.018896532740333892,0.007215162723609904,0.015597870979468947,0.002586803384836595,0.011233263707351821,0.01517888849064315,0.016896628872697834,0.02101767448064233,0.026447322800090347,0.01392974765816124,0.0163048725736673,0.022969088238826565,0.009143937146380057,0.015365613975055705,0.010820396947657287,0.009774318272778283,0.0162753633900877,0.006656297265416953,0.010835236117856372,0.00564050349656608,0.007531018405083896,0.015881693321700623,0.023314368489598725,0.006982112260764199,0.01705364352653499,0.014981669592176177,0.028694730880417338,0.009043028522319412,0.01750386107938351,0.012519761813751824,0.013382036191980936,0.01602575630039893,0.0288015627069545,0.018073911154041115,0.01572708278433222,0.010041508646161478,0.01754493402202631,0.01317077607354225,0.00615487085225588,0.010223760414345888,0.009444445947034636,0.030698325716880737,0.013176734144399219,0.024644516852988126,0.028044323334142644,0.026186444253368052,0.01978444978717907,0.015324942175414236,0.020099595796660458,0.010357627894667695,0.030112204331056387,0.02293359398563656,0.010400478295999825,0.025206902861690056,0.018827144170487378,0.02370077072834327,0.008066288401935203,0.02827784080699421,0.024776042224364626,0.02083477588851554,0.01842274476332147,0.02310058268008578,0.02961508357892384,0.023514681149459937,0.01995636521309197,0.013109939242664612,0.010662699914120416
0.11333356731366576,-0.0015782788231353795,0.03672853117040482,0.20954192359910284,0.025657285119539203,0.055125856753425996,0.08637798328069478,0.15138345716762847,0.010204821076664029,0.02019074782839922,0.05243483233317216,0.05127631314516489,0.03655672125342568,0.02634225969852718,0.02187135932566243,0.31981747297037116,0.061089347492805916,0.10675969618834734,0.038671936007474345,0.039206974673029506,0.022616986026709286,0.03406190837061389,0.05842022713643187,0.04451788340089443,0.040345093241174565,0.04848290531452041,0.05044903136615414,0.032862392752241947,0.08885412687661517,0.025601118337933527,0.04859825098278096,0.01920842810625923,0.033723216322754324,0.04474045024828723,0.007136621162241793,0.05550239238170325,0.022646292883550023,0.11242990358824727,0.044889582484293464,0.025394554384322303,0.05882239317574275,0.058392324342089075,0.03205567166275322,0.041247104876502905,0.08254410762953553,0.027268859555630673,0.032702914497387436,0.0353314145408681,0.04137207880674943,0.03258955783504313,5.8872527713757676e-05,0.03208428523108842,0.021740181840371645,0.004467021787940266,0.05769703340235626,0.046958308492330195,0.017188175834742702,0.03980901862549832,0.04660736935560554,0.07604934202238699,0.015541250239723069,0.05389996556754767,0.043435903960949575,0.023523194669429284,0.05859569808817441,0.09530067349919562,0.10293113333251044,0.08008114208008531,0.018974298103017213,0.04902340767026399,0.033330800604908235,-0.0016244837722472296,0.047876076813841914,0.010256819511908039,0.2226884982049088,0.08291146899795913,0.05584406110289379,0.0714907389129232,0.08511240910406113,0.15757417539925803,0.0513059753855205,0.04520763747480319,0.05409590450884754,0.08019889750506833,0.043320245330762015,0.014480103048118228,0.08218065615405766,0.055442973924621684,0.05715444202274458,0.018388295671656313,0.053974547224592634,0.086006224316438,0.05532995381117066,0.06384177814952131,0.03634710323571158,0.08836099090166134,0.07835829177017549,0.09232528873669324,0.05938444233339252,0.013404350806799307
0.04589693079436213,-0.00022581157627100883,0.039334221941954246,0.09153629777389036,0.011086748719002755,0.04840955131487202,0.06773911743323822,0.06371105684251267,0.010125173066196789,0.022112592382173443,0.0477840539175939,0.05250763139501827,0.02760651224695957,0.027420070913198424,0.025894877924775343,0.061089347492805916,0.13722056209894404,0.06194001620558325,0.04379077658506706,0.02345657604028086,0.015572121995978344,0.02561714518868328,0.051746119936940456,0.0252803380662712,0.033255078626707395,0.04581489377038199,0.05781134189559568,0.03129900652825256,0.04903965851187429,0.016970924585452418,0.0574699826786481,0.009441442965430627,0.026207054434556173,0.04412284281930352,0.008289111417785511,0.051149633224515344,0.025491243048835988,0.021411618889713067,0.03436461969519794,0.02698290900014846,0.03407184020160314,0.057752473203588,0.027357209023749936,0.03364024718215474,0.07065607809694449,0.019536757125901093,0.048226709013065944,0.026263064659174554,0.016791730811267874,0.037968575202124995,0.010561166948440212,0.029576883416129074,0.018660259580273023,0.004728745643564287,0.04571329144339977,0.06222512499515233,0.006807263640905383,0.05085841470148687,0.03882615496626806,0.07933601782986079,0.020844702710036054,0.05095535624355427,0.03075912937770774,0.03191760481980576,0.029879014402267486,0.08799149854842478,0.08214256935506636,0.05923263083937082,0.00638095353013501,0.06984928559429594,0.03280937414887948,0.00018159348217688262,0.03092966686184986,0.009421448121189993,0.11342525479634886,0.049497885155320526,0.047479821771888774,0.05394159060553791,0.07015680979128532,0.06987819775786958,0.03280606687225817,0.04253509723079241,0.022558029206157397,0.07694814687581523,0.060483322718575115,0.00784554594492464,0.060444703637742105,0.04994972714742407,0.060637800417411784,0.01862735958208755,0.06687584017297835,0.06471013898506665,0.04548943028527572,0.051815694247000846,0.07088739354068706,0.0759629566409383,0.04953674456046308,0.060363236085379544,0.044956820103535085,0.026193596898934045
0.11709280147370879,0.023382879280797207,0.011254493308836268,0.22014007599896745,0.02385144179369515,0.0313121974736779,0.11247235141295127,0.1765353221231242,0.005174658385091533,0.02025170799307772,0.12120008323735107,0.05009592692704865,0.04662906820274026,0.03450919545803051,0.02547584534186314,0.10675969618834734,0.06194001620558325,1.1503836895912243,0.04951072717896082,0.020239126137759716,-0.013917152371063866,0.003855914073355523,0.06614781409533749,0.037644196856016846,0.05821643908848498,0.0673317815831663,0.05042577608279671,0.028256533134035474,0.0993462558963126,0.05398328880225628,0.10590207784258678,0.004448754448156561,0.04120114569787508,0.06023761850010207,0.0017828773417611352,0.08350407072709144,0.05322055364807368,0.12143032742648181,0.11229018793783785,-0.015236613596221337,0.12389174747598478,0.062739536343859,0.0415036045197219,0.028732977405978615,0.027047496711247947,0.0298154611070254,0.059145261531110764,0.039911158303962205,0.05215706554018526,0.04744614809259568,0.005024299849850086,0.012013878711387161,0.0029507759723968814,0.013471472880343508,0.08991033076227661,0.050802193867368145,0.02640573602833119,0.06392546733454556,0.08248293285285925,0.1534936373484267,0.0005370671384799023,0.026446977055416796,0.025392430796028036,0.0340682487776069,0.02590855087520379,0.19931951428891576,0.11037043342874553,0.1627839674779734,0.004324985254085185,0.12947600512347704,0.08100873601127381,0.0025469746487797765,0.021045454867404268,0.030991561648489267,0.28942632932344003,0.06033507612490859,0.14848997830542962,0.0633088357477786,0.1675364200446465,0.17543981744486276,0.029319762047343236,0.05218734173914092,0.06666730422553692,0.055641999205849044,0.22539795046095118,-0.01802266784994078,0.07471231876325038,0.07695064993801803,0.07199345255762134,0.023927035405311017,0.10971297978596341,0.14435322756395913,0.058324890493714886,0.09089231331839914,0.21391804812780543,0.10529462857896861,0.07701947270669598,0.0703634653986299,0.06937483942006539,0.05738923915123604
0.022047558932701647,0.005707898671757047,0.0216709058143153,0.04615471268214756,0.016414658742866052,0.036073412000917765,0.03978951458726168,0.03122553212946386,0.007942065733883862,0.02061461288558682,0.020142765481707375,0.028353503748736287,0.01803772540168167,0.016200690889514018,0.017475491759043706,0.038671936007474345,0.04379077658506706,0.04951072717896082,0.0807803528580469,0.018564361765715763,0.01693174710211984,0.029714375258329175,0.03401691138107509,0.0274605994842121,0.026546169262712152,0.03264601090445607,0.03946704265236474,0.02203234151796261,0.0392637342291988,0.0035065856020940808,0.049910985276036664,0.003501231033220077,0.021772189829101386,0.02692644188888096,0.01133843869056838,0.02296288336773723,0.005426655495448482,0.017900054080757424,0.02777465504931437,0.020544410708119878,0.03462981084416638,0.031811306724457825,0.014708630868523784,0.02349452001086691,0.07225784646622707,0.019029218714013044,0.028983879233197046,0.020701953083199973,0.013129209916730568,0.02257438828429266,0.01522360327583751,0.011199794640637485,0.009839304498751937,0.008467924131821467,0.027776607753984398,0.041412560800143876,0.013370486241862545,0.030492605255553716,0.029683033041793212,0.055105874129944825,0.007654117206945948,0.03081697291870405,0.029404429399753403,0.020427072635445662,0.019280502986145465,0.051638265904677134,0.050835161192504336,0.029447020392040855,0.009173543354820214,0.03955869407609577,0.039291068475282805,0.008188686865571055,0.018893773954978755,0.015954925227663893,0.07542720190631463,0.0418027747344771,0.03877841686995595,0.03503494706328746,0.049654375027363674,0.034269586050127705,0.02257382387107283,0.03009939422769422,0.02074644813163863,0.03612513407688991,0.032923448026550596,0.017325214976966558,0.03360230824382287,0.03669941336743086,0.03283777194627403,0.008648390859776265,0.06471304125042868,0.03925744395738937,0.031660112037106586,0.02733169584858377,0.009869161101226483,0.043091482267482446,0.04129984573116448,0.0314602978429313,0.028991988042404052,0.024231545076863537
