0.07164379888442748,0.01700234697265488,0.0033173168265553422,0.017537659761532255,0.008590369927926804,0.0013952818282336706,0.016770588888697,0.013847395094575136,0.007702935129339249,0.034801782350402155,0.02443158179642743,0.025394621677601016,0.025674191860021248,0.006876297575207782,0.01961216474276199,0.024620889520480752,0.021263787009891226,0.04742328945325267,0.0070907614698212445,0.03905788517426048,0.029695283328089128,0.010777080542630652,0.0022804349726501783,0.027841914962438558,0.021964717510950846,0.01678446141360131,0.008157534886698549,0.022722419168055716,0.0073565194409240505,0.022776474605334825,0.03293499990795999,0.00455554358289781,0.028878953854018768,0.010421289738572193,0.026805543552307926,0.01693581304368321,0.019140085051326614,0.0039302097358405105,0.015534847653028908,0.04445334564826361,0.0018052163297750182,0.03601910021116091,0.04905290353586962,0.023665640978850648,0.0024022047195231488,0.000767299526320517,0.03496675450880742,0.02757025878198865,0.02500413582456876,0.02351746982520275,0.02988076235476607,0.01742250550658869,0.023654293459996912,0.027699865136685424,0.038404670365010496,0.02070518433287417,0.023924497194512367,0.027709560033577506,0.025732874806827625,0.006273046860184012
0.01700234697265488,0.029137355168245303,0.00733648848813453,0.023482015323824802,0.011275668991369902,0.009247259417249583,0.02027032989736469,0.0272673766922653,0.01397090412986814,0.02252633982569284,0.023300986393237216,0.0164855432051329,0.022129802023345937,0.012128205660622884,0.015127525939209166,0.030052974825506066,0.027663451619497827,0.017107560431535086,0.003927999133420036,0.030175925612535365,0.016155423227184985,0.011271196798141103,0.005791300489848905,0.020191202121577927,0.018680674642996373,0.021017046525883015,0.015214668852260645,0.02003390995325842,0.014267184172294405,0.01967456576671329,0.014036945014023989,0.021712852264040603,0.022169469758245457,0.014539907024909596,0.04180818063729756,0.04133349653201863,0.017932545662608153,0.008178066106379243,0.025099958593979458,0.04558921828006477,0.007776680136544555,0.03116696172600308,0.03350546337786051,0.018429721522663263,0.001529930399158385,0.0008184694926811624,0.033387004893044164,0.03233669620524435,0.024879117848204523,0.025820658891424444,0.03562054916684173,0.024967609731231598,0.01903622765990504,0.03048761254602136,0.02589191600586029,0.020112819537125116,0.022951030912198266,0.028405592152221437,0.020615859254936128,0.024612526367938377
0.0033173168265553422,0.00733648848813453,0.03938225968528977,0.006142545802494919,0.012295927736867222,0.006882755551554743,0.006777177674293986,0.018979324938642413,0.004737946579461882,0.00250678221004395,-0.022993342890733678,0.00562719932879622,0.00988833730339417,0.003682871839802241,0.0019963514549370454,0.005756000455951216,-0.0014771039820922268,-0.04208522272953622,0.0012355044627710443,-0.0031719586047448778,0.0041503564917733425,0.01137319333763305,0.001111290142295294,0.010116260410331512,-0.005117407458479467,0.005184661610752657,0.00014146515324257023,0.008016639812633336,0.0042978598305862935,0.006736419356353322,-0.004223045300185061,-0.036119409839314394,0.0056947355040505914,0.00460300367731767,0.003789975350789175,-0.0032605284417032733,0.009666363839848289,0.029534101536865292,0.009985985286193442,0.003545112386601234,0.03139472067299921,0.002445458049595976,0.012520352973504966,0.007858757829585467,0.00025924799242539457,0.001409536196363705,0.005560701634282022,0.0005447501843686672,0.00915592335543955,0.012260349934934725,0.010089300759072953,-0.0006573092568126857,-0.00432797835570386,-0.003657997721361822,0.0022084351110340634,0.0073977152679590855,0.008117979449651164,-0.0009848168627954001,0.005580702605155674,0.014212755421147506
0.017537659761532255,0.023482015323824802,0.006142545802494919,0.1726389695373801,0.004744804251870012,0.0013382349438560215,0.024234815806057047,0.04723875814296547,0.027275362226954803,0.03731557802497596,0.03885879591335677,0.0359986960789694,0.04394186623105937,0.014764217424558456,0.023354138796631334,0.038428164923532855,0.02265467263703483,0.04804135768093692,0.009848250817032425,0.04612863972444453,0.014954730910327042,0.019708654732826313,0.0077314393289518845,0.04108629811422686,0.009594858662830042,0.027635075423344473,0.01057215993280766,0.022699173278268134,0.0036814194469884827,0.02348975289352308,0.013049731699358783,0.030586570053560462,0.045757137334309375,0.016141806023871826,0.03011460491032149,0.049531209943787693,0.02456560676171715,0.007530736155392573,0.04562432490405414,0.07497627921894474,0.015576030815041119,0.06002775045296842,0.05005305941656203,0.021339185842959567,0.002674127932886448,0.0006935080331949543,0.04999308636253342,0.03163653670187101,0.038484669419522645,0.027263474020299674,0.051981398951645955,0.04183004974611055,0.03859068924543677,0.03143050407048324,0.013525269977491391,0.03812379511081887,0.035578484065133045,0.050067231679133635,0.03709350012904664,0.060736478052233006
0.008590369927926804,0.011275668991369902,0.012295927736867222,0.004744804251870012,0.10000387595486215,0.006541967624608766,0.01222584380788318,0.016611845831521258,-0.0066144709602755725,0.018957222762869215,0.007850267500879329,0.010314525444108222,0.01238358264527416,0.0035058773324485887,0.012274166170583875,0.024402558590263083,0.014618063999480544,0.004388626872699575,0.001162792337478405,0.031103518945188605,0.022367687270119514,0.008075117291707498,-0.001568744028204525,0.012980802198153993,0.0014571684123772667,0.0070205198449786585,0.0023529104356107065,0.016400499858626686,0.005580284809226487,0.01674453944275333,0.01676397188370103,-0.015553757914390162,0.02697069302474955,0.007170307426300289,0.039657518256827826,0.01814551335300119,0.017423909243597577,0.005241177578902343,0.013327574795328489,0.00474025576955949,0.009501871039426754,0.0004267485312215851,0.002678233478143883,0.005015309615368457,0.001711858513313061,0.00129881106131507,0.00796980433931203,0.008898973212735646,0.024474390525393706,0.014346321651204402,0.03310967219619974,0.007103161156665578,-0.006133794586553749,0.005847301678582902,0.05634436459477554,0.00955423586410568,0.01387194498251361,0.010646957659813208,0.020141757859212538,0.012190562610258101
0.0013952818282336706,0.009247259417249583,0.006882755551554743,0.0013382349438560215,0.006541967624608766,0.04972739620512475,0.0035471623460307552,0.009328559499421627,-0.0065532065723144795,0.011604701610029444,0.02039273413653375,0.010248565782348186,0.01061026182253161,0.003669960966250345,0.004749906564119635,0.004309046992198413,0.008493990391528962,-0.017542348396511094,0.002657545483969092,0.008467301656467816,0.007507884273800645,0.006812858030025607,0.0027565444038841285,0.0070104500732869985,0.006485712260125161,0.005555223471541751,0.003362250482495034,0.0070675586968267905,0.0110767535508613,0.01305160570859543,0.011498185332854282,-0.006373641263807751,0.014743542381024965,0.007023257712838319,0.017750720208228158,0.019911726699329377,0.005237947615518596,0.003379722744926071,0.013311673288543569,0.015528537670143137,0.004258283794995865,0.02900716111413482,0.01308881369694812,0.010438626090261461,-0.0003232452415579175,0.0003371942533036782,0.011526681120549885,0.00867038525949931,0.011317864497411931,0.008462667935276322,0.015227328968892053,7.716095000623815e-06,0.004256727528556149,0.006308355755102177,0.021777533048043453,0.005803825034314218,0.009674898003791423,0.011514849153815114,0.006801088378887678,0.00829784418434385
0.016770588888697,0.02027032989736469,0.006777177674293986,0.024234815806057047,0.01222584380788318,0.0035471623460307552,0.048089031724770026,0.02754130972997848,0.016998511621447453,0.028101855659079876,0.021491901861303557,0.024320837865204593,0.020008253113711738,0.015617534095477429,0.013405439113292372,0.029576290836539947,0.03344769101677993,0.015065215264238468,0.003385947694468378,0.03503216496382007,0.02647183677097945,0.010673894029256283,0.005506021871032431,0.02275727563024304,0.018236943606247478,0.019179756635252048,0.01734199844572136,0.019725536621977444,0.016646783647632106,0.019713529825873224,0.016479671218593603,0.006815837927315844,0.02764410500907294,0.014006138333855474,0.03796314179334518,0.04283606909631855,0.020646750915994872,0.008136057595790683,0.02197170898120211,0.0493182160172309,0.008426796308948149,0.0245704631077987,0.03339159632730329,0.024016254152175252,0.0035143025145721327,0.0011241324742180135,0.038681393028267105,0.03377063796112219,0.018198301165826054,0.024721606409599244,0.03659018960934751,0.01783087167652693,0.020528505494533653,0.03310780273156905,0.043723820485197164,0.02153869480034689,0.022296811422427867,0.03420130091342652,0.022329353992461214,0.025027896342481086
0.013847395094575136,0.0272673766922653,0.018979324938642413,0.04723875814296547,0.016611845831521258,0.009328559499421627,0.02754130972997848,0.15775526921611502,0.03377174681359423,0.03914370052155795,0.11002080718205748,0.03162935074614842,0.04794526299705687,0.01835788950241595,0.02087042171018324,0.0324645112245471,0.03583021685389572,0.024194372672062706,0.004057154679881666,0.0413860463962379,0.009647252717872734,0.013690634127507739,0.011013066827703406,0.04129296883658274,0.030022840675237177,0.023614277175017597,0.024118843595498443,0.02874777206134937,0.025222317168583124,0.04063058357060684,0.031328882651306095,0.03880160661143761,0.026838205881181364,0.022040731772578672,0.029708499196864305,0.11057871480463123,0.021091141715050447,0.023781680920869987,0.051571558052537096,0.09169169478763901,0.02398759130040365,0.060615780382765286,0.03879424831988739,0.03996337544804583,0.00333034850754448,0.0014128202300825276,0.04340771381886364,0.05142710741237697,0.012103766628554872,0.034368583706906916,0.06391073685003751,0.03700345124798516,0.01899807413866713,0.03136410832739928,0.07294209121586162,0.03174599343491871,0.03665522203506426,0.04274696353721735,0.0270046248616682,0.02907677668742952
0.007702935129339249,0.01397090412986814,0.004737946579461882,0.027275362226954803,-0.0066144709602755725,-0.0065532065723144795,0.016998511621447453,0.03377174681359423,0.0985177137797637,0.01819218114121132,0.04567612220727747,0.016802985502260996,0.015721099794858123,0.009357506181740438,0.011879548188535517,0.019476932036300208,0.02236842304138602,0.03596832254181252,0.0029854163254634768,0.02923332765290116,-0.007732849158585944,0.014830685491264085,0.005512185592722176,0.027418933243873886,0.023617485950587252,0.01673907658347976,0.01958680608532598,0.014302600715218142,0.005006792145717916,0.016105798230459187,0.026171458361668287,0.04148439515168006,0.019504249820577805,0.013976088363506708,0.03531137410340707,0.051911951045754565,0.012917941340692355,0.0034135290492161357,0.03238918163927533,0.044875129737417946,0.004537591457705619,0.04859139966871745,0.03631196705316393,0.02049805483470729,0.0021504339402464694,0.002024125280790608,0.034586507492644844,0.03200050938754016,0.016940653308212483,0.019688899042236363,0.024922517879025205,0.027975287728531514,0.025491664739734955,0.024346160737424863,0.027474810434610215,0.02666716700974728,0.017538256594435444,0.026301874002029924,0.01358596632161023,0.025018452770073567
0.034801782350402155,0.02252633982569284,0.00250678221004395,0.03731557802497596,0.018957222762869215,0.011604701610029444,0.028101855659079876,0.03914370052155795,0.01819218114121132,0.10964684717093716,0.0429649181064257,0.03895196603761529,0.04417997127432335,0.02149393341163848,0.032700744345169196,0.04145660100015666,0.0507852471483952,-0.028160716715260894,0.0045482390459123155,0.055038919616995634,0.018593982876289408,0.01949816301176694,0.006990103367122187,0.03645006731451065,0.021494303826148125,0.026118138099624856,0.017459691078918003,0.041051095415210764,0.01860126337449327,0.02382131812789249,0.030312878137275834,0.00859205272601804,0.04761310088109837,0.022435168714106096,0.05738268693153438,0.06340228147588456,0.02913861380148208,0.001100508087477438,0.042311238196949076,0.05872754023560203,0.003093994768054355,0.0688740840039619,0.07533901839902984,0.02742567964781973,0.0037208024281278544,0.001465893201792673,0.06449523824873891,0.05261373959108577,0.041672462378531235,0.02762014280756426,0.05550397227478403,0.03206142820672458,0.03143223517621944,0.054608578042164915,0.0905302776350558,0.03414101848128991,0.047718910811935314,0.04625364133657091,0.04680159188104021,0.02491900108069765
0.02443158179642743,0.023300986393237216,-0.022993342890733678,0.03885879591335677,0.007850267500879329,0.02039273413653375,0.021491901861303557,0.11002080718205748,0.04567612220727747,0.0429649181064257,1.444974254180062,0.08569760868783367,0.13120256944500752,0.026154605873994034,0.012009421380969863,0.06210896428154332,0.05067171472406432,0.2605840583989983,0.008872481680665834,0.09042697613263859,0.01811263377983023,0.0196695923135716,0.0036052135263429596,0.04499883780126266,0.08081575088471318,0.05156621137524998,0.054852286004136074,0.06380421104879921,0.04798690455778463,0.0349308267244751,0.14762371641995786,-0.04392764549823994,0.03909583826151805,0.021679463078244428,0.10970314488416533,0.436097485017323,0.008570486342310677,0.0022696217729354226,0.11848554819473399,0.23646740121845777,-0.019974138708694168,0.06885604013710457,0.043419074913468504,0.04435334792138666,0.009198313497800979,-0.00016166406652993619,0.07895808539090951,0.12268985518380304,0.08374019180911998,0.05031538537454855,0.12309576177754707,0.06993584164538183,0.05656348404706789,0.0763227627623664,0.366968972155571,0.036786260129614605,0.040964067738581036,0.09406171282438062,0.008309563341894324,0.05102705102030125
0.025394621677601016,0.0164855432051329,0.00562719932879622,0.0359986960789694,0.010314525444108222,0.010248565782348186,0.024320837865204593,0.03162935074614842,0.016802985502260996,0.03895196603761529,0.08569760868783367,0.18070616791518795,0.04494788469684408,0.012038954234946001,0.01641820129415005,0.03632434382730781,0.03523843298356523,-0.026658358371995195,-0.00340233235198364,0.06386200696933864,0.030300194185965603,0.013740208239975736,0.004736488535740302,0.05175461575624027,0.024894777783227,0.018581856965599924,0.0200661055935206,0.03379912416706023,0.02285857802978989,0.02232307943824367,0.0172063860364434,0.0027144889741818564,0.04494867240480071,0.012330153041604366,0.06438356184032559,0.05387122645249589,0.0200045945461283,0.006750173536743749,0.015016652735772575,0.10506533179787292,0.009426663007637347,0.08803039028378745,0.08030686783856499,0.03400085145756368,0.0035759169343096793,0.0016692977526256913,0.056319295602163345,0.03707796731277512,0.049401394979612864,0.03006118175883782,0.07065226771128161,0.025816987040373735,0.04941560870187375,0.03886790936207024,0.09638646673383429,0.040154201595553864,0.028308354666073822,0.04727878809833008,0.028679797760301357,0.03201227590738267
0.025674191860021248,0.022129802023345937,0.00988833730339417,0.04394186623105937,0.01238358264527416,0.01061026182253161,0.020008253113711738,0.04794526299705687,0.015721099794858123,0.04417997127432335,0.13120256944500752,0.04494788469684408,0.14066901277566665,0.020483810330378074,0.02756012988847775,0.04354452266518134,0.02836347004105371,0.03281437559569411,0.007369661166688429,0.05784627217201107,0.027993715277450162,0.02199762317239464,0.005521434374226193,0.03935782221507378,0.03255352139911486,0.02969093029245566,0.014041001485162454,0.04199088988161308,0.020749026677692982,0.02594805113883,0.035015439738119686,-0.027271287762347073,0.04118331345131856,0.016279915937372658,0.0409600947953511,0.08621628824500206,0.02569200120978648,0.012687131769111204,0.043804131109024536,0.0895462489868769,0.013419245847145817,0.05307521683333745,0.0707960003321713,0.02951168588651703,0.003990164949165619,0.0010007109357059972,0.06978989557120356,0.06527125649690824,0.0488439070282054,0.034293836880607005,0.07302489165766038,0.04017338179432599,0.036193963262499185,0.045610562079511745,0.10741956446339782,0.04846818533264772,0.037947778699416505,0.048509330173573964,0.031110011849005248,0.05014514258294646
0.006876297575207782,0.012128205660622884,0.003682871839802241,0.014764217424558456,0.0035058773324485887,0.003669960966250345,0.015617534095477429,0.01835788950241595,0.009357506181740438,0.02149393341163848,0.026154605873994034,0.012038954234946001,0.020483810330378074,0.029094803690807854,0.01258939251729505,0.02101619367106699,0.018954754377576072,0.03639261071612244,0.000736563786122753,0.014757040474563977,0.007242478000792238,0.010508295624430682,0.0031898057488055796,0.0182998364546229,0.01865484170662827,0.0156437751071446,0.010875626207574311,0.017095469635076795,0.0102693867868314,0.004924953095795798,0.012986151054801113,-0.001101772267821404,0.019533004679484062,0.005377098014640528,0.01902916227672593,0.035229074785016114,0.01146861954028002,0.005636474204105323,0.018458931170723704,0.020055016705709344,0.005439651777175374,0.005824359295806261,0.02310551243759522,0.015038401763446828,0.0011701560306615045,0.001063761774427591,0.02231607775209406,0.031045111246421314,0.014251067198857085,0.013914241093826434,0.028576505056106722,0.010089680811279002,0.01922910333768025,0.023679134895059403,0.03417461928542487,0.018937110695245816,0.017366953650371345,0.017283729377197257,0.012703217524388672,0.00875834220749463
0.01961216474276199,0.015127525939209166,0.0019963514549370454,0.023354138796631334,0.012274166170583875,0.004749906564119635,0.013405439113292372,0.02087042171018324,0.011879548188535517,0.032700744345169196,0.012009421380969863,0.01641820129415005,0.02756012988847775,0.01258939251729505,0.05788558257411179,0.03218121830715091,0.025485624797991234,-0.08940076468992995,0.0003627965491467524,0.03894591244002486,0.01594992618727386,0.015489090311856267,0.00221946266071861,0.027657903166551662,0.012272622120696722,0.01839963638228951,0.008644669760982094,0.02480093081222073,0.01075421131955531,0.023855810007265024,0.013566114538119164,0.017243873203353986,0.034558344709072604,0.01437589353241733,0.023153785680532373,0.029963714465278502,0.02121199812073507,-0.0022041792045257532,0.01287864222368566,0.010460727140939074,0.00204156507166932,0.05518722125050337,0.0550151094317885,0.0204902056436708,0.0016706082311937825,0.0006674507757289911,0.030509507187208903,0.02773137614236777,0.03160546007568286,0.023247657886008105,0.027497735568823057,0.021881434914327362,0.02065867171807365,0.02830108214897288,0.019331160560590522,0.020777760014072066,0.029013334759670217,0.022975530118486145,0.02788586968517196,0.017694422961090972
0.024620889520480752,0.030052974825506066,0.005756000455951216,0.038428164923532855,0.024402558590263083,0.004309046992198413,0.029576290836539947,0.0324645112245471,0.019476932036300208,0.04145660100015666,0.06210896428154332,0.03632434382730781,0.04354452266518134,0.02101619367106699,0.03218121830715091,0.1070881072332921,0.044450818412381625,0.010067630030570218,0.00739949416459305,0.056494073865519925,0.029712151663824217,0.02037030742581523,0.005132612300592051,0.038875229841097925,0.04409911558917744,0.0391337050063178,0.02013177419743018,0.04673522730733159,0.02205093404573223,0.042537932945428195,0.03288986732024472,0.0026905169199848635,0.0537606168747156,0.022649264332993142,0.05732432376359258,0.08037794855889356,0.03191911553455365,0.006135008373529311,0.03621977890566377,0.08100394045345094,0.007696479395041764,0.05822441557946041,0.055992315966633455,0.033618196617795415,0.005133419224818424,0.0014441345548441636,0.05442496084150751,0.06064267284014083,0.05156253714688968,0.03431655871385368,0.062158797640603385,0.04225490489855167,0.040017053290354994,0.05306374001727874,0.0989196458909767,0.041629848947674665,0.04234701935046553,0.04352047976763098,0.040716653921118784,0.041914671468640474
0.021263787009891226,0.027663451619497827,-0.0014771039820922268,0.02265467263703483,0.014618063999480544,0.008493990391528962,0.03344769101677993,0.03583021685389572,0.02236842304138602,0.0507852471483952,0.05067171472406432,0.03523843298356523,0.02836347004105371,0.018954754377576072,0.025485624797991234,0.044450818412381625,0.07332284663126241,0.02729461640910846,0.001450939103013851,0.06162089176789849,0.023125658892953628,0.014347797859718757,0.01094734627855461,0.03335646017112747,0.027087793786768274,0.026668788788566253,0.026315188993878327,0.03173028318703905,0.021809576134533395,0.03675106788514008,0.03624406345534687,0.026283822674534715,0.041413318849623126,0.022381507757922334,0.06959254756408238,0.06245299598636022,0.02274210136946508,-7.450202185013864e-05,0.026635242311592984,0.06975290465960064,-0.0029005944027543414,0.060937935987434765,0.07200114619838952,0.029991376054293688,0.0043854284545455265,0.0011360424456593947,0.05454496709558348,0.05307678678868438,0.04001951197698102,0.0355749091079241,0.05199090937440312,0.0290079311257291,0.03548097299905994,0.055312093728244485,0.06523277095170812,0.03127307024325732,0.0355873739477756,0.04667612282677626,0.03800037654476987,0.02830212870796012
0.04742328945325267,0.017107560431535086,-0.04208522272953622,0.04804135768093692,0.004388626872699575,-0.017542348396511094,0.015065215264238468,0.024194372672062706,0.03596832254181252,-0.028160716715260894,0.2605840583989983,-0.026658358371995195,0.03281437559569411,0.03639261071612244,-0.08940076468992995,0.010067630030570218,0.02729461640910846,13.68828658425743,0.024378829398059364,0.1865643496480517,0.2761487638537599,-0.0048689703323391885,0.0026037760679062834,-0.004990135697980857,-0.05481250469095373,0.040339235610652155,-0.028941695234623883,0.026245761523192166,0.050334151616289735,0.032568609005350906,0.08780039593044012,0.057255739534195986,-0.0418807731724209,-0.030875514929267787,0.18548071616521303,-0.08203216159030662,-0.0011295827857143944,-0.009722439258746956,0.08261791684041034,-0.06713727795300137,0.005573236536961589,0.25537609823809543,-0.01632088585268925,0.042769927038731566,-0.010444031513183275,-0.0006621562256440746,0.2435541192071008,0.06162562076548008,0.02871195107412904,-0.0034096863396091285,-0.028049122757549526,0.018482068038146816,0.0628068654238968,0.03666409684073645,0.05630415154766653,0.018756946714825848,0.04677979990050778,-0.03271183096517893,-0.0418999050144072,-0.1792801867083193
0.0070907614698212445,0.003927999133420036,0.0012355044627710443,0.009848250817032425,0.001162792337478405,0.002657545483969092,0.003385947694468378,0.004057154679881666,0.0029854163254634768,0.0045482390459123155,0.008872481680665834,-0.00340233235198364,0.007369661166688429,0.000736563786122753,0.0003627965491467524,0.00739949416459305,0.001450939103013851,0.024378829398059364,0.023746138987064798,0.004039757368377862,0.0036758378517728818,0.0022367507486431484,-0.001176081867703741,0.0010010802135010772,0.008296052246151155,0.002498382888892554,-0.00019665058635494643,-6.087002534482559e-05,0.004636839286122432,0.003649083404378484,0.008906003176403048,-0.0009031828264788007,0.0020862235846889586,0.0027091608297423386,0.011180492980867174,0.008073403388160205,0.0012134449388435653,0.004060691490661994,0.0017183367516989338,0.01549996166401892,0.0015720614489015132,0.023040246423289345,0.0074295456230771715,0.004082256019908065,5.028348394903701e-06,0.00033510026490119133,0.00473099782076506,0.0051103951393986,0.0008042453848830355,0.005473493666416305,0.015049349787685939,0.008067244816149913,0.002259323629625118,0.00251774298657787,0.007393169783324241,0.0022376723133800407,0.003472521231880998,0.003950143767623692,0.00033309662879674504,0.007141521685722427
0.03905788517426048,0.030175925612535365,-0.0031719586047448778,0.04612863972444453,0.031103518945188605,0.008467301656467816,0.03503216496382007,0.0413860463962379,0.02923332765290116,0.055038919616995634,0.09042697613263859,0.06386200696933864,0.05784627217201107,0.014757040474563977,0.03894591244002486,0.056494073865519925,0.06162089176789849,0.1865643496480517,0.004039757368377862,0.22195481750624957,0.03261712933044991,0.026863122512379566,0.013286321337866053,0.05627851882803129,0.0309708692069356,0.03622887341618143,0.02354366533789543,0.04242250030666308,0.024458253292027894,0.04960819130799889,0.0419368516260089,0.033677036809882495,0.054194354804881786,0.021617523042894375,0.08135979297118556,0.0804378882493455,0.02673335944715461,-0.004342405369147005,0.034734599228189195,0.08731932214400438,-0.0047747295311973735,0.10602392392888378,0.0860740930218973,0.049365326165772175,0.007526262986376592,0.0009201667765258336,0.0680329435981028,0.06459886357865385,0.07579152962929851,0.04527085375312564,0.08765251066106279,0.04218600212780738,0.06510180045603843,0.052304302238508724,0.07780342433093775,0.05197520167453639,0.04836109878559731,0.05792100243079321,0.05235224157932178,0.034533672396933106
0.029695283328089128,0.016155423227184985,0.0041503564917733425,0.014954730910327042,0.022367687270119514,0.007507884273800645,0.02647183677097945,0.009647252717872734,-0.007732849158585944,0.018593982876289408,0.01811263377983023,0.030300194185965603,0.027993715277450162,0.007242478000792238,0.01594992618727386,0.029712151663824217,0.023125658892953628,0.2761487638537599,0.0036758378517728818,0.03261712933044991,0.1358797931215544,0.016730807411278595,0.004257149111379314,0.008319030965412472,0.0008306664388310495,0.014452677799058867,0.008328841627644691,0.01937491938261947,0.013099469928824395,0.025847388282713976,0.0030741274740377993,0.01242560174842375,0.029469183841566687,0.013856089027644508,0.051981875946068325,-0.011978071187522584,0.030050331579110467,0.003282960893830827,0.007944552094028917,0.06513295327659371,0.003914156149966019,0.03951490336405043,0.04191998176822011,0.023191189480131148,0.00266327691931175,0.0013563012925956997,0.028496486251941948,0.017908228019889796,0.030565368890739558,0.022390090574186724,0.03845165812727337,0.010591927261433301,0.02129024441430833,0.028103181275335114,0.03708113116707885,0.016510465838761295,0.01882294176751321,0.03382950733633214,0.022036190174979552,0.008606227888167586
0.010777080542630652,0.011271196798141103,0.01137319333763305,0.019708654732826313,0.008075117291707498,0.006812858030025607,0.010673894029256283,0.013690634127507739,0.014830685491264085,0.01949816301176694,0.0196695923135716,0.013740208239975736,0.02199762317239464,0.010508295624430682,0.015489090311856267,0.02037030742581523,0.014347797859718757,-0.0048689703323391885,0.0022367507486431484,0.026863122512379566,0.016730807411278595,0.043547242100663866,0.004092043834380647,0.023487371395411457,0.01088120960241589,0.014228014982814027,0.009162809929900852,0.016279235686072542,0.010054936250765412,0.01438484814026414,0.015347150390693273,0.0021315028598252964,0.01959425754549997,0.010299775533833764,0.0361069960664018,0.01900422993498592,0.01373667703382491,0.01307253084445809,0.017159110385231748,0.03613291899748121,0.011900070805089775,0.022695416904361963,0.03435993307240412,0.02315166971806303,0.002079245818338829,0.001510453216180004,0.02345443884635281,0.015084024912657652,0.02627809134410242,0.014899435998874421,0.026611760526724225,0.012271502129976401,0.026894894756989494,0.018969909134139335,0.017739553745408237,0.01676562011472929,0.021794950467486317,0.019184806660474233,0.014664447804675915,0.021262334320144207
0.0022804349726501783,0.005791300489848905,0.001111290142295294,0.0077314393289518845,-0.001568744028204525,0.0027565444038841285,0.005506021871032431,0.011013066827703406,0.005512185592722176,0.006990103367122187,0.0036052135263429596,0.004736488535740302,0.005521434374226193,0.0031898057488055796,0.00221946266071861,0.005132612300592051,0.01094734627855461,0.0026037760679062834,-0.001176081867703741,0.013286321337866053,0.004257149111379314,0.004092043834380647,0.016635431031941296,0.008647772083671363,-0.0008121412111267336,0.005986368920231512,0.006213817930793938,0.003254223309087843,0.00042336969374548173,0.0105643289025523,-0.007171260845703809,0.009867756426578233,0.0018753535596686222,0.005794721689294204,0.018808970307996463,0.009232612567837124,0.001021855098891164,0.0017251888091996009,0.007745369505398231,0.021438199526442995,0.0001183985551599799,0.02246760517240158,0.01244992361859076,0.005808570633313133,0.0019179494560774778,-0.0004019808395284893,0.013858139291327636,0.008993432626088508,0.007857993225494906,0.009671672888099905,0.01300610452540837,0.007067774262169136,0.013681846269815898,0.010438881921185233,-0.004346054907910592,0.003741961466355513,0.005794606034735265,0.010800390342018367,0.005438088329625517,0.00940378226188755
0.027841914962438558,0.020191202121577927,0.010116260410331512,0.04108629811422686,0.012980802198153993,0.0070104500732869985,0.02275727563024304,0.04129296883658274,0.027418933243873886,0.03645006731451065,0.04499883780126266,0.05175461575624027,0.03935782221507378,0.0182998364546229,0.027657903166551662,0.038875229841097925,0.03335646017112747,-0.004990135697980857,0.0010010802135010772,0.05627851882803129,0.008319030965412472,0.023487371395411457,0.008647772083671363,0.09291188283772477,0.028781532365774073,0.024153722836812098,0.01642914281662398,0.03140842692687183,0.017583041990969463,0.026864458315604037,0.03682584112096647,-0.011022453772989623,0.03553244719821175,0.01967101444028505,0.04349793532945777,0.047853357735773795,0.020296489610841104,0.008621289877564744,0.03205726187473141,0.07994295483826176,0.013988002446636952,0.03481233534654979,0.04923985357572607,0.03661654249780088,0.004441220673073721,0.0016453906399597697,0.045827408256278915,0.03880750812512122,0.038836604447111726,0.02963430984687416,0.058046494797812355,0.027191425609357146,0.048281864633106596,0.03417541450961494,0.04745226807867618,0.034590870682359186,0.03742678338418954,0.03910378968847809,0.036081003540852724,0.029904877174683715
0.021964717510950846,0.018680674642996373,-0.005117407458479467,0.009594858662830042,0.0014571684123772667,0.006485712260125161,0.018236943606247478,0.030022840675237177,0.023617485950587252,0.021494303826148125,0.08081575088471318,0.024894777783227,0.03255352139911486,0.01865484170662827,0.012272622120696722,0.04409911558917744,0.027087793786768274,-0.05481250469095373,0.008296052246151155,0.0309708692069356,0.0008306664388310495,0.01088120960241589,-0.0008121412111267336,0.028781532365774073,0.17624900589425885,0.023264579780189518,0.01719820040471777,0.0292663767219085,0.015999701547065138,0.02443304575155182,0.04975405697675845,0.007455139880878733,0.02278319499553284,0.014609356861520732,0.04075404543109168,0.10776531033650782,0.008904918293516967,-0.002407133511835705,0.0183035375066918,0.09103878499510008,-0.0025718527356198744,-0.01046476395141989,0.04448456137034947,0.029585134358747944,0.001305819945767622,0.0001542527833264348,0.03084665637522509,0.05799989027278592,0.02956939085732088,0.0197844949880862,0.030164763310522917,0.014412611839147816,0.015491570019776059,0.03054413282971918,0.0835306819769194,0.029297753205582373,0.01843525534530089,0.03443560148527012,0.00782241997829806,0.021208347008758992
0.01678446141360131,0.021017046525883015,0.005184661610752657,0.027635075423344473,0.0070205198449786585,0.005555223471541751,0.019179756635252048,0.023614277175017597,0.01673907658347976,0.026118138099624856,0.05156621137524998,0.018581856965599924,0.02969093029245566,0.0156437751071446,0.01839963638228951,0.0391337050063178,0.026668788788566253,0.040339235610652155,0.002498382888892554,0.03622887341618143,0.014452677799058867,0.014228014982814027,0.005986368920231512,0.024153722836812098,0.023264579780189518,0.03316245925203494,0.016424757986211583,0.027388965430171792,0.012513179592977429,0.0232002407081201,0.02317803313015103,0.007145581691065832,0.03277507173315852,0.0141693758850215,0.03428632242198623,0.05453848032778308,0.01730244311576079,0.004849391377033779,0.02759718536152544,0.060723982435457256,0.006099100135901303,0.0370558136911856,0.035939567881755334,0.018811991381368194,0.0022840491562011274,0.0009841398683315898,0.036586486289676395,0.04075666279873375,0.02700195794271489,0.026148448071815385,0.03865634017069591,0.026049731705897295,0.02022027098056071,0.035304503500171495,0.03561989840647174,0.029697027799078242,0.02532063965037986,0.03127082901423944,0.024472012938820585,0.024295541840629292
0.008157534886698549,0.015214668852260645,0.00014146515324257023,0.01057215993280766,0.0023529104356107065,0.003362250482495034,0.01734199844572136,0.024118843595498443,0.01958680608532598,0.017459691078918003,0.054852286004136074,0.0200661055935206,0.014041001485162454,0.010875626207574311,0.008644669760982094,0.02013177419743018,0.026315188993878327,-0.028941695234623883,-0.00019665058635494643,0.02354366533789543,0.008328841627644691,0.009162809929900852,0.006213817930793938,0.01642914281662398,0.01719820040471777,0.016424757986211583,0.04076305769448634,0.016330680203494347,0.01425360499444943,0.013664867833901511,0.017305745492242706,0.011009899747742191,0.01735189924955989,0.00911758701249659,0.038297623076602484,0.047596734934901005,0.010323434831991494,0.004679475367821224,0.019045416326253655,0.04120099275702902,-0.00029287175599321274,0.030538490799110043,0.030717388539703804,0.01698752100279251,0.0031306822899221766,0.0009772248322131407,0.031230817001910525,0.03004742478472402,0.016836595115706177,0.022002637743645616,0.03003993528695305,0.021151298567493995,0.018442380795907966,0.027969215682026448,0.05850368178607793,0.01718576244469067,0.014879502129256922,0.026772058048796486,0.013194914908142253,0.027966569937030575
0.022722419168055716,0.02003390995325842,0.008016639812633336,0.022699173278268134,0.016400499858626686,0.0070675586968267905,0.019725536621977444,0.02874777206134937,0.014302600715218142,0.041051095415210764,0.06380421104879921,0.03379912416706023,0.04199088988161308,0.017095469635076795,0.02480093081222073,0.04673522730733159,0.03173028318703905,0.026245761523192166,-6.087002534482559e-05,0.04242250030666308,0.01937491938261947,0.016279235686072542,0.003254223309087843,0.03140842692687183,0.0292663767219085,0.027388965430171792,0.016330680203494347,0.0601235726276575,0.012952326831164604,0.03159995424230115,0.03495586493815499,-0.014222758284339042,0.03669090852264821,0.013776122545953416,0.04322455340024253,0.05862127433150142,0.022124151323393397,0.007238773233311217,0.03576335717689135,0.056900141923373324,0.00810402781149411,0.04221204381740715,0.0340465056474395,0.02451728954117383,0.0022738256746096057,0.0010823668400148983,0.04000987974374979,0.042951368874590654,0.03693305017975722,0.0252508197968777,0.03351530786832693,0.025600829501112192,0.03301230802322914,0.03926714272551224,0.09217920070167392,0.03565142680519177,0.03437130651411374,0.03905870658704161,0.03346084729276089,0.028413159368745035
0.0073565194409240505,0.014267184172294405,0.0042978598305862935,0.0036814194469884827,0.005580284809226487,0.0110767535508613,0.016646783647632106,0.025222317168583124,0.005006792145717916,0.01860126337449327,0.04798690455778463,0.02285857802978989,0.020749026677692982,0.0102693867868314,0.01075421131955531,0.02205093404573223,0.021809576134533395,0.050334151616289735,0.004636839286122432,0.024458253292027894,0.013099469928824395,0.010054936250765412,0.00042336969374548173,0.017583041990969463,0.015999701547065138,0.012513179592977429,0.01425360499444943,0.012952326831164604,0.0851458955516982,0.014482777286236733,0.014149514819475682,0.015472767327501347,0.022655392248463725,0.015101587250139496,0.04015699311310409,0.05448615360541118,0.013634209041466552,0.010740938862335863,0.008047576577113722,0.02904149326923962,0.0034659527565402705,0.028796913722460026,0.06117977505024048,0.021033150882130005,0.0026206583939856485,0.0005493101456308106,0.026509428563723927,0.026604880673511817,0.024642418470415314,0.016422822589925886,0.023621930928957775,0.025011446451008577,0.023564012764732658,0.020500902552681992,0.050837911469107135,0.00836988421944953,0.01299597680836769,0.022516116597515488,0.008406730629999425,0.008835630535280147
0.022776474605334825,0.01967456576671329,0.006736419356353322,0.02348975289352308,0.01674453944275333,0.01305160570859543,0.019713529825873224,0.04063058357060684,0.016105798230459187,0.02382131812789249,0.0349308267244751,0.02232307943824367,0.02594805113883,0.004924953095795798,0.023855810007265024,0.042537932945428195,0.03675106788514008,0.032568609005350906,0.003649083404378484,0.04960819130799889,0.025847388282713976,0.01438484814026414,0.0105643289025523,0.026864458315604037,0.02443304575155182,0.0232002407081201,0.013664867833901511,0.03159995424230115,0.014482777286236733,0.09852457516986228,0.033648237943349806,0.002666528169084047,0.03918433151623781,0.025798768618313882,0.06387090154169979,0.05048234941110318,0.0202830681068292,0.003949419322324041,0.018169362909095037,0.062233496076923744,0.005154794186468553,0.06924153453101854,0.02826544771797648,0.031363038336786726,0.0020835635521304794,0.0005960808773610435,0.04606347996875206,0.038015003689519336,0.03943477237978839,0.0259371271223206,0.050663311792549535,0.03018106011693272,0.03547983282742281,0.036866214690911434,0.05147486341355961,0.029689123044139985,0.029425800533405908,0.03181421741551765,0.03722803969954071,0.03454406357458352
0.03293499990795999,0.014036945014023989,-0.004223045300185061,0.013049731699358783,0.01676397188370103,0.011498185332854282,0.016479671218593603,0.031328882651306095,0.026171458361668287,0.030312878137275834,0.14762371641995786,0.0172063860364434,0.035015439738119686,0.012986151054801113,0.013566114538119164,0.03288986732024472,0.03624406345534687,0.08780039593044012,0.008906003176403048,0.0419368516260089,0.0030741274740377993,0.015347150390693273,-0.007171260845703809,0.03682584112096647,0.04975405697675845,0.02317803313015103,0.017305745492242706,0.03495586493815499,0.014149514819475682,0.033648237943349806,0.3150753098227572,0.002118580712417733,0.026080816577603142,-0.003474325964246841,0.06707701912111588,0.09546303793116603,0.007143326067542512,0.0025735707197627393,0.027317397088554393,0.06605728984668216,-0.00591077018631654,0.043586327807624066,0.058490067021001686,0.03897031444188954,0.005538569025143773,0.0018616525737816002,0.038611930089092916,0.055849218959304316,0.033458749482143064,0.022658792741920685,0.03332544800428612,0.02705633124941439,0.047151621159984156,0.028591078961940738,0.12069815006424323,0.028966925482041835,0.02052104809397018,0.021006691444830833,0.024255600037431452,0.027609609197738194
0.00455554358289781,0.021712852264040603,-0.036119409839314394,0.030586570053560462,-0.015553757914390162,-0.006373641263807751,0.006815837927315844,0.03880160661143761,0.04148439515168006,0.00859205272601804,-0.04392764549823994,0.0027144889741818564,-0.027271287762347073,-0.001101772267821404,0.017243873203353986,0.0026905169199848635,0.026283822674534715,0.057255739534195986,-0.0009031828264788007,0.033677036809882495,0.01242560174842375,0.0021315028598252964,0.009867756426578233,-0.011022453772989623,0.007455139880878733,0.007145581691065832,0.011009899747742191,-0.014222758284339042,0.015472767327501347,0.002666528169084047,0.002118580712417733,0.9844801429180078,0.006958973318041412,0.006735620237595541,0.1361371473958327,0.05459986429275441,-0.013716259328298182,-0.019354293630464477,0.03720152304406019,0.13669075924316793,-0.020777872813319255,0.1286787423267884,0.09244170963817742,0.02276253192615905,-0.00018424817032388732,5.20876319270694e-05,0.02081826910247129,0.020372621173051986,0.03535700728210678,0.008740647431586068,-0.00011684010360064999,0.04850696139576716,0.03223761938506442,0.01971302788122852,0.012923402819032462,0.02849341884981492,0.009709914834819639,0.032185021891836293,0.004684581323728845,0.013064057031735694
