0.18418912348925207,0.034700471330655944,0.03809594566749887,0.019174051073935126,0.05466507123759915,0.01599943392000014,0.029679592233785784,0.05033133147765826,0.021828644482359116,0.03177587348136806,0.06080117866911888,0.04674786068638321,0.06472187488797936,0.04323185443250944,0.03455836686550427,0.06375269385773007,0.04946584088535539,0.042013019155994195,0.042990381428178695,0.022372522123011416,0.03519921176441842,0.031208852238052105,0.03935388133124503,0.027109651482598238,0.034046124335724785,0.029285299248704242,0.04496100537526263,0.010818662719036627,0.03571079686065088,0.046960352121527944,0.027796904157532713,0.011752593556228383,0.042399980444534094,0.0454402515173918,0.10032854752994728,0.032145177697323064,0.009883297663904162,0.03823151219577784,0.024405042089715223,0.03982254994071412,0.028312288585751313,0.012941215117657032,0.025929278523270947,0.03312739797054674,0.043380316918924605,0.039780120997371805,0.024719750427212167,0.03726277088696468,0.011712759377270364,0.038028849340019696,0.04435064789988725,0.03978046494950858,0.05167096098427074,0.020971622385125455,0.04657013661417337,0.05816446698022054,0.0222887846306756,0.032168342601137885,0.0526383237100162,0.04261704215609735,-0.00523314840737351,0.03716311677540676,0.061170555543710314,0.04928413219578373,0.019705564863139333,0.032818513469348526,0.05952457486380654,0.049424813221683385,0.07833564800432605,0.046564205971426555,0.02893326683712505,0.03488504079731555,0.011760403643986462,0.06624017401463189,0.05268844023398464,0.020641184083726966,0.0463973850850445,0.018460748222409576,0.02178263276331808,0.019268259307261743,0.05129393879134372,0.009514303795743275,0.08664653127249267,0.02069426154066977,0.015507168082105761,0.03593576143208283,0.029021148236073453,0.028252983182514915,0.040614614031526844,0.03040837941194488
0.034700471330655944,0.0668097895250942,0.019546564058372896,0.04088032515667141,0.03911722623902989,-0.004838548436383528,0.012351477734440447,0.042441800169885885,0.013979393605462066,0.020682393851792175,0.037679821678117495,0.022961141379493857,0.025126061462249487,0.030103462640852632,0.021324897421183295,0.03659536513202571,0.03056187533920787,0.024558766610667564,0.030196769626367293,0.02576307420481874,0.04528800556466536,0.02647366861660965,0.02992447599260868,0.014878854399114292,0.06549362190429193,0.019306801005109824,0.03277118025610291,0.008996951384831338,0.03101103624491468,0.03689003958446543,0.009848579157878155,0.018623192087671995,0.030140865644985342,0.023236445696223084,0.0584039104034567,0.01596224425048315,0.006881129147854486,0.02335066848399026,0.0235380886867633,0.028194571253994136,0.0182313295933705,0.011442256794771587,0.025077287127513566,0.016614145559365835,0.020741698549120707,0.026506885817260403,0.013444254361573843,0.019245891927757598,0.006717249015455406,0.024787187749248086,0.0265730568292058,0.02808554293713834,0.034116246020464994,0.022659936390502726,0.021467566441033516,0.05048935706070695,0.014166173842533785,0.02037920288189198,0.034969223957293356,0.018960192292222493,0.0001828966122633569,0.02868947121242985,0.031324162317823215,0.032694782189649454,0.013991167615458874,0.015984824667687303,0.031521394689941806,0.027799662258895335,0.03614488238689552,0.02541425725363413,0.01902716169202939,0.027512968256968397,0.022748941861115667,0.049268611195289386,0.023344659830832552,0.01851471302806951,0.03182594501866333,0.024766675983399773,0.01471720563363017,0.01307172819785702,0.026395126507321547,0.006315582574872745,0.030025734694440247,0.02652749995400611,0.008654138125715412,0.024782706177397414,0.016813286319652697,0.008481036763694019,0.02327391707590075,0.019073395128023852
0.03809594566749887,0.019546564058372896,0.054974380295853886,0.022691997278598282,0.041544739215464886,0.016710198716569844,0.0247936877191398,0.03704779430986906,0.017669369034384232,0.017188709465831654,0.07280992739172654,0.02641239814566387,0.03725230594063338,0.032511109638403236,0.022817614752932314,0.05552864713975466,0.03981275001728208,0.034168265333282495,0.03622760028393834,0.02922316498050271,0.06422375774543546,0.035445018432301786,0.028577832724132415,0.020752193891205195,0.039380042574963046,0.018356541870815597,0.05029128269867488,0.003219944438553625,0.0333283562654917,0.029207064479001506,0.01771065649556302,0.020053933417881715,0.03260972250046131,0.024920686813654162,0.04197264599060691,0.022262126146953724,0.005556643164683103,0.049779643707773505,0.029274861387141738,0.03034314510976678,0.022532805947626015,0.019692389487279357,0.015558307719399684,0.031413956480417456,0.022838978827436348,0.040032884852845445,0.020136700186531364,0.025653224175872867,0.007917340156823684,0.021461750434444274,0.0427219243414855,0.03768061901062231,0.045140205110362965,0.03213868605796677,0.040983756653043574,0.043555152238566444,0.02148360361426108,0.029718827035455118,0.057145481254391894,0.03331451991333041,-0.004654373627531276,0.02428977809050397,0.04738096684708405,0.049851508204462415,0.015495411096463192,0.02337388283537169,0.045431121415157406,0.028260732348781768,0.03791217133265052,0.03264453570004887,0.019636045996276903,0.028965019468869105,0.013431598264961995,0.03578136389312376,0.03836461455663066,0.018528148309938812,0.0305479923413971,0.012785450451822503,0.01706032705315175,0.01715124982858083,0.02885345522712047,0.005381533081971587,0.03346386674810395,0.051871412610983166,0.008167556099604522,0.03194804622641415,0.03160176404731728,0.01274274191448477,0.02275564662426147,0.018691290342901824
0.019174051073935126,0.04088032515667141,0.022691997278598282,0.2115415135705549,0.06268686947165497,-0.013242243943522419,0.031646386135675615,0.02393135969727044,0.02951362404851175,0.019886523571251133,0.07918874369362765,0.04152202874193631,0.031139156452799882,0.047691578477575755,0.05562896982999403,0.047148222938941706,0.029590487254402484,0.04319597590240745,0.040438235217224824,0.034041281022557573,0.11841187690879093,0.02025505798604524,0.05184643079637101,0.019322081521357684,0.05160283739307611,0.027445090915015097,0.06979659885813404,0.028365085463716327,0.034190061137598995,0.019559427460149822,0.01745591831962002,0.03523481469528249,0.055777764050220356,0.0651409204186445,0.0468169008611879,0.02640501426711586,0.016885807481945406,0.03747567306263287,0.04417096792801816,0.03507824572824687,0.0373952225757775,0.0231000320755203,0.05920128135727043,0.024987379950897483,0.02498728794388332,0.06061757718008095,0.024764792492081175,0.04207597969512551,0.018092986762878523,0.033674998756260836,0.030416246478215777,0.04104331383337237,0.05968669305604883,0.0076499972311385184,0.04615738921339524,0.07543373917288755,0.01771339484527709,0.02898935333568545,0.04910570565222793,0.040035907845292124,-0.001065290430601507,0.033120799669033994,0.09950533561744779,0.025437171283640952,0.022323669685883774,0.02782714080859018,0.06585453918236639,0.033069172163723605,0.10344522786721388,0.043015890460567544,0.033924865355411435,0.03623179065412742,0.026956279180829497,0.048296852458960794,0.04210215839655365,0.01977235448229797,0.04068760931992882,0.03428587406344262,0.025347421990598418,0.025579384403268006,0.03550186875814212,0.007776412065653268,0.05908468179325903,0.09544172550411116,0.02349140070824001,0.027289826132156796,0.020061006221559142,0.015243518769458099,0.03174891575968163,0.01689242959592244
0.05466507123759915,0.03911722623902989,0.041544739215464886,0.06268686947165497,0.1247303586998176,-0.0005800073765756148,0.04203310612962268,0.05818657561478475,0.033928721476592885,0.029848283290659673,0.11250497632593837,0.040133824473319715,0.057185002644935,0.03707216827501192,0.046708173926365955,0.08507583155489798,0.04642161661721882,0.05728569504329416,0.051585401296865,0.041224768280307994,0.1084994126776511,0.04953437308218775,0.0504055285334491,0.030851004675767926,0.1293764729557168,0.03304798919718286,0.07279596555175664,0.020442641260432652,0.04075252335816928,0.0552567029407332,0.02220753375689417,0.026350764909189448,0.05818853627437369,0.07077397557953803,0.06082360182474849,0.039000217828335605,0.01209578535938792,0.05280356949220885,0.03960395912917425,0.051399692662776914,0.03585665149212284,0.01942446273862761,0.0501642184597927,0.04577849601855272,0.04586859667285298,0.08003728834585133,0.03417047848038367,0.042264620456335965,0.033289002657369046,0.04590143783266664,0.05025914678462196,0.05291925694540596,0.07072910315640572,0.03268569969821553,0.06641419508206658,0.08682982709121614,0.03351176051814994,0.039044960290829156,0.06964072148484056,0.05095402889821062,0.0034188177892139067,0.047409072594509584,0.10185906220942487,0.04315865067928053,0.02142563227584304,0.036208415799965095,0.05216862068037123,0.049215962479204775,0.09192061831897405,0.05947347194939194,0.022130333479980134,0.04044387739940454,0.02758531063877181,0.045427368486859604,0.06840654937794576,0.021310113887923348,0.03754616410728097,0.025768581272877306,0.03670697433895382,0.015408147190617472,0.051231217632201544,0.010420723203243309,0.07931642995810882,0.1326064484804335,0.009788183704588926,0.04613463586599029,0.030364776221275782,0.030752706714619184,0.029274003386498347,0.039623844587469065
0.01599943392000014,-0.004838548436383528,0.016710198716569844,-0.013242243943522419,-0.0005800073765756148,0.30318752276743066,0.0025406278236859104,-0.018110062638026315,-0.003982625419510732,-0.011880105758743277,-0.021726222743074338,-0.0573816542985722,0.017534921183092272,0.0025832806423103207,0.0023553610475699005,0.014064348434378775,0.01858998793275054,0.011492653176269354,0.013329703368436483,-0.005686829271912356,-0.05046766175133875,0.0028818243462425063,0.0011429317689428656,0.005272794701293286,-0.07255716505090579,0.006141075439330253,0.00774298075797248,0.003930422435678541,-0.0019997142640480413,-0.010915792442323614,0.0026365160127569385,-0.003936778038721965,0.001366937614401955,-0.022373621370187495,-0.05603934797985113,0.004635994739574774,0.003025710151091507,0.02352149849149445,-0.0029261164972441585,-0.0031508745791410334,0.009564171453730164,-0.0016086353516430603,0.01336223528972741,0.0032718517662667715,0.000768642240025166,-0.009606803984824995,0.0013183637351966778,0.011270615760385834,-0.02772855525767818,0.00862102877512467,0.0030655301906897356,-0.007424678840978031,-0.0012808839104599028,-0.038551774754046045,0.009375491980264859,-0.010852513845725085,-0.0077381850529029406,0.0008194291942751452,0.006543136317216682,0.0003891000156845129,-0.03227776483251129,-0.006760238061033121,-0.06944242893312225,0.0017497132119852503,0.0031951321667598696,0.00057514538157134,-0.004619583058860648,0.01904450706385119,-0.025057251032522487,0.006330695845080694,0.004294673779066648,-0.009075235063738155,-0.018291570289073807,-0.0258072978706385,0.002284722952364808,0.012099497094035811,0.00047476864127384997,0.0071967856524473755,0.0005911057282059705,-0.004882141421123404,0.007778301621637906,0.003829830285098425,-0.009658604836278046,0.10612367987372634,0.008503360294486697,0.002415338119611899,-0.010698197138087112,0.0012473595045274539,0.013915353975296427,0.011868845768759522
0.029679592233785784,0.012351477734440447,0.0247936877191398,0.031646386135675615,0.04203310612962268,0.0025406278236859104,0.07154981978936156,0.01854152539549034,0.018178715826269374,0.01559487234571318,0.06378328800098478,0.03451309626215169,0.0294405826820707,0.020800947280143492,0.027156133135599114,0.06986141939799467,0.030316564128102876,0.03430982916137123,0.031302093294553246,0.0202202803771205,0.038836785458466035,0.027447845445448312,0.03239143057795572,0.018056834520906093,0.08346049194556351,0.007655121478154808,0.039394656128449744,0.0036536198531171094,0.01868262278733716,0.026736800960582886,0.01771185763555949,0.01327393000200501,0.033820409069753636,0.031534737867152905,0.025683248652178012,0.023430108552513464,0.006801266399794018,0.03899471989014624,0.01934782870603315,0.029761712430174267,0.01830773662061252,0.026869743187453953,-0.0076323552983520076,0.026228442255393312,0.027344245627425403,0.05001844418706219,0.02717222214473375,0.029936831004893263,0.007833441830685243,0.02214144538472514,0.02040077017897738,0.0320772076275793,0.04401304687864406,0.006839845835570111,0.04321231638378116,0.05024934392090502,0.023970539551088306,0.01839313906442332,0.038737610021660956,0.03726350018888383,-0.0036731164888318185,0.026565394654108117,0.058614198935076085,0.025666653165667228,0.017931110318062445,0.021923543158736406,0.04220411784551696,0.022720645122933657,0.03979276513456948,0.03892829350391155,0.00887976705502577,0.028973634117127032,0.026845080530213183,0.03140297473247655,0.04110003203330066,0.015095455358198298,0.02270551766433003,0.013511021458659211,0.019844020047316432,0.011874515271003933,0.029736890574040453,0.008637438114358454,0.049461232532319176,0.06052890718581001,0.0032498030263336257,0.024224775069272647,0.01631004662587358,0.012536938981681959,0.01543753296097357,0.022996032970122694
0.05033133147765826,0.042441800169885885,0.03704779430986906,0.02393135969727044,0.05818657561478475,-0.018110062638026315,0.01854152539549034,0.48058871037472545,0.019728788408557678,0.042750360024931405,0.07550568601993086,0.050065147814214464,0.08354935330847593,0.039668680213715724,0.032126038112471125,0.09267329107541995,0.05429256879278592,0.05099915742367495,0.05999116718820474,0.061100819472579254,-0.01627044639522275,0.1085817619735302,0.02091936472776206,0.03279539678265467,0.023361088768236872,0.025466604830859132,0.056143591968864696,0.008315737233549622,0.059118939763882515,0.10509681361749185,0.017686379683483782,0.01417924046533532,0.056166517551300164,0.00632794921163566,0.08680195364027739,0.028321708528338034,0.008791573764601412,0.02335247954760581,0.033643422289641865,0.048847984321049316,0.043422152441817644,0.03686130410984589,-0.11998647406751133,0.10793168369041492,0.025763337064026063,0.08004654613840585,0.028018995345548803,0.034022242336016265,0.020851018058747325,0.040164128410763125,0.0932775131101355,0.10921830215615892,0.06023878176132334,0.09120786850734434,0.05907906471090702,0.07380562128752785,0.030172932538605417,0.033304236123628636,0.045919806382054194,0.02631727138562405,-0.005097416901473134,0.05188428729853252,0.05570873445388528,0.08131688175574597,0.011969659379178503,0.040046453576417215,0.05404526408176148,0.04320902849305073,-0.050428003900845855,0.05762831116249672,0.04079112322149561,0.031233328881343517,0.026611952127342162,0.03771386374590571,0.05182442445056706,0.004170925134100266,0.03539550257390016,0.02204195144242657,0.030409187127245968,0.01547796667713158,0.03360579507893177,-0.020230542339920846,0.0377351440744791,-0.029961341045249834,0.007691487456849277,0.03486529493608209,0.04154708953466735,0.03299985258699171,0.022785488269588122,0.004570411758517886
0.021828644482359116,0.013979393605462066,0.017669369034384232,0.02951362404851175,0.033928721476592885,-0.003982625419510732,0.018178715826269374,0.019728788408557678,0.03592170999756867,0.012346531442382465,0.050552029229103616,0.018758933990603507,0.018334125178527994,0.014241765855816092,0.021680136935573125,0.029407894427437048,0.02142866238308768,0.02965632792655293,0.020615009273520283,0.013366716055368405,0.03823136236490677,0.022731094727586595,0.021373094001132752,0.01488788099107075,0.0690071816013543,0.015644703770692762,0.035476398190232045,0.012523890748076432,0.01800529835126853,0.02487842497781556,0.013547355366836945,0.008446117356530402,0.027322512682713487,0.02684805895270723,0.03698394636152513,0.016584548159287105,0.007161926973071624,0.031182417316828387,0.01737931435667007,0.02582250835262466,0.01553109214435061,0.014005866369638596,0.02443639038777827,0.018502639033142344,0.019584488391623526,0.03744667300643795,0.012606843462179627,0.022042693492146933,0.008511435103323245,0.02381513099983445,0.019239725644424933,0.02038334006705525,0.034230463286062066,0.01060456521312428,0.02644657906502105,0.03420856658754142,0.012898704688713064,0.01753115189893609,0.02441642853824178,0.02278168264767866,-0.00022362828751643207,0.017326760482659576,0.03795011283981755,0.020179838224222844,0.009922881199529611,0.0195663746106112,0.021964824938618868,0.016661533788704587,0.04337755168761181,0.02842917131391813,0.01724421925103603,0.02173284116671733,0.014680758814247049,0.025313052646093834,0.029631668063727218,0.009850186213319508,0.020563654404010954,0.012915871440320756,0.011593441206136637,0.010752864210580367,0.026998791170098693,0.005126774974894452,0.033561929235135256,0.04351233170084201,0.016253024426950414,0.020115850944490032,0.014974856873486741,0.013550239388660826,0.010676661895666857,0.015743928536193535
0.03177587348136806,0.020682393851792175,0.017188709465831654,0.019886523571251133,0.029848283290659673,-0.011880105758743277,0.01559487234571318,0.042750360024931405,0.012346531442382465,0.1828601171084248,0.04469419024626651,0.022374584499379936,0.03615593567689199,0.02115556340684616,0.03133071057060552,0.07760757081677065,0.0360426852123911,0.022414138956413802,0.034439256582562625,0.009115308407481926,0.08763274180396628,0.027615853126915134,0.0013828277133641923,0.011548913726110985,0.10810657487813094,0.02760415463896526,0.026723779216485857,0.005347640250620081,0.037686192126459045,0.025735761984921553,0.007690057229716841,0.019006079098071612,0.019732955755079707,0.05863287635257484,0.02410151354868233,0.02087935317605289,0.003249931325681944,0.04801257044114317,0.01861940693696615,0.030390946410563474,0.023861772909121403,0.03135391033893197,0.05164435159859452,0.04029872642697736,0.015276055318285069,0.0406389018192413,0.019255408536324365,0.01339528671594961,0.03270851703863984,0.012315178849392433,0.016932609950517152,0.040038073164953544,0.02412639181644792,-0.013758649201100722,0.027479431509884383,0.030060359076945733,0.003793905214573229,0.033494496499678936,0.028321094118244784,0.017342177473432415,0.020650010313177983,0.02597356011003825,0.049883512264570044,0.014435616555138059,0.010468708616551893,0.011445100902028837,0.02755439950446444,0.02544462547045185,0.07903361968267707,0.02180507282217803,0.01767296982983253,0.014717460443529267,0.02324344503964705,0.05652899492656498,0.01961688092506427,0.00815305650947461,0.025106574212542213,0.019701800205561948,0.029188657299019313,0.00985503715829148,0.009500259395040131,0.0022386891164945114,0.03386364405953634,0.06378643161444943,0.025723188249398895,0.011245965517132356,0.02702612924417982,0.017337757220326707,0.02098049358548904,0.02520020381374149
0.06080117866911888,0.037679821678117495,0.07280992739172654,0.07918874369362765,0.11250497632593837,-0.021726222743074338,0.06378328800098478,0.07550568601993086,0.050552029229103616,0.04469419024626651,0.5231113837220772,0.06931382500098512,0.0749680669666512,0.08619470377598877,0.07687521984705113,0.16756435470817704,0.06148170619201993,0.07754562730320066,0.09559086921929623,0.06005046507755728,0.2894525719946848,0.10396252048234492,0.10950559765444817,0.043570312532159344,0.2741211747572413,0.06321994578796954,0.16234523516048407,0.0036808113353960707,0.08523391611125011,0.08054596506890745,0.043488149207093096,0.06142634800016279,0.10037544771420799,0.11213083573099923,0.166593358627491,0.06627476318451442,0.013788397261238924,0.21431650939443822,0.07862062520690205,0.06864729469292107,0.0709744287851341,0.0608865503551777,0.059777886531787804,0.0720705828282508,0.06396257296254951,0.19001411627664985,0.05208647134583168,0.07407387323654992,0.1408433104340449,0.05256742457653921,0.05329872590855928,0.09818241547459758,0.1227043735453734,0.08716543192240366,0.11617556581419382,0.14026869692410698,0.05046838594109347,0.04481360405821969,0.08836850498761165,0.09259553703974632,0.08670950846926063,0.06453990597008782,0.2439901951101397,0.07073678176970548,0.02910861179286465,0.048914916208166695,0.1439484530381597,0.09444443721816984,0.22021666257408246,0.08151540021837875,0.01733223738488114,0.09599011912667496,0.028821300916231637,0.1719875442773771,0.11728864366820352,0.029818430324652378,0.08444455039518085,0.03085485840523561,0.07448412845418377,0.01880223297750468,0.10694433825780177,0.003872811930113441,0.12377530232294025,0.2425651461226161,0.008865601104142902,0.06605548337196626,0.05096940055567642,0.046972159103445064,0.07015249718100411,0.0740792774721465
0.04674786068638321,0.022961141379493857,0.02641239814566387,0.04152202874193631,0.040133824473319715,-0.0573816542985722,0.03451309626215169,0.050065147814214464,0.018758933990603507,0.022374584499379936,0.06931382500098512,0.1726389695373801,0.043874287468439355,0.04120198643859724,0.027306406586851507,0.08677519295417643,0.03755644019360486,0.035441838889149944,0.03620633421579127,0.029370282212324836,0.032272305837131705,0.059672262108301566,0.04723875814296547,0.024924805259529156,0.0635938177684143,0.010910863702414524,0.0400012139062507,0.004144628340138564,0.034489067361406396,0.039127772393838245,0.015133632314683019,0.015085398253049786,0.03921081243711578,0.031094697003000535,0.04252957369978527,0.024839956928905973,0.005447825061085634,0.03397966482795111,0.020119145852831078,0.02265467263703483,0.027308515927494934,0.03670141589827692,0.008883406326183117,0.060300031049823996,0.03566375299183366,0.046842194256508166,0.021445711963280822,0.016347774371105114,0.028060482649562252,0.02843237752934808,0.04828280516560115,0.04792955794457031,0.03932957076679955,0.03940915547442987,0.023026742041630098,0.03423886760718073,0.023635755509487242,0.04401671264891136,0.05078309172012782,0.039588096404403444,0.008102297044510246,0.02991411088968723,0.06739284381755889,0.04267212306675518,0.02257337961218537,0.015928797556184354,0.042123607737725464,0.018670409783401197,0.04926500277660542,0.04470390072201687,0.04446438381872464,0.03249625518406037,0.02677098698747683,0.04806747430059253,0.043532081034106114,0.014054498978215873,0.037912221899489944,0.019951256683603452,0.013177966481839182,0.021131311367401335,0.028855215389353907,0.007707059556510704,0.04871775610086633,0.0018036542632083256,-0.024562389828933263,0.029919151389599916,0.03938509721059341,0.018628596384500117,0.0276950438257139,0.030230650853017304
0.06472187488797936,0.025126061462249487,0.03725230594063338,0.031139156452799882,0.057185002644935,0.017534921183092272,0.0294405826820707,0.08354935330847593,0.018334125178527994,0.03615593567689199,0.0749680669666512,0.043874287468439355,0.35017830490533197,0.04788922644358252,0.05378592745329163,0.08741892596660644,0.05010402922585756,0.04109295489798328,0.045581882988065786,0.04875907299741442,0.07414586418277723,0.04079142736625347,0.010529761321312907,0.054582769859672,0.13418968249078775,0.02985999621942833,0.07881102125408823,0.009442748582218202,0.045413340313048514,0.05971506739744307,0.022965030984286174,0.016522188477879705,0.052368777933863075,0.02706116098118721,0.05537488524912147,0.03481621279860588,0.010558165936068632,0.06623071979365046,0.020949713111054463,0.04799504453485541,0.035204329076483264,0.010933429661004001,0.005337102602663758,0.059683395409933844,0.032689050216618214,0.07322505669611881,0.03905779769721555,0.03147476212959917,-0.0035338164146978897,0.029423792060032056,0.0469089118342531,0.057544936031494895,0.06455379836552193,0.04081544568579783,0.061781116731170004,0.06943088516286129,0.04159686070067707,0.04599084624161024,0.06990599804215984,0.038867144801175986,-0.029692371153008698,0.04908681586961147,0.06075179635892091,0.04586191907598504,0.02323084806144072,0.0205808698731179,0.059574563455256774,0.058013466533971415,0.07691843130875493,0.05298275344489584,0.06356988845260421,0.05094832595994073,0.023837363979998735,0.0592775880325472,0.05769421520720362,0.017232061934590998,0.05011793358760468,0.02165120233238042,0.02450062169852451,0.015104750346770059,0.05582774121368457,-0.00019992335714137484,0.0827833276693962,0.05167187360206833,0.03084139298563855,0.03806984927179063,0.0460235269446178,0.04777643319844994,0.05619848402057001,-0.0005617447444861813
0.04323185443250944,0.030103462640852632,0.032511109638403236,0.047691578477575755,0.03707216827501192,0.0025832806423103207,0.020800947280143492,0.039668680213715724,0.014241765855816092,0.02115556340684616,0.08619470377598877,0.04120198643859724,0.04788922644358252,0.11464297807004391,0.0342251978684952,0.05171944829643692,0.030554866567572357,0.02783873317133407,0.030971176218049706,0.03566242535560016,0.076480874245932,0.06871131474596515,0.03869809016921338,0.02934750487622562,0.07753611607698427,0.0236701691473775,0.05731159300151181,0.00038095636232651276,0.038716485920647394,0.032376996874652446,0.01765839009825665,0.024548993205642824,0.03488902148655129,0.036347614919820435,0.05525217417500606,0.01993493493744733,0.0018476884275621837,0.051865011446683984,0.032960045992031235,0.0309097982825483,0.020883060930188043,0.021033381097582026,0.021842202027719027,0.026016479237110198,0.024550665061662584,0.04620939968188592,0.022856595725754048,0.023427919154508443,0.01881909596610951,0.029010396199348955,0.053201238193516465,0.044450676896159065,0.04678283267321629,0.02856408126915958,0.03465051988302607,0.05011214998513415,0.025641044713855077,0.04259459122129905,0.043893192391814294,0.03056102477263845,0.004942949591091673,0.02766219700875109,0.04480210004916996,0.05290293159814868,0.021153182466862493,0.02253591798026677,0.04471706800664631,0.032109227209081645,0.064321329745888,0.03913957472200568,0.026078699286816002,0.03324329485106828,0.024612641377392417,0.046219940218415495,0.03081636854412712,0.024693279845260332,0.0326951859452848,0.018292349160606125,0.02313360398643212,0.01691864156979385,0.029683301770761807,0.001457049354236075,0.04262044523676176,0.06479751371368314,0.018926916769214253,0.03736547360281302,0.026860360714272006,0.016221908675708763,0.031700915286562735,0.006924389159820932
0.03455836686550427,0.021324897421183295,0.022817614752932314,0.05562896982999403,0.046708173926365955,0.0023553610475699005,0.027156133135599114,0.032126038112471125,0.021680136935573125,0.03133071057060552,0.07687521984705113,0.027306406586851507,0.05378592745329163,0.0342251978684952,0.07921237172976003,0.06399581486071776,0.03167191526375734,0.04168183765089109,0.037668218774082766,0.030415424968185542,0.06570598138403022,0.026229110769784812,0.03782611009440703,0.022425796711501765,0.0848343452951587,0.024235519300095605,0.058633788550286586,0.0048387530610041595,0.02979805861931147,0.032067093760476915,0.015860041501708097,0.016875917465864983,0.04355008975384627,0.04946678038008466,0.04462928352780347,0.024365515929722255,0.010283288234769797,0.05056851128857108,0.029389191139899098,0.04043180827991211,0.027042063171263654,0.01496193729328214,0.026980315997713736,0.031787349455894155,0.02248224423058779,0.05284224663594059,0.017651203167949645,0.025897116651743667,0.010294149207888691,0.026405355758541763,0.020510947631585057,0.02596565003752807,0.04936446252578316,0.010744566174619235,0.05139026461119685,0.03789289651308824,0.02339282335001559,0.03180983828969421,0.03725370859525093,0.035320088506371444,-0.004587464536759621,0.03486865198864845,0.07190922577885034,0.028915389281213514,0.01188994506703826,0.02226114020637467,0.046686411891731394,0.021002319660843084,0.06297566068253523,0.038827809021600816,0.019579899560262508,0.03551801132584521,0.022707689948591996,0.04458416605051399,0.04217443747743353,0.015044673485609521,0.03260868902407958,0.017906186789126873,0.019616410992809172,0.016712853100206745,0.03424248724219184,0.004784080617323269,0.05449728422550169,0.07330344555965367,0.010452663819183852,0.025430854149289275,0.02697362216863434,0.01826242916567183,0.024362699689257465,0.03182496049434887
0.06375269385773007,0.03659536513202571,0.05552864713975466,0.047148222938941706,0.08507583155489798,0.014064348434378775,0.06986141939799467,0.09267329107541995,0.029407894427437048,0.07760757081677065,0.16756435470817704,0.08677519295417643,0.08741892596660644,0.05171944829643692,0.06399581486071776,0.7235068588727529,0.08277160976763359,0.058101044840380395,0.06029027034208197,0.038760661408693865,0.15098808481620632,0.10656048327186667,0.07811778785513344,0.04009176474789884,0.4242562317077276,0.035888124147165204,0.10262459636515033,0.0036861140116277195,0.07034839008649989,0.08451295101740755,0.024686066787533722,0.04828120623603806,0.09592631727135223,0.09127511062997155,0.0746686341552695,0.04384915298749107,0.015861114208211017,0.15561332087935012,0.04602977446890274,0.053365772222001916,0.055055512103208505,0.0932517959091387,0.0676625637590112,0.06405689311818094,0.06647895688421047,0.11688451632712374,0.03926644367799155,0.05816864406323781,0.032926175285137964,0.028077461241349924,0.0751011342094641,0.07601622857282304,0.08755169681661482,0.16635724073893493,0.04607865712657673,0.11929688839727473,0.05468142201007463,0.0772215764216983,0.1085037893052557,0.06590388268462612,-0.014578347291620544,0.07518710007466997,0.15854132693048167,0.06065339545533591,0.020140282653292194,0.0400074285153448,0.08685406357483122,0.09711824375612323,0.10404038404023615,0.07569316462630163,0.05757122730606196,0.056278130547124494,0.09005882595193758,0.09973052434287145,0.11006185776529462,0.014262530052479207,0.039967827476640364,0.03871013467679138,0.061489130083852386,0.030013830755179893,0.06225500904319881,0.0067583296216751085,0.10018487805447984,0.22074761886715677,0.018350519566716458,0.041408376203558396,0.04926610850412714,0.06129371502445243,0.05122655757064046,0.0703855814775807
0.04946584088535539,0.03056187533920787,0.03981275001728208,0.029590487254402484,0.04642161661721882,0.01858998793275054,0.030316564128102876,0.05429256879278592,0.02142866238308768,0.0360426852123911,0.06148170619201993,0.03755644019360486,0.05010402922585756,0.030554866567572357,0.03167191526375734,0.08277160976763359,0.08895515155949903,0.041893114147043116,0.044633449820904544,0.03337643136728414,0.04690383061056614,0.04055659125909163,0.0389852897815847,0.021857317542991004,0.05197758376655993,0.017330714631277933,0.049375491917366905,0.006630917821936564,0.0350674727984575,0.040868856552170776,0.012155491561549662,0.01880734797081945,0.04575584674559028,0.039143284538797125,0.03899426696479815,0.030843346588968267,0.010197095174288254,0.06451720725550318,0.026773354898802414,0.036286398856738185,0.03755827419472356,0.035743183225572385,0.013678808151985187,0.0560233056742049,0.038487188464395715,0.05168610066735537,0.027081842880370886,0.03330141893344352,-0.0007141415122941971,0.03785003477952612,0.04538021976890811,0.0326588733506793,0.05210776634389053,0.020729900835890623,0.03398876646531206,0.058564761038974,0.024723507218031612,0.047111166030632576,0.05631055035748909,0.041120837826339796,-0.01732794976223333,0.03716908230558098,0.08573978062970122,0.043240076353590895,0.017801043988272394,0.03620213916069952,0.050179652150309166,0.03609405333613328,0.04623299528782992,0.03994443156153175,0.029879275964601684,0.03512219387799452,0.021620866279760644,0.05973371144689548,0.053608103236771606,0.017741805681180788,0.03580110326784717,0.023031768537910988,0.02383152848710699,0.017538613968695438,0.036099468955494825,0.004889160195525184,0.046579695841853765,0.04967921777520231,0.030355942454241086,0.02857724138941133,0.02774640959817367,0.01783320950308842,0.03463633093923313,0.03262542180900787
0.042013019155994195,0.024558766610667564,0.034168265333282495,0.04319597590240745,0.05728569504329416,0.011492653176269354,0.03430982916137123,0.05099915742367495,0.02965632792655293,0.022414138956413802,0.07754562730320066,0.035441838889149944,0.04109295489798328,0.02783873317133407,0.04168183765089109,0.058101044840380395,0.041893114147043116,0.0690376153519798,0.04408628596664254,0.029630609494608367,0.05557951238444212,0.02997911693533688,0.039093906290006634,0.026328216323806195,0.06217624379148827,0.022311982773217727,0.06210421340521795,0.01144439840877737,0.030966737874027497,0.04404998887852689,0.01870337941942983,0.014767990458945748,0.04952641307348991,0.052452275057869584,0.036106319057235235,0.029422734894942956,0.013253042401172728,0.0422401434946485,0.031441528418794315,0.05104807492561777,0.029033014557133932,0.020350152325031557,-0.005165989544162113,0.04525120125901784,0.027087974831177836,0.06251488195711409,0.0272600918212979,0.029883864060257708,-0.012443315174046829,0.04185834383636919,0.03582932894802315,0.043735089120535656,0.06269570254007556,0.024090988698141948,0.049847159968799744,0.05073861308316791,0.03086000895277541,0.03162717057283374,0.04980623733791567,0.0388731744331425,-0.016628204828005796,0.03735313486492294,0.07719812706571348,0.04077817218265319,0.01696220494710025,0.03335174364875106,0.0503972313993565,0.030986568283345856,0.06091304687769392,0.05814057552009613,0.02164748328576385,0.03398814760316235,0.024148960019291447,0.03528715677960616,0.05158298563984531,0.017218712990472215,0.04407986308162516,0.011488113774777325,0.018095578001927626,0.009170545117172146,0.03677119385058628,0.002093766154476101,0.05645422554882729,0.07946467217390955,0.009497959065402748,0.03480282106715486,0.02445902147604814,0.01908248815293213,0.021577597490724867,0.02285398128923004
0.042990381428178695,0.030196769626367293,0.03622760028393834,0.040438235217224824,0.051585401296865,0.013329703368436483,0.031302093294553246,0.05999116718820474,0.020615009273520283,0.034439256582562625,0.09559086921929623,0.03620633421579127,0.045581882988065786,0.030971176218049706,0.037668218774082766,0.06029027034208197,0.044633449820904544,0.04408628596664254,0.14383592504924766,0.04771676564027661,0.0838038576372531,0.029986114989772893,0.04629575183864269,0.025966770551903284,0.05045483454510647,0.05467838900087103,0.061360745279362555,0.007855931477658852,0.04932334831254769,0.03555353209797757,0.023153565148118067,0.03228988636378904,0.0377136012159752,0.04499543924903545,0.0504110272871707,0.031122651476577348,0.008266009797789891,0.0774715636012756,0.035251106840640055,0.031891218748633335,0.05643270261405213,0.036066453899390505,0.038789627441578114,0.0654863961801096,0.018675966412655017,0.06274823999504237,0.02729481680943086,0.02231209632910453,0.034222800039542284,0.032068542004064865,0.048039722549531184,0.038137572663115946,0.04991859909810313,0.06349862512073158,0.03472080829009089,0.07016439307144592,0.028637118339294346,0.025443483078494932,0.049189309894977926,0.039493565901307225,0.00805777568415419,0.03584708820794696,0.08409982199561095,0.045573081588051234,0.020650149817797336,0.02823209138171925,0.047351082744553415,0.04416729477060877,0.06280677491668502,0.03589140717133566,0.030716572922180566,0.03452326868276227,0.03554484063132148,0.07522967981083359,0.05238031543253916,0.01814924450817701,0.028276582725741555,0.03197644647231315,0.016191894989482425,0.02045031941035415,0.03968849720930435,0.010678950109685628,0.05557852329115033,0.1372302588561252,0.008393833799166084,0.024559549018396677,0.018606198779155026,0.00961497161309859,0.030829494297363334,0.033793540198316645
0.022372522123011416,0.02576307420481874,0.02922316498050271,0.034041281022557573,0.041224768280307994,-0.005686829271912356,0.0202202803771205,0.061100819472579254,0.013366716055368405,0.009115308407481926,0.06005046507755728,0.029370282212324836,0.04875907299741442,0.03566242535560016,0.030415424968185542,0.038760661408693865,0.03337643136728414,0.029630609494608367,0.04771676564027661,0.09046832335160349,0.0461155413707198,0.033415639253749865,0.04918651728188322,0.020853736548708895,0.029008948033964758,0.031484552452596924,0.04912328084556338,0.012527711472376078,0.034802941186363574,0.03217284482246494,0.018670474315566836,0.022631094501224417,0.028272888123784947,0.02844198209550693,0.02424767142779094,0.020637447801533544,0.007153233160726131,0.04047444029404742,0.02800857912231592,0.026884404215608122,0.031129953681575617,0.018857593559723468,-0.003271756364502588,0.03457798919658059,0.021846157596982687,0.038284362634596836,0.018235782083785405,0.018606595975030157,0.015678784943995,0.009963110414713141,0.043698035195769265,0.03791856780587799,0.03886230945119686,0.037148551065079055,0.032436353007133295,0.04053893045283165,0.018584577830549502,0.03410452641491543,0.048376512646764236,0.028203124589608622,-0.00034391635499623737,0.035305797917853765,0.045037286505138566,0.04704200061396099,0.015138069708362827,0.018093459594135775,0.03891950610084239,0.03354871617856439,0.04104879079538366,0.026179769503165275,0.027428368984488277,0.03069941898687127,0.021910746875691597,0.036585415073491584,0.027931522154118534,0.016218515098081632,0.024709882696714685,0.023004974195902927,0.019201493743773966,0.019681233077497473,0.018564352055209274,0.008376611755529924,0.03455415916754758,0.07216583010838387,0.007310479240538526,0.029465547889508135,0.023194166367888378,0.01142196665346675,0.033644785376171354,0.020425195080154574
0.03519921176441842,0.04528800556466536,0.06422375774543546,0.11841187690879093,0.1084994126776511,-0.05046766175133875,0.038836785458466035,-0.01627044639522275,0.03823136236490677,0.08763274180396628,0.2894525719946848,0.032272305837131705,0.07414586418277723,0.076480874245932,0.06570598138403022,0.15098808481620632,0.04690383061056614,0.05557951238444212,0.0838038576372531,0.0461155413707198,0.5270638550111353,0.08052729563845253,0.12179099381036296,0.03388523670248029,0.4041872988883837,0.0799711689529467,0.1378560089961242,0.012587765722411522,0.08762149790176023,0.061016303249098645,0.04953641892823906,0.05540634106124289,0.0670137354039787,0.15043892030904704,0.1040950642871393,0.03424575279190586,0.0070367990226322015,0.19689007165077854,0.0656738484256857,0.05710755604356709,0.05898912246767712,0.058322994738573566,0.18655604442624638,0.059969768918987476,0.03908106493119658,0.13831781442156663,0.03590790592926411,0.04344922864919624,0.16046144283114797,0.014540654604551418,0.042095264865053675,0.08720066175982435,0.10467659087964051,0.09863034760534391,0.09351162091272355,0.14790399538922744,0.017887547248895547,0.05360432194762674,0.10096248475009875,0.0763850899392669,0.08214906223510011,0.06430227149924514,0.16723955088311784,0.054667281436226116,0.028191041058470482,0.03623804132491853,0.1338006308253766,0.07361855875218225,0.26149475086852175,0.07671893121391939,0.008880467653894566,0.07734375945467822,0.036266554421683604,0.18080545481165378,0.0715835372534772,0.025999274086364016,0.062445506592694364,0.04234842156876781,0.06960584245322914,0.03685347269828734,0.0640749164666892,0.015689302116753616,0.11084578072881918,0.3629355902468936,0.046868014547145176,0.0578595687161673,0.05264120834963122,0.045997403415631154,0.05336842412274832,0.04319854897339918
