0.1283284389247743,0.04381508003624188,0.04616490169159429,0.01427337529282098,0.008195068560679043,0.022681011814316143,-0.004086398239127859,0.013816374048906753,0.01705499661952292,-0.0025121000329117794,0.03698125740584322,0.025933691626978034,0.019371007800318894,0.03106718983490831,0.005321303353211278,0.028247524689449504,0.054535588713255895,0.032223805187611365,0.027220377971679147,0.03069383371594567,0.02404448084647747,0.01742973840389857,0.023474427635562088,0.0149548334770964,0.06380173641252221,0.021792431079533332,0.013023291812661097,0.0005007049274918355,0.011468694665175668,0.047175947463533444,0.032261354569864745,0.07026518060561157,0.040800574507857304,0.023796734401710054,0.0002775766871035346,0.03322194172916034,0.030925813839093364,0.035994256193653706,0.022323447776649706,0.016369511494182015,0.07044766708693109,0.04419265542367658,0.055789375830660494,0.01986622785558362,0.01892157662653137,0.029013956448504876,0.020411391738584077,0.01279244218530262,0.01930702125965021,0.02428621871950206,0.015672780936318735,0.05855213391926183,0.09546686218189039,0.046341114654269995,0.030136087443082923,0.00969466051079974,0.05111382543420186,0.028201059765873927,0.030053523129655535,0.03475012928666179
0.04381508003624188,0.2591898672418041,0.06722129157319753,0.011020639439863268,0.00883545181869134,0.026805002349239604,0.014889312077247554,0.032301475169145506,0.022984469049464117,0.054433342725208986,0.06808880833287206,0.036126080850354826,0.031305590541230326,0.0701139323544078,0.0032751564703091688,0.034082126464905195,0.058657156952160346,0.037204759564119505,0.003463499442994298,0.02602944011290804,0.04549510801656386,0.01880760464127827,0.022377818694170003,0.021669127090440148,0.04832816972711364,0.011028519216675511,0.022962050507942672,0.035906344549674625,0.03171486985137971,0.09564844849816463,0.02808887158288309,0.0993343372506928,0.022467445852897294,0.022366150759102983,-0.0022763470343535987,0.04075781890539186,0.048009617085093714,0.05792431532442578,0.016021771530141404,-0.006647562278750754,0.07161053095663426,0.04657569922204495,0.058981803764503876,0.03197216658765237,0.030533007589134242,0.010830527925474823,0.015429037995704884,0.04545304821176919,0.035681852422664806,0.034891992250864506,0.019562781111689787,0.03298275542990332,0.19956739864010453,0.038242060766702425,0.03149505696398314,0.02727869209396806,0.0911596988806149,0.027888170576431243,0.07341626254972118,0.04131322434718749
0.04616490169159429,0.06722129157319753,0.12740688177324394,0.017498302090511456,0.006506752250349085,0.038686002727341254,0.02540804974947631,0.024028397016057936,0.024839241557863597,0.03374132380150935,0.0704318557371437,0.04951956262825654,0.05243806442090955,0.07224279239747444,0.005987836930560086,0.06329912432563563,0.07111590543512035,0.04216910291722061,0.005816786592850359,0.03279559194191782,0.06483261757784654,0.02305763084633224,0.024601522232045966,0.02890684340388162,0.0541564437798963,0.029285314509357514,0.02264967047932094,0.024918191473242545,0.04856766706536666,0.07135136393840986,0.04458187112130035,0.06507591302739694,0.019983539080632873,0.03493926196164868,0.002778398020271356,0.060142597604897416,0.03680919869214573,0.045315326932803685,0.022592330914873886,-0.00546116554201231,0.06104908488030148,0.05662912431818007,0.05823192124160203,0.03178783612814556,0.03490354934462816,0.025966291482913337,0.030430607465536334,0.06279330121146107,0.025989701981235555,0.05413257144874105,0.030129911901608238,0.04314691167453421,0.13441783086456513,0.04978580843030828,0.044604510881644986,0.021902244833108906,0.08120125705342139,0.05746780234798742,0.11438772081111921,0.04968221852276405
0.01427337529282098,0.011020639439863268,0.017498302090511456,0.03619556339567361,0.018112898439685735,0.009950897574545913,0.01769254311537366,0.021518540452366522,0.009191875873363963,0.005177434780346909,0.025388123932331762,0.014619916626950327,0.01585400673744037,0.01743649193319522,0.00018012443727142795,0.02288629149457192,0.016625827061121163,0.01520784577285179,0.014296946008605002,0.010691046038338644,0.02837904134110145,0.007928228736665804,0.010754194812358954,0.011885164313128482,0.01347703258249097,0.012320850674413132,0.01244855167187568,-0.011845715372049676,0.008780995372519314,0.02855838424354846,0.008825033471904595,0.008294786303752345,0.006603963397828076,0.012237704857057517,0.0063065927783283,0.023934297682639615,-0.00022409008182564414,0.018282886164666598,0.00746568768847641,0.01438566091295758,0.03240415679972221,0.01459214486380562,0.018296571143518296,0.014832571604181494,0.015484668576605062,0.02269520795078627,0.011264601034711448,0.021028201462378694,0.009539973190819633,0.021713689568699072,0.013530007542133456,0.015761977525486484,0.06027397027743141,0.015478906743495691,0.018277233699407407,0.012628679290743601,0.02655173626134935,0.022241938994429077,0.04050401634175278,0.01968160916661021
0.008195068560679043,0.00883545181869134,0.006506752250349085,0.018112898439685735,0.051354283889315,0.008304191669935485,0.04115322774559135,0.014150037892818995,0.00923366645106548,0.01308031945875967,0.012228955644971402,0.005264690067021915,0.009393386636681135,0.027325205304558092,0.0019515915639590341,0.007577173471605077,0.0051837883328130704,0.016421698104605552,0.01646776193390246,0.007547224253474926,0.026080989396145785,0.007863330832260314,0.009853414201151043,0.007468331940420453,0.0077220203768049575,0.00899226146798017,0.0054471427720423965,0.018800650996340686,0.004507487763040472,0.007781936520716419,0.006405892585311105,0.005752205483840037,0.009481335705669815,0.0098137310573446,0.008023288903502353,0.012184489894148484,-0.0024456114094359408,0.019296905998053046,0.0032381978799452945,0.027378329664743913,0.02867114269283104,0.009853928075898915,0.022985630416908914,0.005534053945322179,0.010144418979823572,0.02619753792918661,0.007186288749594102,0.010654010977479608,0.013694006714739354,0.013957858587850397,0.012520530869197828,0.0051712567357502445,0.010177519448421341,0.009665932368172632,0.013288301616495824,0.013330746879658977,0.019486792990212488,0.024804659377196902,0.014388882450561354,0.010579826342269194
0.022681011814316143,0.026805002349239604,0.038686002727341254,0.009950897574545913,0.008304191669935485,0.0905816791974716,0.013355996268399884,0.014752230704521469,0.010108022010455141,0.007849733615919138,0.03812196979821014,0.020809753265959692,0.019460457651248736,0.026398060535896672,0.005090143918253063,0.042387704243167144,0.025994516010555028,0.015042331586240491,0.0028585344791863636,0.015217633431530873,0.026083022774590167,0.0030440831433287685,0.009686367901068187,0.015708071167649853,0.025909322615456403,0.014934076502397295,0.01358535016820054,0.02276579522288958,0.018358979466486472,0.027670815234969285,0.015724517784411928,0.028423985492528142,0.011600142898773848,0.015295084502393488,0.0013930571320555764,0.029051409763859913,0.013144063728706542,0.008709500512473487,0.014418176104284093,-0.004882906755440738,0.02397716106310081,0.02479617308301779,0.03132637805034949,0.011185998309330517,0.008649103374896388,0.015529461571036058,0.013845337648077043,0.027954536196589157,0.016625517383873942,0.02375739992404805,0.020222422660924763,0.007915128108752454,0.0022459989784426376,0.027027430562412046,0.025367607769304103,0.009210458699729118,0.04278807856428838,0.029318430399672902,-0.022586935279709272,0.02215240988768461
-0.004086398239127859,0.014889312077247554,0.02540804974947631,0.01769254311537366,0.04115322774559135,0.013355996268399884,0.5099610366393056,0.015128536086744736,0.00759663164161248,0.03043365723100233,0.011383423487152568,0.008801966337849994,0.021120574945593884,0.06867568162046886,0.0024567157621655927,0.009966640139856117,0.029548321823385057,0.04401227607593861,-0.007381588327767043,0.019118329449115384,0.04360454409378366,0.01245186278968021,-0.005330707259208434,0.015317964667034325,0.008722975977893902,-0.0023176131338471457,-0.013593672891520763,-0.12086679200359778,0.027466055361472383,0.0016978863221234705,0.028026457284836655,0.0017279553721925378,0.0035342484918287056,0.0029350599761455436,0.0012350512985017552,0.03409945293206943,0.003705343044135863,0.0064506691434903516,0.011552325802673161,0.03747852555636943,0.02377512802488972,0.015386330238481493,0.022914265280630976,0.03528880807618783,0.038363340702182364,0.027748902862186488,0.01152438570601652,0.10015971822836998,0.0057221371244513255,0.026026663686173113,0.006547768840773176,0.028299853817413304,-0.009193651416671495,0.005277100610121226,-0.008959303173115756,0.02074345078702916,0.012534737182052395,0.07717928034722733,0.1225507333848034,-0.006284769870083222
0.013816374048906753,0.032301475169145506,0.024028397016057936,0.021518540452366522,0.014150037892818995,0.014752230704521469,0.015128536086744736,0.5517941699241269,0.009920207801501171,0.015745873680088535,-0.005955064951788943,0.019390579069499526,0.00041053842409005377,-0.010762558833889217,-0.018138010375190704,-0.003063726847655067,0.020796014011462083,-0.004986070800560431,0.010816505676442094,0.009083827551822597,0.03487869655573248,0.019325300658794512,0.018716564743708315,0.011335081055604511,-0.001272281942837653,0.01747055403229733,0.008519671309323308,-0.04253283593425959,0.018271515557904374,0.02545194899234214,0.01159660212968477,0.019870612547618263,0.015791052748073443,0.015167304525422781,0.013067124335059938,0.030701323021378134,-0.0437206849469938,0.001496177013314638,0.007328224041158012,0.007189657334724613,0.014850347195726811,0.016390811860105957,0.006317753027226783,0.013239686790102507,0.014947653221474561,0.01295309658847136,0.02717873182649656,-0.017233836175541067,-0.003015081424999159,0.028325716327980484,0.010440466734938432,0.09432000604547196,0.08938359916018934,0.02345339371888117,0.013649603051993421,0.022357987976122644,0.05863731589692771,0.043551576299958226,0.03780734760228664,0.009201011258764203
0.01705499661952292,0.022984469049464117,0.024839241557863597,0.009191875873363963,0.00923366645106548,0.010108022010455141,0.00759663164161248,0.009920207801501171,0.028889076850910057,0.0031289047674489708,0.021251487452245442,0.014827652994825195,0.01807580583478399,0.020285612629416232,0.002406237447472998,0.013692560392254907,0.02033047586858105,0.01016867674617304,0.006611511452663712,0.013302834257400588,0.024253975503983633,-2.6218420845875617e-05,0.008220746120286148,0.0072727002605762646,0.011064868466599513,0.013426993364513178,0.007921835306911224,0.012761163466270839,0.017462948176487133,0.018780830101020284,0.016548678827260972,0.02250181181243201,0.005482112655380772,0.011829655944281424,0.003867374455670169,0.021819787814556003,0.018257715185535404,0.019205043353889544,0.008440446346627477,0.007833301598278804,0.025818266683906712,0.013482625996072426,0.02042106427104892,0.0033628424094149824,0.013543967446871853,0.0117959531034933,0.012130786762162728,0.02272980779741884,0.011562435528905176,0.019892923523143594,0.007857547918047244,-0.002335939633211882,0.03548382358565625,0.020845068189044604,0.014401275928097952,0.01296235696420046,0.021252301682230367,0.025489961563230166,0.04327365365309782,0.016215049102678243
-0.0025121000329117794,0.054433342725208986,0.03374132380150935,0.005177434780346909,0.01308031945875967,0.007849733615919138,0.03043365723100233,0.015745873680088535,0.0031289047674489708,0.3956523452617769,0.022162735215799534,0.021978208316579245,0.011771748128969329,0.0009469039485711444,0.0054923554178878545,0.03289738454898305,0.019357645135375252,0.009602803803261952,0.010588944654265773,-0.0029901983229432888,0.028805412854358177,0.021174957323941004,0.007638365821296261,0.018011774160633015,0.04182771690299301,0.007854070789813828,0.006000583750154884,-0.025572175069770102,0.02492324446108847,0.06411616435400233,-0.010226616190238005,0.011424286928674187,0.012470313442793153,0.0076002455137968465,0.004293431246410653,0.014676281667432532,0.017058723635442176,0.04317183812700196,0.0007448978405502388,0.002273554706105739,0.032759943633115185,0.03350600649896358,0.029153722265786868,0.07915256602420308,0.03167035370741013,0.009195164025537963,0.03143195494817206,0.047235409164644075,0.005273053666439473,0.010230643333919334,0.01826924616948758,0.027863876296740597,0.20210617498983868,0.013979151724881523,0.021443766064984385,0.007741956923114067,0.042865908896815144,0.030664739008202272,0.14306276779530086,0.0025945534142440894
0.03698125740584322,0.06808880833287206,0.0704318557371437,0.025388123932331762,0.012228955644971402,0.03812196979821014,0.011383423487152568,-0.005955064951788943,0.021251487452245442,0.022162735215799534,0.22040386761117814,0.04604375802574407,0.05354365260711918,0.05246572165636712,0.006117684857180313,0.05170691191650263,0.05011662829464942,0.03927911253506989,0.005456810679505128,0.03535817386656823,0.06704633620360678,0.013462577322482645,0.024533550849782426,0.02309054763761488,0.07354633941681689,0.01957084954435363,0.01913826337593635,0.006835401696618504,0.02978122989677496,0.07450966458799486,0.034114988320572984,0.06481410573627633,0.020487656650912678,0.028272098233906428,0.002725959310336879,0.05112986649360932,0.0275904156075084,0.07269192169098963,0.02468862072845281,-0.007748847019776542,0.04939061759522937,0.04064324635140937,0.07551689347940534,0.0031664658445396277,0.036754331602068924,0.015423520400046293,0.03589020522920861,0.07964474211770059,0.03776940711693572,0.04716784065090199,0.022623503996692555,0.03903581283155998,0.16684715287829965,0.05632243764494096,0.03753226954443706,0.02426883360194918,0.07969176609056139,0.060235957332140676,0.10306233908544304,0.056584321599634356
0.025933691626978034,0.036126080850354826,0.04951956262825654,0.014619916626950327,0.005264690067021915,0.020809753265959692,0.008801966337849994,0.019390579069499526,0.014827652994825195,0.021978208316579245,0.04604375802574407,0.12140792301632314,0.03610996432570169,0.03256817067021253,7.258946478236841e-05,0.04005877132522831,0.04251960998541981,0.05313886589446278,0.007866992233735713,0.03187626735927011,0.04515143914622898,0.00287086762870732,0.017400529291255004,0.011020404325442539,0.03921910699341421,0.02696451754415143,0.019200759089412454,0.003888413738730526,0.014837562578744955,0.05179755629307393,0.010532927333074855,0.03816024688412166,0.007739578139676449,0.018250271329566355,0.0049820001165729886,0.04220735129092907,0.022497198762358773,0.05630690354753723,0.01287722132550234,1.934553542567288e-06,0.0459288048435676,0.030308564424158226,0.05443907463015446,-0.004247287882876734,0.021513416417654998,0.009919456895241216,0.01744537172590868,0.050629586473451074,0.01353691774653475,0.03986371296947526,0.012018156772494437,0.001285979784552216,0.07813969264498367,0.038321472848624936,0.018247695936211207,0.013527636880897304,0.0771899171443388,0.044189534543895556,0.03995626990583391,0.02151229059010243
0.019371007800318894,0.031305590541230326,0.05243806442090955,0.01585400673744037,0.009393386636681135,0.019460457651248736,0.021120574945593884,0.00041053842409005377,0.01807580583478399,0.011771748128969329,0.05354365260711918,0.03610996432570169,0.2023694069750586,0.05137009681700082,0.0038247831386920513,0.027091141035330446,0.026436674921437534,0.03745061642933668,0.005270595633558371,0.028206883364693354,0.05826867809763771,0.008080199645903528,0.011874135659255217,0.014510331409628551,0.05627162553042188,0.029778943544971653,0.020173763613551433,0.015533703339020575,0.012035835875393286,0.0342772428022039,0.01762402038388846,0.042288527006677616,0.007996377069438646,0.029379839046311435,0.00047216437548813756,0.0402660060562522,0.0273514101349588,0.036552680265888884,0.007423036266721138,0.0021663792340124444,0.04544210977976023,0.027514870543700245,0.051618937503335904,-0.009494303156157756,0.02974670683255651,0.021567938629167303,0.027861813518530534,0.04158817271995569,0.022658365403400983,0.03428695592504096,-0.00124998925582395,0.006926819001897224,0.07481365301571964,0.0365644392453024,0.029770957485571767,0.019387967745073852,0.015229885915062682,0.060591070821075156,0.05020057596429314,0.0404314185374983
0.03106718983490831,0.0701139323544078,0.07224279239747444,0.01743649193319522,0.027325205304558092,0.026398060535896672,0.06867568162046886,-0.010762558833889217,0.020285612629416232,0.0009469039485711444,0.05246572165636712,0.03256817067021253,0.05137009681700082,0.236443803878614,0.0065199936656479465,0.030995021424045133,0.05094327227469663,0.04958560978960294,0.005084860123196803,0.024527942545778204,0.05233196984804506,0.011400317797749783,0.02086075908992356,0.015564023661456561,0.05545611812834161,0.016735778570708473,0.01886129393795757,0.028361902610255244,0.037211732964516415,0.05489017275872317,0.04034919437510303,0.04125478472489665,0.01572220325901585,0.027727803332756568,0.0006873872624640409,0.04533343497659659,0.015334351899211939,0.06669359811443823,0.02144580031727024,0.008929721055430516,0.06119010272731419,0.03711556883437804,0.05006767189813547,0.0400515902387059,0.03565841768964641,0.02646368452196808,0.014545031686558107,0.07351381203840592,0.01567088364407974,0.045132924590036136,0.022826371686670406,0.008581353171260485,0.10668335129357114,0.04601250215627033,0.033370772751741266,0.021930050911516074,0.0842099354425589,0.03865540813511777,0.13943439880870825,0.02753310375326976
0.005321303353211278,0.0032751564703091688,0.005987836930560086,0.00018012443727142795,0.0019515915639590341,0.005090143918253063,0.0024567157621655927,-0.018138010375190704,0.002406237447472998,0.0054923554178878545,0.006117684857180313,7.258946478236841e-05,0.0038247831386920513,0.0065199936656479465,0.013871436005141742,0.013627768605685209,0.004319686579896375,0.002924752886003689,0.0016914530339223008,0.004253993486463516,0.006924748220437559,0.002744017206690121,-0.0015116033450954499,0.0041568876980898894,0.006474170084106582,0.0012320365281189105,0.0010039133059151874,0.013060494702258448,0.0013435827468797454,0.009579740110295807,0.0003783723048965562,0.0034390139729277287,0.0020208268946150976,0.0011120999829207828,-0.0007647891510188512,0.00582226177525926,0.004015905122256377,0.003908621198758853,0.0008648294122964721,0.001001909646706287,0.003658631983642158,0.0032884703017289738,0.0030758875565495007,0.0029097333900487397,0.0011810335344725636,0.0027491163872301375,0.0010091595906783612,0.009543524159766125,0.0025077163603173043,0.00253973412490295,0.0037323023645436898,0.005230135394370004,0.005382991530155597,0.006193374628290937,0.005898086278550884,5.91101728051468e-05,0.01113217929917961,0.0008771131146779977,-0.01371827736265856,0.0037270948420592936
0.028247524689449504,0.034082126464905195,0.06329912432563563,0.02288629149457192,0.007577173471605077,0.042387704243167144,0.009966640139856117,-0.003063726847655067,0.013692560392254907,0.03289738454898305,0.05170691191650263,0.04005877132522831,0.027091141035330446,0.030995021424045133,0.013627768605685209,0.26666267253315307,0.04619601830574939,0.023579793153388984,0.016054382246909932,0.03774720889937984,0.04786504860159056,0.002256828591827139,0.02220637413136192,0.023064377278951432,0.03978805076301945,0.01604383975228137,0.022111025948990188,0.03536020531651468,0.021591264101547776,0.060811173518722096,0.025281860144206456,0.04627046864474131,0.02639430182936354,0.024012194582386563,0.0028305605471229305,0.055315568700452636,0.0066817713993427815,0.03820307751732828,0.016066030325596496,0.007231883310911436,0.01846359856023862,0.04260378768991696,0.0706940914591963,0.016924650087182563,0.027955009875850072,0.03041526615256537,0.01623836514100935,0.050744664367731965,0.02250143600221773,0.051904027326280466,0.031243743018127282,-0.0006057051121661195,0.06579205094965805,0.03096700619155833,0.04059194119225061,0.009142365982767476,0.13123330407430756,0.04003190409608495,0.05512462171062796,0.02240324652204108
0.054535588713255895,0.058657156952160346,0.07111590543512035,0.016625827061121163,0.0051837883328130704,0.025994516010555028,0.029548321823385057,0.020796014011462083,0.02033047586858105,0.019357645135375252,0.05011662829464942,0.04251960998541981,0.026436674921437534,0.05094327227469663,0.004319686579896375,0.04619601830574939,0.27386190280936057,0.03329558431680693,0.012388510661109785,0.027469497902883663,0.03900663782329348,0.01330548450830157,0.01918611496856,0.010637006544959958,0.1024683440662062,0.019394426548291467,0.029600566937096152,-0.020023957989047058,0.02342545600600283,0.06325497410795826,0.03545011467349655,0.06080084341262152,0.02495817825418948,0.02269770110471705,-0.0007877389941391622,0.043484091314095634,0.022851481364272792,0.057297510196599656,0.018319905298478403,0.00858023783824269,0.06997997636162519,0.05741742923049405,0.059359787661373564,0.01249564427245846,0.024455593309314405,0.020885935219324994,0.008322189531341739,0.05888520362998522,0.025365908834432373,0.03199354037175347,0.03459707276221692,0.039370577696446245,0.11090683552128149,0.005932363695614349,0.03996546713222107,0.015518230059835977,0.09755586345178563,0.03860217610669878,0.07590308515647083,0.03716648604173827
0.032223805187611365,0.037204759564119505,0.04216910291722061,0.01520784577285179,0.016421698104605552,0.015042331586240491,0.04401227607593861,-0.004986070800560431,0.01016867674617304,0.009602803803261952,0.03927911253506989,0.05313886589446278,0.03745061642933668,0.04958560978960294,0.002924752886003689,0.023579793153388984,0.03329558431680693,0.21114154948049163,0.018845120876177183,0.023853025625150497,0.03761836364739275,0.007486983587785646,0.017001656797608223,0.01373453573940064,0.031195836070801983,0.025847541447321678,0.01425888982407953,0.03424865633281413,0.028084768782654857,0.031785892995969026,0.018757929032380688,0.028521814832066228,0.0090240459408648,0.01731241480987941,0.006682697881864442,0.023783867972751015,0.02262129862171155,0.04840538518136227,0.012067400548929155,0.01732634433336741,0.03490483071959061,0.02704800921140914,0.04059836560923343,0.023893986860362957,0.022975008327269737,0.0180096475710139,0.01647470625928558,0.05450799197910268,0.01774016163881898,0.020862860660905105,0.018259762179495792,-0.028919081829333258,0.08139792681119344,0.022456601781409333,0.028398155736112856,0.011995470559589532,0.08930074007702975,0.04239799749187276,0.060044102158626815,0.02109103871009533
0.027220377971679147,0.003463499442994298,0.005816786592850359,0.014296946008605002,0.01646776193390246,0.0028585344791863636,-0.007381588327767043,0.010816505676442094,0.006611511452663712,0.010588944654265773,0.005456810679505128,0.007866992233735713,0.005270595633558371,0.005084860123196803,0.0016914530339223008,0.016054382246909932,0.012388510661109785,0.018845120876177183,0.0633277866404236,0.008648811884730816,0.009238612644379885,0.0018828386685195487,0.013754893327397542,0.00266229639506604,0.015018331434086683,0.007209001401692015,0.0033100541406981187,0.00943682965068723,0.00020765993143865465,0.00776514801876875,0.014515865410803358,0.017848119201255983,0.005606339759251496,0.012750796251266372,0.00452295627582129,0.015368372335055436,0.009193360000297471,0.026798736494848503,0.0069536373477403005,0.031390548357064785,0.02246526694358882,0.015472285729141394,0.01592432485836099,0.0032867826463177726,0.025423157425594613,0.027000681693397754,0.009229861267175399,-0.0064630531673526125,0.009610270789160808,0.01625938385840779,0.011081600422183337,0.004409528786914378,0.021471216969748366,0.005689550185576986,0.01459745591768445,0.014503798053779047,0.02770954822780392,0.024829208841049905,-0.009764545285279853,0.012109168011607935
0.03069383371594567,0.02602944011290804,0.03279559194191782,0.010691046038338644,0.007547224253474926,0.015217633431530873,0.019118329449115384,0.009083827551822597,0.013302834257400588,-0.0029901983229432888,0.03535817386656823,0.03187626735927011,0.028206883364693354,0.024527942545778204,0.004253993486463516,0.03774720889937984,0.027469497902883663,0.023853025625150497,0.008648811884730816,0.06179203775757832,0.02310702397769124,0.002803984057659301,0.012227797340228351,0.010115582611907457,0.027365035527502433,0.01563174252711631,0.01470084903307991,0.016038594022215674,0.005165329855829318,0.028771842668878,0.018612803282668157,0.02786024689973199,0.011302782322067632,0.018151041007956305,0.0027473668857971784,0.03158947524496653,0.006698084750895471,0.02934330952005682,0.010290011231646233,0.006627950729321686,0.025085515028409437,0.02108463700247521,0.04054521401607899,0.0033562515098969703,0.018844031218792343,0.012664225705176512,0.01588500798587801,0.0262397068016209,0.012654962874802325,0.024653686713959733,0.008149082864324888,0.004780117625087848,0.07513068683008303,0.021392345656511675,0.018587950556696292,0.016922208541644175,0.048647465105497514,0.028012036295830114,0.04536716195456508,0.030443690107634286
0.02404448084647747,0.04549510801656386,0.06483261757784654,0.02837904134110145,0.026080989396145785,0.026083022774590167,0.04360454409378366,0.03487869655573248,0.024253975503983633,0.028805412854358177,0.06704633620360678,0.04515143914622898,0.05826867809763771,0.05233196984804506,0.006924748220437559,0.04786504860159056,0.03900663782329348,0.03761836364739275,0.009238612644379885,0.02310702397769124,0.153994618489536,0.02456923889055006,0.012705291942325617,0.03018841970634475,0.043253354793798736,0.024794241831755715,0.02159575028417772,0.05133049985965445,0.051106813472771954,0.06230590833593213,0.035762723037582725,0.032889455557508544,0.013020190461851057,0.02633069634657662,0.010318533709782874,0.045313093340654434,0.026571383521800915,0.07616851117178301,0.019822180314332437,0.008090821157230477,0.06734210956289359,0.0347529573093811,0.041666407842123304,0.028422370047351188,0.02505085674932583,0.028673612640757656,0.028218178706598224,0.09144458644388205,0.029334391214184245,0.040547339294849785,0.01895901995930936,0.0038925469971210517,0.10688813257986327,0.05722816761115274,0.037392109052539514,0.024083767999583332,0.06821531936989116,0.06694020776160389,0.1732443898579999,0.04649081648880724
0.01742973840389857,0.01880760464127827,0.02305763084633224,0.007928228736665804,0.007863330832260314,0.0030440831433287685,0.01245186278968021,0.019325300658794512,-2.6218420845875617e-05,0.021174957323941004,0.013462577322482645,0.00287086762870732,0.008080199645903528,0.011400317797749783,0.002744017206690121,0.002256828591827139,0.01330548450830157,0.007486983587785646,0.0018828386685195487,0.002803984057659301,0.02456923889055006,0.1468300774715356,0.010874710322488438,0.013362785561779384,0.01356708736947907,0.008970327522967798,0.011806859114512899,-0.03409692450022506,0.01510103026515343,0.019539580110487897,0.013436532284224142,0.03243700742246992,0.006398621501928565,0.0009610822608033775,-6.401903631651003e-05,0.028801276915319033,-0.0039555201071249735,0.0209189572976839,0.0091809917294283,-0.0006222818340939247,0.01812359532952401,0.02181489961962197,0.00041576999575124456,0.02708735970953421,-0.004052229440742211,0.004323509486685672,0.0022241100786776604,0.028140527429443882,-0.0008545131352398838,0.018539969346410095,0.00986376968366209,0.05992869364852095,0.07748609480047164,0.01431893788799465,0.019106355987390012,0.005237663051279304,0.034044395505401275,0.01256923276860702,0.1286204979031214,0.012066381562557666
0.023474427635562088,0.022377818694170003,0.024601522232045966,0.010754194812358954,0.009853414201151043,0.009686367901068187,-0.005330707259208434,0.018716564743708315,0.008220746120286148,0.007638365821296261,0.024533550849782426,0.017400529291255004,0.011874135659255217,0.02086075908992356,-0.0015116033450954499,0.02220637413136192,0.01918611496856,0.017001656797608223,0.013754893327397542,0.012227797340228351,0.012705291942325617,0.010874710322488438,0.03925592376284282,0.007594963408614975,0.024371488131821304,0.013578371533066756,0.008216221690320193,0.01700995712537773,0.0033038662940433313,0.021976578738483965,0.014847605851784707,0.023852256004048965,0.015112599837706577,0.01710233031198197,0.003944317050812918,0.017116184163370046,0.008483859066866346,0.031255682903734636,0.006916466858266903,0.010357240198541104,0.022158915203639898,0.03183940184463922,0.03046025913060339,0.01233286423574861,0.008990290357467337,0.014719914131899456,0.011594478821610441,0.015419591898804437,0.00875975021872562,0.018756974033664053,0.012106853884562677,0.022171514773328672,0.03799721136654197,0.01248251477507433,0.01939049386159564,0.015812668682763268,0.03044273911451587,0.017341944989069293,0.0060860003173303385,0.015508837303491991
0.0149548334770964,0.021669127090440148,0.02890684340388162,0.011885164313128482,0.007468331940420453,0.015708071167649853,0.015317964667034325,0.011335081055604511,0.0072727002605762646,0.018011774160633015,0.02309054763761488,0.011020404325442539,0.014510331409628551,0.015564023661456561,0.0041568876980898894,0.023064377278951432,0.010637006544959958,0.01373453573940064,0.00266229639506604,0.010115582611907457,0.03018841970634475,0.013362785561779384,0.007594963408614975,0.03344343773128072,0.015453085073190672,0.009492029360538863,0.001305546494816033,0.0063825217413943786,0.014989258215536518,0.042074855879029045,0.004693993739514202,0.015742230849603255,0.00483308407803759,0.007468864120758869,0.004710485559668239,0.019060929376706323,0.002947775887716905,0.021505034797066835,0.004804217707070306,0.0031120730300436177,0.026687216267608733,0.014294580394829956,0.01853360592417442,0.016919723819400143,0.010379445424785702,0.009433403635085286,0.018815879085626833,0.027849614087669665,0.008100946668924964,0.017657903029088855,0.008728216583475926,0.002982916088126724,0.056745444210042816,0.01737529201932216,0.015313856057987891,0.008464300147004155,0.027026384584241718,0.01997636759111039,0.07091401342068175,0.01768298305462391
0.06380173641252221,0.04832816972711364,0.0541564437798963,0.01347703258249097,0.0077220203768049575,0.025909322615456403,0.008722975977893902,-0.001272281942837653,0.011064868466599513,0.04182771690299301,0.07354633941681689,0.03921910699341421,0.05627162553042188,0.05545611812834161,0.006474170084106582,0.03978805076301945,0.1024683440662062,0.031195836070801983,0.015018331434086683,0.027365035527502433,0.043253354793798736,0.01356708736947907,0.024371488131821304,0.015453085073190672,0.2232958457733323,0.021384911564862177,0.02809762837981832,-0.044959142833991744,0.007811651635261994,0.09493487517366832,0.04585608397489973,0.06897304251585788,0.029127300922483317,0.027700324992150294,-0.004649415145299496,0.044241156675424276,0.0244572957964466,0.08110462209159452,0.020468352892738635,0.009887687169452652,0.06862581978537596,0.05577108317401166,0.08609787224396474,0.0364427341159327,0.024064116695981082,0.014308672115599975,0.03801707263357233,0.05982029208973817,0.028200177190927073,0.03742741786892015,0.02056223418008193,0.10660555553464049,0.07187482195928785,0.044450503180708735,0.03792360825372108,0.01286584966091549,0.08990677628958395,0.05623888024316785,0.04998280922752837,0.035022414104605874
0.021792431079533332,0.011028519216675511,0.029285314509357514,0.012320850674413132,0.00899226146798017,0.014934076502397295,-0.0023176131338471457,0.01747055403229733,0.013426993364513178,0.007854070789813828,0.01957084954435363,0.02696451754415143,0.029778943544971653,0.016735778570708473,0.0012320365281189105,0.01604383975228137,0.019394426548291467,0.025847541447321678,0.007209001401692015,0.01563174252711631,0.024794241831755715,0.008970327522967798,0.013578371533066756,0.009492029360538863,0.021384911564862177,0.05382705545066083,0.01316805283957315,0.005907679168693858,0.016954054174585783,0.010532891392012193,0.011418102574563768,0.024801242888263953,0.011604726897581448,0.015189187380638089,0.003802061912218939,0.026639338902967425,0.006257358104701923,0.009335421233625948,0.004410545198206355,0.00687699561306838,0.02376907996739489,0.020259903067280892,0.023715306180741663,0.0009017764610570282,0.013920048562609106,0.016209142779710205,0.01593428555068822,0.02151428749435905,0.0072682926146433145,0.02189751728008278,0.010210683786597159,0.026827935490463486,0.03203480668448726,0.030669417884212423,0.021424687087533534,0.011788029800316105,0.03380452991548834,0.02585583558585756,0.0503399733705961,0.02217337285515123
0.013023291812661097,0.022962050507942672,0.02264967047932094,0.01244855167187568,0.0054471427720423965,0.01358535016820054,-0.013593672891520763,0.008519671309323308,0.007921835306911224,0.006000583750154884,0.01913826337593635,0.019200759089412454,0.020173763613551433,0.01886129393795757,0.0010039133059151874,0.022111025948990188,0.029600566937096152,0.01425888982407953,0.0033100541406981187,0.01470084903307991,0.02159575028417772,0.011806859114512899,0.008216221690320193,0.001305546494816033,0.02809762837981832,0.01316805283957315,0.048401731243600664,0.010017320768350683,0.008928572602963643,0.0192577129936773,0.012164143864916356,0.02144449657211067,0.003060579796965967,0.014378838141130132,-0.0003953525967286801,0.02540554416428887,0.008296872991108189,0.017207227444609556,0.007057071080431616,-0.0001385576212040513,0.025443689403931335,0.015902564817965845,0.021363448746842217,-0.002510856640097905,0.009159992737837134,0.010113237020355976,0.0033634519015919104,0.029894399679487614,0.014832384928803653,0.022000711395839933,0.010213461494399364,0.006552371366684458,0.047705410037415914,0.016011270406773394,0.01253143927171677,0.008426275764909917,0.04312381158019843,0.024362534211087562,0.021900919353649427,0.019683905433032587
0.0005007049274918355,0.035906344549674625,0.024918191473242545,-0.011845715372049676,0.018800650996340686,0.02276579522288958,-0.12086679200359778,-0.04253283593425959,0.012761163466270839,-0.025572175069770102,0.006835401696618504,0.003888413738730526,0.015533703339020575,0.028361902610255244,0.013060494702258448,0.03536020531651468,-0.020023957989047058,0.03424865633281413,0.00943682965068723,0.016038594022215674,0.05133049985965445,-0.03409692450022506,0.01700995712537773,0.0063825217413943786,-0.044959142833991744,0.005907679168693858,0.010017320768350683,1.7151334466260924,0.009798758126354562,0.02990742687682442,-0.0022282733443011855,-0.012332312124962568,-0.003769259261214951,0.016489129112067572,0.011904383542384565,-0.001790682176380818,0.0781062776590373,0.042310776250888985,0.0017128315203401082,-0.00408530220757117,-0.00820461960568059,-0.0022780071846490086,-0.10827199531103426,-0.03263583282659132,0.016033163332037508,-0.007131253880595883,0.007007579702310683,-0.04050119217204683,0.005311738831784471,-0.006066282327042568,0.007277238569761017,-0.11891286168407245,0.10954311993229568,0.021271727828494874,0.029710854777575457,0.014465495725363056,0.0006502166415328029,0.07352631972367407,0.04965167255895425,0.05294247422982317
0.011468694665175668,0.03171486985137971,0.04856766706536666,0.008780995372519314,0.004507487763040472,0.018358979466486472,0.027466055361472383,0.018271515557904374,0.017462948176487133,0.02492324446108847,0.02978122989677496,0.014837562578744955,0.012035835875393286,0.037211732964516415,0.0013435827468797454,0.021591264101547776,0.02342545600600283,0.028084768782654857,0.00020765993143865465,0.005165329855829318,0.051106813472771954,0.01510103026515343,0.0033038662940433313,0.014989258215536518,0.007811651635261994,0.016954054174585783,0.008928572602963643,0.009798758126354562,0.17624900589425885,0.046508326169154776,0.020674196575682122,0.02037467758099389,-0.002994752841122936,0.0038048915585172875,0.003047488114251481,0.027173297669850514,0.02031945469181621,0.03372016549028961,0.0010668199371495234,-0.00292965367947422,0.011096141331063573,0.015265288308780134,-0.018097394886370365,0.03467418134497499,0.015568644021369631,0.013319293878939247,0.010912156406871331,0.05928133069457688,0.009818146641328906,0.03202124689833557,0.014590359560974611,-0.009013125379966456,0.09268063734461277,0.034805677213210845,0.016216972993919096,0.012016724368597902,0.028323710002175134,0.037430726457658194,0.17016173790455086,0.023346725470615566
0.047175947463533444,0.09564844849816463,0.07135136393840986,0.02855838424354846,0.007781936520716419,0.027670815234969285,0.0016978863221234705,0.02545194899234214,0.018780830101020284,0.06411616435400233,0.07450966458799486,0.05179755629307393,0.0342772428022039,0.05489017275872317,0.009579740110295807,0.060811173518722096,0.06325497410795826,0.031785892995969026,0.00776514801876875,0.028771842668878,0.06230590833593213,0.019539580110487897,0.021976578738483965,0.042074855879029045,0.09493487517366832,0.010532891392012193,0.0192577129936773,0.02990742687682442,0.046508326169154776,0.7725810943531044,0.03997707874371819,0.06402977221590152,0.020574112051992947,0.024039261105909603,0.007578370598409352,0.05336830321034606,-0.04420729969120283,0.06925203798450531,0.019888114298408303,0.004049929434670616,0.07242490071751383,0.02788545319399595,0.031207153191234478,0.03306698264180069,0.016253072492538437,0.024566216725442153,0.034456273816227255,0.11296631860225326,0.012761078160323706,0.05883541907899792,0.013955779591189392,0.11823804805321061,0.20365780801251424,0.049240591363813264,0.032379305519652166,0.005405332978785024,0.10020734861840296,0.03951777271917772,0.16174569021483604,0.05002087981924171
0.032261354569864745,0.02808887158288309,0.04458187112130035,0.008825033471904595,0.006405892585311105,0.015724517784411928,0.028026457284836655,0.01159660212968477,0.016548678827260972,-0.010226616190238005,0.034114988320572984,0.010532927333074855,0.01762402038388846,0.04034919437510303,0.0003783723048965562,0.025281860144206456,0.03545011467349655,0.018757929032380688,0.014515865410803358,0.018612803282668157,0.035762723037582725,0.013436532284224142,0.014847605851784707,0.004693993739514202,0.04585608397489973,0.011418102574563768,0.012164143864916356,-0.0022282733443011855,0.020674196575682122,0.03997707874371819,0.11120538393914434,0.03706133406533198,0.01625299625840304,0.018731970684794777,0.0008684096914783754,0.026917790540389338,0.02327692572044303,0.02038993568847351,0.02030071571920211,0.017549707056060387,0.041217938730720834,0.03427001299087398,0.03735975823499589,0.02198225502027679,0.02133415570034161,0.010968807643274549,0.01633316758688369,0.04481016937084255,0.013825243733514578,0.026828913385368868,0.013605143998339021,0.03247298548807643,0.03299745860779446,0.03325698030813705,0.024350539535592363,0.012448785915545102,0.05238142743307691,0.031180779854451026,0.11398349630884781,0.026024171401791352
0.07026518060561157,0.0993343372506928,0.06507591302739694,0.008294786303752345,0.005752205483840037,0.028423985492528142,0.0017279553721925378,0.019870612547618263,0.02250181181243201,0.011424286928674187,0.06481410573627633,0.03816024688412166,0.042288527006677616,0.04125478472489665,0.0034390139729277287,0.04627046864474131,0.06080084341262152,0.028521814832066228,0.017848119201255983,0.02786024689973199,0.032889455557508544,0.03243700742246992,0.023852256004048965,0.015742230849603255,0.06897304251585788,0.024801242888263953,0.02144449657211067,-0.012332312124962568,0.02037467758099389,0.06402977221590152,0.03706133406533198,0.1935023922459608,0.029569192894722977,0.02789205832978412,-0.0019876095928121453,0.03769433725930347,0.011776748487495797,0.03357796328594003,0.01672230923452966,0.001955325872801563,0.07101425101393957,0.04121226697658548,0.0527157340912788,0.024890987519461626,0.019197876689599762,0.012760482954932683,0.01911094879332137,0.030819355944308572,0.022162081560074764,0.04010345016226659,0.021326900272279542,0.02858666807694624,0.1685831780742519,0.04640700741165828,0.035097721714710255,0.00926284175111891,0.07175329917265126,0.044004706040753676,0.10232801517667363,0.0332067982171525
