0.1620306241697441,0.01726546911184862,0.01721068691477799,0.028876076137313706,-0.0010806256101314159,0.043025142269376745,0.03338063466795827,0.023129463577335328,0.013270197860533208,0.01916369373201466,0.0154462234819431,0.012720935361908253,0.011094596593097899,0.01185462344457107,0.015525331985785991,0.01185945624072668,0.011765612163348366,0.00981901837301502,0.033504730718625426,0.013422949174743393,0.02645554401722182,0.01753467628804427,-0.0018409010316244895,0.04733699531254504,0.02460942051661638,0.03476295125667828,-0.12665247869877067,0.027364263305003342,0.017270187619913238,0.013297298776620075,0.02526610901108582,0.03888969819236019,0.04223465758131692,0.006689091889928048,0.031183218019178126,0.0233930651145541,0.01004691903463976,0.020311560497182597,0.022964390318543314,0.04751356757040202,0.024631600005271453,0.005562164089545705,0.03766838272475797,0.01899188817337571,0.01822827489312992,0.03497703371697252,0.02688299932593527,0.022358449282382915,0.02135753878806516,0.013609637752686659,0.0304468475892209,0.022847691909276404,0.025255311509123798,0.026302322504173605,0.00985053100287708,0.014578443276875927,0.006344489670941021,0.03230726078685013,0.011500320431917854,0.014499102554299865,0.030690537449033356,0.0077330066409460755,0.04229943985529933,0.018054992090188134,0.033444484485543845,0.02198590855705004,0.01432696155602446,0.02721282704174708,0.015036252201118495,0.013714287780605329
0.01726546911184862,0.04331608851417493,0.019289785445611298,0.01626866547852969,0.02464393338212246,0.03457439104619969,0.016968820451609693,0.01202205257789613,0.0220074699466862,0.021081546975928872,0.017107687298472448,0.01238285835113293,0.0042211561755272535,0.010207935930093663,0.016930610736897365,0.010870780846070818,0.00819943495465536,0.03378692396505599,0.013063983823419502,0.012965621161356336,0.017814374326482835,0.019865580780343527,0.01886533594819777,0.0203616377341186,0.03528006963354267,0.018675827547610203,0.034275835176542764,0.027550440136791882,0.01846010256006808,0.012661398314287522,0.024529218258808463,0.014709443864883773,0.03360803311763997,0.022403592379021946,0.024749105551334222,0.017619234821008516,0.0028258616288067097,0.007948517880170982,0.015744659114616817,0.031744179328025084,0.021403542234226497,0.0038317434941008864,0.0264261876172323,0.01791966395003896,0.010565126708259955,0.015388688719356522,0.02135354158070308,0.014401546763020596,0.026744486098541253,0.011713452563477535,0.020602013661885982,0.022173034981590022,0.017799104121287386,0.019156714887417367,0.011692910518550101,0.01629313334699875,0.004100422374955414,0.026013961522419107,0.013125726235271465,0.017256784231809503,0.01773957663783024,-0.010761812076469167,0.050348157170997714,0.018634511050142032,0.016326175229220752,0.013792976285023155,0.007512719073978142,0.024854861113265563,0.014780344141397296,0.012255198462684355
0.01721068691477799,0.019289785445611298,0.4865706610236812,0.05154639253308447,0.1326100945546662,0.09622677399651097,0.05459839808867184,0.011952843929371737,0.05079270687285985,0.02406003115983177,0.0272085381209632,0.01518508930213368,-0.015525466766897176,0.0045939636850304945,-0.009609978683517463,0.029433796489891043,-0.0011653307451160947,0.011304586527309101,0.004609659966420589,0.025885143228750365,0.031754460896400695,0.017731316341310144,0.05235608676661173,0.08894284019977508,0.11052920658626376,0.05811268094000998,0.13869498850221793,0.02574930449470057,0.019879938666478403,0.016569409884706204,0.19983587418034857,0.020088937187471317,0.07721997422232703,0.05268426368627574,0.039343133860061254,0.019869321231595072,-0.00571068296887126,0.04913684738327073,0.0453964524154074,0.1635143212587359,0.02590008739698437,0.021455033092050657,0.08881709209841782,0.04323990193823224,0.03692837945591774,0.058170259354288184,0.03049374279299109,0.03914922282475422,0.0030695732084198134,-0.00031542282621472553,0.026050075544371328,0.019381354211007486,0.021917480453550717,0.05567158508989353,0.006324310454248109,0.02180747231503566,-0.0017083499346304514,0.06115289381205596,0.020979655032968475,0.015007904591124572,0.017603507286034534,0.007778794792512909,0.13963698674255035,0.018868551421683206,0.03296137728579093,0.01909117213499753,0.06212303674908419,0.026014282356593428,0.024466242437240677,0.024375296015399818
0.028876076137313706,0.01626866547852969,0.05154639253308447,0.11229497043496747,0.12461026119881703,0.07008068900369964,0.04353983905023715,0.02142352542208369,0.051851595894307254,0.024411267568070424,0.04115937158947749,0.01630862170993122,-0.0037611026605975087,0.011120001872734708,0.010625512784500057,0.020953187168511776,0.007115610615508188,0.06121087135574659,0.04005525316685855,0.0023228939760974363,0.023536117047018263,0.019255841447526897,0.04377986799873835,0.05022005790658443,0.08924431723034486,0.05523006645248241,0.08631212190624185,0.028124797456637367,0.018993940620879578,0.02094639037571224,0.058477462220813486,0.026949651443279342,0.04843810244806653,0.08999629334549955,0.05380231262502458,0.024460789897175303,-0.0021787498276977344,0.015218232795986978,0.03931686959663047,0.046979121832400904,0.043849925623558064,0.017516583108264185,0.07518054958677216,0.03357079138028959,0.025965510166784157,0.06361881521685187,0.029395385317257768,0.05434127166667198,0.05965011244226642,0.008586047937547536,0.0320393477520907,0.037359194401734824,0.05076452535090936,0.03894421557427873,0.016938619660733924,0.01816228976289584,0.0033087033656518322,0.04172047333162183,0.010219187904353996,0.013843250709456904,0.03700590269220155,0.021446882555934195,0.10484235325213603,0.017137968915492026,0.046453163268944136,0.051001504146004996,0.03943776917212456,0.03631161716517015,0.026549787346395293,0.013705598621626845
-0.0010806256101314159,0.02464393338212246,0.1326100945546662,0.12461026119881703,3.3117309832248014,0.21534090378094967,0.0635528675070909,0.010096800238582634,0.14713349231528045,0.06039739720430012,0.10800892861596495,0.01171112740642558,-0.014902919832590249,0.02138989856115595,-0.007195287744304592,0.08301283563562319,-0.057239099334849206,0.35024332681343573,-0.008564286960620247,-0.035712944867080626,0.0197816434422506,0.0077397813472634995,0.22043346306556694,0.018232564989433663,0.9497700980340253,0.14714147488362148,1.0856371168810608,0.03858160692241234,0.018183223375389496,0.02794403438018415,0.018845485561948153,0.01995398255831439,0.06558839151388428,0.9976787279029738,0.20815628688311408,0.01886512120824885,-0.0227998663349843,0.14293458783643231,0.06571359371014307,0.03565455788625664,0.0346556254344696,0.030599155818820632,0.2535506489554936,0.11491625293610837,0.01303290292862463,0.1268702801303095,0.0010565292028065039,0.14829696323656513,0.20442102856425934,-0.02602988528003011,0.022468961931330286,0.07387138135923538,0.20377125376775826,0.0044833759139914124,0.024604251956048363,0.045264253349139597,0.001844397897078054,0.13592090519246036,0.034178537573374294,0.0014361410616250418,0.06960270092770951,0.19801154258089157,0.6125478302340788,0.032980326625389994,0.09894029274003646,0.10151157135499782,0.11723562640644923,0.04351925557110358,0.014420583119547588,0.0914822261784053
0.043025142269376745,0.03457439104619969,0.09622677399651097,0.07008068900369964,0.21534090378094967,0.3915003728240709,0.04332008794406064,0.032857778429039045,0.10263509267809436,0.0530250877651941,0.08237618828874319,0.027702776223202222,0.010675690880788064,0.023517746417343957,0.030160902745532712,0.04347485453694628,0.01598315453273771,0.12134029354168784,0.03728919157248683,0.027331538673394204,0.05199999572475998,0.055480577967008775,0.060389737530822864,0.06708348423253588,0.1912834511283949,0.0620134292558205,0.14266254557233374,0.05263661903157425,0.04779244913363907,0.039907982429669156,0.09223717464384187,0.0679224470418464,0.06895209307091503,0.223561719039083,0.09371220170441201,0.052081942281358054,0.002803378838851297,0.01999779637961603,0.07008164344952492,0.07242186194229852,0.06860457771154585,0.03504681812721516,0.14562432331695419,0.06627980646184035,0.028843141559133156,0.09710173189395156,0.05955802149302895,0.0649657177617404,0.10461312435414573,0.0161637589522267,0.056249727445101816,0.0762043694628104,0.11364412221660161,0.04387589268967879,0.0312628701660762,0.04496855500904392,0.018695021728802944,0.054181785626596764,0.04507713150996269,0.03397381811905703,0.03951176652733695,0.005952129334159916,0.21324805524584187,0.04267908271713683,0.07221017108998297,0.06343037265078796,0.042496475701299746,0.07027602224112678,0.01965396401422519,0.03025902661318795
0.03338063466795827,0.016968820451609693,0.05459839808867184,0.04353983905023715,0.0635528675070909,0.04332008794406064,0.19043717974142416,0.028392865045778936,0.047180284472456785,0.028253116013345913,0.0331050790229953,0.029187632371106737,0.003972847327208991,0.017113980856460584,0.029192222393361233,0.020642687900591542,0.018363739796698853,0.10165411336788413,0.03393449819842623,0.0149421196457174,0.035419025471122675,0.02461779135440428,0.03857700788868692,0.07165349527617142,0.027634752112129762,0.04686228719601682,0.13282827448942744,0.03797739510392904,0.02279565941160763,0.03213300472243229,0.0954347465364661,0.030632043811981754,0.1029682271807573,0.09350272492675564,0.04613914205433474,0.03011344347421517,-0.0013462886435057803,0.013656181547228523,0.03911031163784859,0.07704138460563391,0.051167698749601906,0.014114723123913426,0.07949523793330654,0.052436184690149344,0.029764464224207136,0.05346314141200509,0.04200154273892817,0.057303543932312566,0.05173493624101551,0.016363887636325687,0.03520399410552881,0.03455830704553831,0.0434456022608096,0.04670024821181905,0.01748447072666877,0.02068029151341819,0.009565800718133906,0.05509220681744602,0.023733854742199943,0.030088052240264743,0.046381497101183874,0.012973294668613106,0.1021064034044426,0.023128211134674632,0.04193406383074244,0.028229305347561472,0.04194828340730769,0.033591819779991566,0.05450806813513249,0.010585028376470074
0.023129463577335328,0.01202205257789613,0.011952843929371737,0.02142352542208369,0.010096800238582634,0.032857778429039045,0.028392865045778936,0.10155495737130384,0.026032948037064855,0.02599471213610851,0.009298361830033052,0.013619522788212757,0.007405721175303828,0.010934579096808578,0.017015009200931686,0.008485701119505312,0.01153811144214772,0.03731081819587861,0.011796947647884101,0.004802614072172839,0.024585533958943917,0.02594204063662774,0.0022340301410375195,0.02449235131168116,0.017360956236078657,0.023293041944313083,0.01096225987570816,0.01939564687214049,0.018501937307802502,0.015037535272366492,0.024056168780592916,0.01896103585399511,0.03167795905550618,0.025953850508429986,0.025456503096663807,0.024951709388602826,0.0033186144099676884,0.025082407869485658,0.015156939358634552,0.017151647866335103,0.02196289243377034,0.008604991723209268,0.03441022267884056,0.021084279034202975,0.013843757102111496,0.025851410324349604,0.030471571946464774,0.0311540382214171,0.03287673809075527,0.015347492644465279,0.02259185810541202,0.016470854544918832,0.051165057060515766,0.015258097509082025,0.015847910353688616,0.005451378610402238,0.00325938623650758,0.033663240300891184,0.020180617929345532,0.01114362069654835,0.037100431257887444,-0.0023223066532367825,0.03744391269823431,0.011127010230612732,0.0315930143068428,0.011289120238606573,0.02549398510994844,0.029085898158313764,0.011805468684636573,0.010573338956408624
0.013270197860533208,0.0220074699466862,0.05079270687285985,0.051851595894307254,0.14713349231528045,0.10263509267809436,0.047180284472456785,0.026032948037064855,0.09426096216370278,0.030346024608122524,0.044371409654193915,0.025609733033101243,0.004115832388452434,0.015448067010900774,0.02105469120041875,0.022683435555091724,0.004245713193729499,0.07545763164641814,0.024541142928730147,0.010379673754015712,0.03279780099779677,0.023305881146071065,0.03395985120612702,0.03808788667397171,0.09551478679196923,0.05231317529786438,0.1265177290636141,0.03282695062123628,0.026573849564372577,0.026858302109079153,0.052483241808187885,0.02536141835591472,0.05891904497024885,0.1295788963778795,0.0439302642926537,0.030903777868716297,-0.005551404725531103,0.02514338874136462,0.03983958495170038,0.04931554255064284,0.041103772816690524,0.016542537358608438,0.07934053590727101,0.04122156934963114,0.016520463043564693,0.043335136104183825,0.027585821588688993,0.050990341792334165,0.05358872561517195,0.00961993375970401,0.025288045939070216,0.03970884104399181,0.06702675865939395,0.0327947816004604,0.011418246368474405,0.020759114028086376,0.00517034003299409,0.04465221984377786,0.019841981899276318,0.019849138487957264,0.03744798445448958,0.008166683656139902,0.12875368275981308,0.023780777398437394,0.04218479230392198,0.03572031211841428,0.037184436269910214,0.04495864663997953,0.02543209038603208,0.02120487679110443
0.01916369373201466,0.021081546975928872,0.02406003115983177,0.024411267568070424,0.06039739720430012,0.0530250877651941,0.028253116013345913,0.02599471213610851,0.030346024608122524,0.068233528002489,0.020308963303938724,0.012394774856286449,0.012707316886167398,0.011816490654073175,0.024316364160368906,0.01521407409099581,0.02626663838559791,0.04457837258220899,0.023459497142747497,0.011573058585068385,0.025786748873552777,0.04154434438405417,0.022324718160915087,0.03021569915175848,0.07071897952687031,0.03930870312446501,0.10840774467762622,0.021404803842381772,0.03869809644305642,0.018287408852000715,0.009834828281842572,0.017856307319946897,0.039882358098053274,0.05401127285815022,0.03446656765622075,0.04080875190933318,0.017281979415077035,0.012155304308508433,0.01919139872636044,0.03432211354355176,0.03252764881667509,0.005889952364785401,0.034160362982922375,0.02837490294740755,0.02165721272434117,0.02551872032300684,0.040709868023468966,0.029509929114341624,0.02904114337357484,0.02726142674174467,0.030003717989650534,0.026574787153487264,0.047821679449449914,0.016904314755842597,0.036603511105236686,0.012365075299254845,0.01939101707061322,0.035294161340528485,0.03807590233575128,0.01395829381865148,0.023547104962426676,0.023174784959890237,0.08446608858937138,0.01805061121679967,0.0292587673360657,0.015919162026114403,0.038505159525514095,0.024819641158382682,0.018201544988894064,0.01683512513102554
0.0154462234819431,0.017107687298472448,0.0272085381209632,0.04115937158947749,0.10800892861596495,0.08237618828874319,0.0331050790229953,0.009298361830033052,0.044371409654193915,0.020308963303938724,0.07148844186985877,0.019321784115644666,0.004376296584945109,0.010473829709895185,0.01587091746570638,0.017782875536657854,0.004949612763864113,0.05891539779651338,0.017952876788875322,0.00412151637523791,0.022930336018164597,0.014924751726144308,0.03225649136029933,0.031256034973565175,0.10370167349520004,0.040871379522934195,0.11341639945394134,0.026508697452028912,0.015570296463808772,0.015936547567974305,0.042751078584191186,0.030453645668263484,0.05164807482178437,0.08565758522000423,0.040323892020105494,0.01860111456125781,0.00014587262969326903,0.009864247428526362,0.034536720570753375,0.021603616289266842,0.03645145520357082,0.009165009800589612,0.07238864262216216,0.03463060118542683,0.014600887787088079,0.03582424754951957,0.020866602442832508,0.02347208662732112,0.04532511346402254,0.008631494599801615,0.021743525808463008,0.03120553432401768,0.05078391459978498,0.02227093670981304,0.008715192085035635,0.01711835571120392,0.007313247999947021,0.03331256056728475,0.013357109784349142,0.01614007438896668,0.029161093653534868,0.019702349347612298,0.09271354012385959,0.020911839739018674,0.035427789190481014,0.03811310937138258,0.021970771063948957,0.02950140158819251,0.024587198743119636,0.02114141442360969
0.012720935361908253,0.01238285835113293,0.01518508930213368,0.01630862170993122,0.01171112740642558,0.027702776223202222,0.029187632371106737,0.013619522788212757,0.025609733033101243,0.012394774856286449,0.019321784115644666,0.03326912618776956,0.0008430853368975647,0.010709710461707354,0.017759221740129408,0.01091308120317582,0.006705375078254021,0.03494368949091106,0.013022813039661685,0.007223572607831461,0.015395370305801126,0.009181889255951295,0.007562522236063099,0.02529060568886406,0.03181552053551211,0.026889890061803028,0.0462662757661747,0.01789063372833682,0.010445334554567217,0.011463590967457245,0.019640683007310724,0.018966197699891923,0.03803172829901653,0.021486408122484514,0.022358043740710112,0.011878939922003387,-0.0004485663044739494,0.002036058806598024,0.011922827930541561,0.014029493303114059,0.023889570419276477,0.005847568917307169,0.041534079935389184,0.017887763141792877,0.011731006683804088,0.01430539457575294,0.01242215886048406,0.015393596925218944,0.02000190305191932,0.0069296096220143885,0.016054104110372277,0.021243184436244247,0.025009034284248416,0.01729985111314739,0.0002593340915045827,0.01419757765474347,0.0017830321019709757,0.01595506112300779,0.006601519002075618,0.01423993123972709,0.022097186282686188,0.0007409316131624358,0.03707752251140256,0.016548608621084322,0.019043088184053168,0.015157281900186193,0.010337527673576324,0.022951947095474875,0.017673066213349426,0.009982884018729191
0.011094596593097899,0.0042211561755272535,-0.015525466766897176,-0.0037611026605975087,-0.014902919832590249,0.010675690880788064,0.003972847327208991,0.007405721175303828,0.004115832388452434,0.012707316886167398,0.004376296584945109,0.0008430853368975647,0.04133521764252187,0.003368451208728485,0.012351141349167033,0.003292197930114019,0.014545004289881943,0.00046022873916889127,-0.0016527762954333077,0.01101589427346082,0.0069333681538289865,0.015759196767441586,0.0020188515217779705,0.01391089084071983,-0.003659020485592545,0.004628822122404687,-0.01590936868800772,0.006056769406002311,0.00950934787008044,0.008861086381395194,0.002112109659339424,0.0038453519873876737,0.01771436172395739,-0.006874141999496067,0.005336887842322001,0.00934239449354674,0.01795528499434441,0.003392656314359062,0.008055759304570026,4.674291581207909e-05,0.006696335032619375,0.00010982063470886297,0.001967189286323002,0.0038277220601183235,0.003937322050753751,-0.0013849319600494467,0.010337277671570583,-0.0023230446436246365,-0.013381784363576841,0.014328790050474256,0.009838441630151663,0.009866374216346731,6.978315676115808e-05,0.0069840619610852216,0.012293245843719394,0.005652050857014246,0.016491642992347365,0.010278757471403166,0.015859029863886348,0.0037666719554274456,0.0021250443464860395,0.007342948648170263,-0.004859617436826456,0.004712284393590677,0.01223472084377696,0.007826015432095526,0.003403635554627468,0.0055482472151343965,0.008484691269906322,0.007432041399229261
0.01185462344457107,0.010207935930093663,0.0045939636850304945,0.011120001872734708,0.02138989856115595,0.023517746417343957,0.017113980856460584,0.010934579096808578,0.015448067010900774,0.011816490654073175,0.010473829709895185,0.010709710461707354,0.003368451208728485,0.021159168849689384,0.015350817278379988,0.011736059809863478,0.006580235383256232,0.01992834409949868,0.010909220801726035,0.008288688733432038,0.0115974798106883,0.011489048206313838,0.014530604818736388,0.01643397192933695,0.031213779430276284,0.018568965987411232,0.04040893668403695,0.013800722773833103,0.00991486296686472,0.006490782342795152,0.01344073544417001,0.01402869129119616,0.021610316807212804,0.03715210431293972,0.015975522935569718,0.009797674572706958,0.0025869094654218587,0.005328996577449831,0.012673952108692993,0.016850938357309643,0.011524737732887643,0.004831085204457271,0.02472892267310637,0.010641819429551095,0.006725403983417281,0.013357365308447998,0.013971026146761585,0.015210272978286535,0.02755294057867985,0.008630857569289342,0.013841870375447337,0.014511645448059307,0.015679010334190942,0.014971357998904271,0.005618649083835608,0.01445909094800742,0.004587631645127151,0.01618602103543018,0.010183005662768784,0.010807528829006697,0.010617592160313568,0.0008176169687139252,0.03005967269450107,0.011695665864052806,0.01861919764638875,0.01000351566808312,0.018201372201702808,0.018391820292788956,0.011177092794427424,0.00591848564701421
0.015525331985785991,0.016930610736897365,-0.009609978683517463,0.010625512784500057,-0.007195287744304592,0.030160902745532712,0.029192222393361233,0.017015009200931686,0.02105469120041875,0.024316364160368906,0.01587091746570638,0.017759221740129408,0.012351141349167033,0.015350817278379988,0.058454347659198824,0.009204163214009917,0.020370131600479905,0.04151595572043551,0.018853616876231695,0.010318659194278207,0.0178415943615518,0.0257228368706436,0.002671954501297282,0.029754561535077214,0.02801839767697921,0.029586757419802275,0.03711100038968154,0.01727458296646203,0.022161395265255387,0.016140471025236202,0.009899536154300712,0.019061469858633006,0.03336277353879281,0.007054628764025666,0.0242971895017118,0.02388246226026757,0.011380633741928714,0.005748784949550189,0.013156969818404906,0.01597299884947676,0.021300675740655344,0.003394342538006897,0.026274395429789068,0.015737418609334548,0.011419288138333407,0.01698614879488122,0.026849402474515966,0.015263065240751725,0.018816787880087227,0.02047628178183712,0.02120001057459057,0.022917327307325413,0.022675768176393746,0.02326280422362565,0.021607344354634416,0.017258614563995665,0.0144178759408208,0.020079046975748624,0.026358452698584653,0.017664156828675056,0.018854440278153525,0.008918843307613448,0.05191469931477535,0.01904435854826897,0.01658893253714768,0.01052805701361635,0.03664228504031133,0.018460819886543408,0.015725797572941614,0.012064804678277606
0.01185945624072668,0.010870780846070818,0.029433796489891043,0.020953187168511776,0.08301283563562319,0.04347485453694628,0.020642687900591542,0.008485701119505312,0.022683435555091724,0.01521407409099581,0.017782875536657854,0.01091308120317582,0.003292197930114019,0.011736059809863478,0.009204163214009917,0.06127897362212195,0.008417414752374949,0.03950851988708583,0.002680213232436506,0.010569095347518787,0.015000379275973542,0.022372964955055558,0.019337574128097234,0.02930912150280061,0.05104942143966434,0.026503149017047156,0.074576323169228,0.019783222528785314,0.012135157964763239,0.009460084396035176,0.03166804129028965,0.013790888539223403,0.028331294999800537,0.08816163778339231,0.028842441598611424,0.011870202306022776,0.0008614811139075088,0.010803095434108637,0.013008073802570285,0.011893145260444502,0.017455188765564154,0.008689684270071071,0.049621853535247715,0.017526196586016708,0.011227130010036142,0.010407303388385681,0.020497987583945578,0.02743135268232873,0.04326607890947333,0.00945491029264241,0.018300741801341468,0.02294032848541702,0.042053036436537544,0.015733073059071456,0.010955461012787184,0.02277941159373529,0.00221170723573335,0.03091137227625248,0.012999233332810771,0.015014930274970395,0.009288654924676211,0.0031356925033701097,0.03581228823672214,0.015385655092022625,0.02301864156380844,0.015787068914532368,0.02500667639727548,0.01903008042654455,0.015953447530140046,0.006086696567614584
0.011765612163348366,0.00819943495465536,-0.0011653307451160947,0.007115610615508188,-0.057239099334849206,0.01598315453273771,0.018363739796698853,0.01153811144214772,0.004245713193729499,0.02626663838559791,0.004949612763864113,0.006705375078254021,0.014545004289881943,0.006580235383256232,0.020370131600479905,0.008417414752374949,0.04497427698153467,0.010133595512437756,0.010630700282212479,0.013414648745525705,0.014260547025806996,0.031069026096173232,0.00012391063147346922,0.025080140279398623,-0.003107970360331774,0.011691782348486,-0.008789313196597148,0.010763052785449931,0.02701162876839329,0.013138448582140937,-0.005478874062224435,0.01907693151544158,0.024718449722695674,-0.03008085997001757,0.00915710246728656,0.025774529030263116,0.02018162707758064,-0.0008922267850004134,0.01119112727608504,0.0048810228488037925,0.013124481620570201,-0.004996808840057606,0.003464336289044699,0.008245160200344425,0.011135043777550138,0.005604990691410121,0.030256978729565464,0.00856427170838919,0.0004151746623675763,0.024233690671780377,0.015936457042657347,0.013518770141901323,0.02889056253089733,0.01757966417777698,0.031306427138816394,0.007825831754768016,0.020171037660622542,0.012814112287229494,0.030123121098041467,0.013632942243334941,0.008960098237637453,0.0229225175631256,0.014857743243518866,0.007064030071612636,0.0104406870947947,0.013325193085980507,0.02514586619669133,0.00947807413683167,0.01673425402389607,0.006253554334446899
0.00981901837301502,0.03378692396505599,0.011304586527309101,0.06121087135574659,0.35024332681343573,0.12134029354168784,0.10165411336788413,0.03731081819587861,0.07545763164641814,0.04457837258220899,0.05891539779651338,0.03494368949091106,0.00046022873916889127,0.01992834409949868,0.04151595572043551,0.03950851988708583,0.010133595512437756,0.7734940286617304,0.048399673631358935,0.004949033500416748,0.04654637193042074,0.029026591941845228,0.11037365228172424,0.04726874442618312,0.2753854123198955,0.06542419799616418,0.22252825377128532,0.03335948561634123,0.028471711917341793,0.04856578492501471,0.04777786479438066,0.04201685731641096,0.1343827065834822,0.05603668235635778,0.013286930021850007,0.03721348828763362,-0.010801002037013724,0.04783486566307692,0.03913131806923028,0.031527936626606114,0.07956589690165526,0.01121008899421681,0.15806882999612346,0.05720803091915111,0.01754745406635925,0.08432227377461955,0.04020566684424008,0.10642377804577062,0.15538620443821546,0.01715472322090991,0.023232324257253946,0.027475407516851662,0.08067679752726797,0.06839364679145166,0.03295782393733586,0.03818779919917699,0.006686071532478311,0.07033860600898491,0.03777919475719659,0.01927594950003043,0.08659737828065307,0.01317826971222767,0.20911450379047883,0.026135672247603575,0.06284440003663849,0.048071353717864966,0.05024736596703567,0.03183456020245302,0.05074272151691402,0.02388446402196538
0.033504730718625426,0.013063983823419502,0.004609659966420589,0.04005525316685855,-0.008564286960620247,0.03728919157248683,0.03393449819842623,0.011796947647884101,0.024541142928730147,0.023459497142747497,0.017952876788875322,0.013022813039661685,-0.0016527762954333077,0.010909220801726035,0.018853616876231695,0.002680213232436506,0.010630700282212479,0.048399673631358935,0.11668349733522033,0.012829927189500137,0.01803363663452172,0.019015729383412405,0.010381042633861092,0.03752954251788783,0.08164175147187402,0.033970399291655004,0.025018833283352585,0.01908460056167961,0.020801147328714287,0.01494737689530675,0.034579548871376584,0.027238904667252758,0.04663242553198768,0.029420993617928368,0.02635745749448071,0.022402501625555977,0.0014047809813022135,0.015309923527403662,0.011467631698858546,0.020480883055332515,0.030737087562898474,0.01418155585020374,0.02262206275856389,0.019301597427281814,0.019751160568853565,0.04489902237395207,0.02184833459561248,0.02632397292039081,0.0391637836326194,0.013678766040206085,0.019220827917909168,0.024072933095814233,0.02857599068501427,0.024060408507716086,0.017458966794569594,0.00646263912311892,0.009923803321338761,0.02407154175303755,0.012005172766493962,0.006727267372920884,0.04212927403285808,0.013726315865836015,0.060322552581905525,0.01936584960873712,0.02120284375971682,0.01638721390068241,0.013799066061175558,0.027528168594469802,0.019172707393816667,0.013824763286038075
0.013422949174743393,0.012965621161356336,0.025885143228750365,0.0023228939760974363,-0.035712944867080626,0.027331538673394204,0.0149421196457174,0.004802614072172839,0.010379673754015712,0.011573058585068385,0.00412151637523791,0.007223572607831461,0.01101589427346082,0.008288688733432038,0.010318659194278207,0.010569095347518787,0.013414648745525705,0.004949033500416748,0.012829927189500137,0.05239948999776699,0.012950044410404628,0.017420190592187464,0.008242655856445843,0.029976048061364426,0.00953470230309874,0.011981752336528623,-0.0031970771967948894,0.015983773475884176,0.013664702255785826,0.012077680997261253,0.02549959114264349,0.011997284126295287,0.037959526668807454,0.03650351854579706,0.0209578692137587,0.010732671276723048,0.011590881000643635,0.0018368636773082546,0.013477759469640067,0.02059367006820264,0.004515835152598211,0.0009728986358752498,0.02438633087190926,0.010078480029645745,0.010562091765637707,0.011740088453198466,0.017225634690773803,0.002768030769544088,0.007649962079767179,0.01317244139254214,0.015196167009758824,0.015110085343894611,0.009478420955593661,0.007221675299286929,0.015794176153069717,0.006719154988014195,0.011081956108645787,0.024507439442103457,0.016405324112969907,0.01354774522538063,0.00831429872013303,-0.0058451496961064,0.005911259903032906,0.011763603140470338,0.01130605109897682,0.003393033769302656,0.021221454489578746,0.00849560310198542,0.013410842121105535,0.007939819370761658
0.02645554401722182,0.017814374326482835,0.031754460896400695,0.023536117047018263,0.0197816434422506,0.05199999572475998,0.035419025471122675,0.024585533958943917,0.03279780099779677,0.025786748873552777,0.022930336018164597,0.015395370305801126,0.0069333681538289865,0.0115974798106883,0.0178415943615518,0.015000379275973542,0.014260547025806996,0.04654637193042074,0.01803363663452172,0.012950044410404628,0.04417777982872089,0.021962451794100564,0.019381225594521604,0.03548782245299897,0.03820236689681936,0.03325776850831011,0.044452550513335035,0.02069193693606713,0.022490416446623633,0.019108363849536916,0.03654991472620496,0.024475669380874896,0.04025715791600171,0.060540607258984885,0.02836971945139318,0.02412154762814992,0.005443685473211194,0.010507593744721757,0.024284324316446837,0.036231472382943414,0.027459575274585837,0.005387824217343788,0.04891177909726212,0.027165751092142674,0.017273031940754927,0.03494852287251733,0.024849128065576393,0.02674963321772864,0.03659663160994167,0.015611490642946648,0.022704807790035187,0.026169718203312146,0.03359112824556556,0.024182104737831434,0.013830898796464984,0.015389965703311644,0.0111343684541669,0.04145501416921863,0.020531066432676912,0.016641993254135894,0.025141820737635323,-0.0004227561978146209,0.06038917792405741,0.020047590681206668,0.029593006558197067,0.019202573839328767,0.028331795867948338,0.025383388953745627,0.02104303781236455,0.012967915926602404
0.01753467628804427,0.019865580780343527,0.017731316341310144,0.019255841447526897,0.0077397813472634995,0.055480577967008775,0.02461779135440428,0.02594204063662774,0.023305881146071065,0.04154434438405417,0.014924751726144308,0.009181889255951295,0.015759196767441586,0.011489048206313838,0.0257228368706436,0.022372964955055558,0.031069026096173232,0.029026591941845228,0.019015729383412405,0.017420190592187464,0.021962451794100564,0.07745626729896886,0.009587021844375836,0.04026813771680584,0.033088325384802844,0.029466057048004427,0.03698509103728648,0.023037384472325673,0.03647230682396395,0.017938876658284964,0.013712769253887081,0.01975498875088403,0.03700939801645417,0.005489567241437772,0.02990219386219896,0.03582106150100019,0.01976380897435689,0.019968958149178876,0.018225730719800298,0.014829642443900264,0.023142311677302043,0.00914787593210616,0.03553228657955634,0.019202153937262465,0.021595028415626806,0.018856178519274326,0.0440890171360823,0.024972376972175827,0.03343584972437313,0.028592564079599612,0.02916170531796284,0.03007532908223233,0.0445603683243518,0.03035820999346426,0.03722637969802406,0.015205681473052214,0.020810407123788344,0.02414598389756317,0.04267197549846564,0.015564671056479898,0.0202643860657741,0.006368628060414265,0.05136623790213298,0.0190358842336459,0.0258495712944604,0.014154402146622318,0.04007108284226477,0.02413573142781214,0.01749619657060246,0.008342428328935642
-0.0018409010316244895,0.01886533594819777,0.05235608676661173,0.04377986799873835,0.22043346306556694,0.060389737530822864,0.03857700788868692,0.0022340301410375195,0.03395985120612702,0.022324718160915087,0.03225649136029933,0.007562522236063099,0.0020188515217779705,0.014530604818736388,0.002671954501297282,0.019337574128097234,0.00012391063147346922,0.11037365228172424,0.010381042633861092,0.008242655856445843,0.019381225594521604,0.009587021844375836,0.22777621413011714,0.041453149942866876,0.1341673293658284,0.047383270671209364,0.22711644220262253,0.021707074908055554,0.015251050435276215,0.013992169489546534,0.04807201657939353,0.009500053024979378,0.044867953455213945,0.14498905239424195,0.04548388071840692,0.015921351673492415,0.0013224494034547183,0.006667552876359073,0.016739239924018132,0.05127129441131976,0.030927950766765567,0.019485015144288537,0.0453910973028893,0.03426181901086591,0.004700871128540415,0.04578935364006505,0.023289759527412312,0.05880589551032394,0.06048964102328175,0.00920341695795519,0.007781056708739005,0.02829402441457085,0.07548494452433004,0.04217597690057871,0.018224343638476276,0.02566502465539932,0.019338518979478497,0.05873632721819296,0.016673916607441466,0.016197724175490615,0.026970049244134393,0.031134369622392043,0.12344869080668547,0.010440819683268732,0.042067578310454566,0.031835601835453545,0.038877150891191065,0.014293628230448682,0.02644583266615466,0.0128688037566027
0.04733699531254504,0.0203616377341186,0.08894284019977508,0.05022005790658443,0.018232564989433663,0.06708348423253588,0.07165349527617142,0.02449235131168116,0.03808788667397171,0.03021569915175848,0.031256034973565175,0.02529060568886406,0.01391089084071983,0.01643397192933695,0.029754561535077214,0.02930912150280061,0.025080140279398623,0.04726874442618312,0.03752954251788783,0.029976048061364426,0.03548782245299897,0.04026813771680584,0.041453149942866876,0.2725256442154758,0.03855385686024766,0.06701244346924978,0.07216834834421791,0.024625177976648788,0.03317889991753032,0.03517014120254033,0.11584016530477707,0.046546100878892695,0.10977953228580511,0.005522328571634482,0.07185041006378155,0.03025010006417254,0.015386487782685336,0.02210811883786829,0.05047666257880474,0.08711814080566022,0.049766925085303365,0.009956002308951753,0.059186241009816,0.04994329351642688,0.04542589783167657,0.05401379618586475,0.04339713553467318,0.05292982627750918,0.03614742632068221,0.0262716450425858,0.05320394062188845,0.04872165168782738,0.06324394171121384,0.047001257963979526,0.03219633824211625,0.027029338760920604,0.019163846515690284,0.0664648543417898,0.03646889590647896,0.03612973559298051,0.07965657809973677,0.02099329059767762,0.07616896657345268,0.03517573682175417,0.04387606935016326,0.03355867599389133,0.06327086451030214,0.029829928634398713,0.040001647312818384,0.0068247006731537154
0.02460942051661638,0.03528006963354267,0.11052920658626376,0.08924431723034486,0.9497700980340253,0.1912834511283949,0.027634752112129762,0.017360956236078657,0.09551478679196923,0.07071897952687031,0.10370167349520004,0.03181552053551211,-0.003659020485592545,0.031213779430276284,0.02801839767697921,0.05104942143966434,-0.003107970360331774,0.2753854123198955,0.08164175147187402,0.00953470230309874,0.03820236689681936,0.033088325384802844,0.1341673293658284,0.03855385686024766,1.3729029430129254,0.09403396776824126,0.6273712581210092,0.03631869084565081,0.04711886346596345,0.025297699168558712,0.031686150415703135,0.028891295229487763,0.07003585454608569,0.29301193919516655,0.12269865134148955,0.04808349180260461,0.004222745558406959,0.041537481354894275,0.037887579521344666,0.029496057683141886,0.05546203420172226,0.022091582708452084,0.1520492929529761,0.0651004773925122,0.02942864832358677,0.0883857601216038,0.04952043126176213,0.052860507762978286,0.17098305902142205,0.022073644341002167,0.0009783607493218033,0.05746404905766903,0.1152448292921172,0.03370837210563851,0.051569860014682826,0.04761450270454092,0.04219293410449888,0.06553903814344361,0.044330849580692784,0.014774860210647932,0.07455578769470379,0.11017828581689372,0.35567465284801303,0.011942123315281567,0.08127472468113708,0.07893798324884316,0.09317512031400078,0.038170218348704946,0.025248589020405707,0.08897556778328145
0.03476295125667828,0.018675827547610203,0.05811268094000998,0.05523006645248241,0.14714147488362148,0.0620134292558205,0.04686228719601682,0.023293041944313083,0.05231317529786438,0.03930870312446501,0.040871379522934195,0.026889890061803028,0.004628822122404687,0.018568965987411232,0.029586757419802275,0.026503149017047156,0.011691782348486,0.06542419799616418,0.033970399291655004,0.011981752336528623,0.03325776850831011,0.029466057048004427,0.047383270671209364,0.06701244346924978,0.09403396776824126,0.1665732238101933,0.1141766725090735,0.0358397645850155,0.02780060656683734,0.017270612596717166,0.05925940711597884,0.04142024407429011,0.08603215637022725,0.0962792623940668,0.06336598236556552,0.02629966040235235,0.0031111846807004976,0.034559153127015595,0.04276890143383563,0.059812839994715136,0.041708533575679385,0.008564810620739362,0.08671440533653177,0.037158720864557626,0.02806802386543334,0.05510469971493313,0.029629670401391524,0.04961973182505909,0.0417189620637033,0.015375456021821932,0.04388977636395485,0.04952262923161955,0.03062069012002232,0.04428827178196624,0.014597209019049293,0.02596333203058787,0.011738417187123224,0.04499085403757082,0.020104786250920405,0.022900022610161167,0.0482458438278421,0.02573358483249247,0.09668250285618905,0.03437920621584851,0.03485269385462282,0.03516161968398427,0.052680736456531575,0.0374165197909561,0.023812624524935076,0.01699175618038611
-0.12665247869877067,0.034275835176542764,0.13869498850221793,0.08631212190624185,1.0856371168810608,0.14266254557233374,0.13282827448942744,0.01096225987570816,0.1265177290636141,0.10840774467762622,0.11341639945394134,0.0462662757661747,-0.01590936868800772,0.04040893668403695,0.03711100038968154,0.074576323169228,-0.008789313196597148,0.22252825377128532,0.025018833283352585,-0.0031970771967948894,0.044452550513335035,0.03698509103728648,0.22711644220262253,0.07216834834421791,0.6273712581210092,0.1141766725090735,2.2077989215536507,0.03386272697602899,0.05591830509594726,0.03283728312971451,0.0805214429808792,0.022450210225563275,0.1544574073151848,0.559676957935335,0.1671571182105852,0.04435292093542835,-0.007536231766785629,0.005648541073447872,0.07369147143045364,0.05322791762927247,0.09714215979030631,0.033467111495974707,0.20556445639341514,0.10473718894347683,0.034201629283715604,0.09443002656591813,0.04426645126473028,0.12487358235341209,0.19858882618814522,0.014861242089069155,0.020951784497550436,0.0686475366608937,0.33991214332066416,-0.03601031561874625,0.04309660380975756,0.06667884453017728,0.020599029150030226,0.09758332467488895,0.05453825499951157,0.021875189534370686,0.08218790213972907,0.12477146267656249,0.4697006565454484,0.037956519189764344,0.09911470332319715,0.08510890470553532,0.13335068064978883,0.028073675454899905,0.05364304460752227,0.0746091291280656
