0.13262219931404146,0.031427830197530586,0.04089445052842162,0.02900256252006026,0.03428872474515153,0.018864649129936926,0.01633527886570568,0.0007334921966646247,0.0289956641966017,0.03565599494270345,0.027693026158250166,0.026234341431558655,0.03133526587233772,0.037615173188200644,0.086662431103592,0.05427927554024921,0.014183617379195372,0.02045822368728292,0.041823143423044766,0.02265996243979622,0.030241678622429224,0.09360224595791401,-0.005432543947797939,0.05218324584249161,0.08059442342444299,0.025635972973925655,0.03818010166426723,0.03124055565101229,0.05135631228622389,0.04679990986418846,0.00905416339860062,0.04169594936548771,0.008118266660535778,0.031634342921642994,0.06178450825994858,0.02701396289061231,0.017748505230841018,0.013503448768591346,0.05250081421029587,0.07834540180904083,0.024555661801433676,0.020866110931746326,0.0468987459309769,0.031737333489097505,0.05064564196396329,0.034372911339951906,0.01854358046958272,0.04142560304954755,0.05040295787414552,0.05104451806160592,0.001219843679770837,0.02878347342642139,0.018827458401029194,0.041884380612563686,0.025587327985927888,0.08225452174945679,0.027349858661953347,0.04531582078386975,0.027198870206802443,0.03745391176066905,0.05360173376348962,0.021202126648075605,0.018140086801015066,0.045089171640084934,0.06310584472627367,0.03279321070428015,0.039281683117389686,0.038290796086797245,0.02545639175936045,0.03292858774505921
0.031427830197530586,0.08559974382399779,0.041683946091525405,0.013798327665762215,0.018916175383281445,0.00767091644320671,0.00694907705050368,-0.002019656362721474,0.03107575573624879,0.023594013589757514,0.02474843223990156,0.02597302553620877,0.024307785369516086,0.0347231521108852,0.05272345655913972,0.02746778716724055,0.021371644566559996,0.013023896771449342,0.039728310683780424,0.013326265307304932,0.027407583021863774,0.05033410026674931,0.0009054685635661265,0.035388400036651516,0.050526449324685994,0.017214401704046162,0.024159380569950976,0.021217010270371563,0.02239299017864886,0.03083636137058512,0.008686734464178,0.02259092440576631,0.01058082903940437,0.024169621212980268,0.044304824099335394,0.010057934049341894,0.02214898174023073,0.014061456129794902,0.02817934990686965,0.02331152677528945,0.011303127183632872,0.013097193917453941,0.028579804580424285,0.016910281733183354,0.046732762441702054,0.018143024595562673,0.018259541266476387,0.024388077755954914,0.028019609057618525,0.024182071188446234,0.003084118904092264,0.01960485189445163,0.013872546333188615,0.027501462454280215,0.017661854956460016,0.024269775328671046,0.012955135589972413,0.045254623035728726,0.023042920155829056,0.0303091651841521,0.01996238774230503,0.01835048648627589,0.011689713777089555,0.03821421606635608,0.04120171452523521,0.0340739026263253,0.010785468335962002,0.015383970354497385,0.018898612936156807,0.022834201562676522
0.04089445052842162,0.041683946091525405,0.6240751253135497,0.04402062991204105,0.025205600644034206,0.03180836750848374,0.0049034597184767935,0.004704735476639179,0.04254966737106921,0.03891966445177491,0.01828322958653567,0.03260605669605269,0.04076240573786117,0.09273798590691947,0.07966895159020332,0.04297059218720797,0.03281257090435288,0.01940384611607743,0.06718788473417127,0.03446096028739358,0.023387070022069915,0.12928669051922922,-0.0030902938140506078,0.10983093315648959,0.04626081364748594,0.014268191223338732,0.09328053484963479,0.00538541151556781,0.04443195958166543,0.03974104454646846,0.014358689189997066,0.034759265506250456,0.00873210876729309,0.040285449844551846,0.20243637018488464,0.020791999285753187,0.02082382850338054,0.008845712322003206,0.057831955966101745,0.0466368299292131,0.041313413005578115,0.05903085935727918,0.03946645318610364,0.04225811470740513,0.08674586908620699,0.048391848064446547,0.018456131218934448,0.027865194755369242,0.04071589133728847,0.092678260831526,0.002388461342162186,0.026284671488102776,0.015932077331770232,0.1036704175298435,0.047047297162409435,-0.04326122852829246,0.02002099789668638,0.12649201723434217,0.029283354954401642,0.022169247755373267,0.02927325788729668,0.02321370841402381,0.021082390146132713,0.053813154645772965,0.032824571815922965,0.048290913275778814,0.05289994684800142,0.0299074385523012,0.057970263648637624,0.030189942332774108
0.02900256252006026,0.013798327665762215,0.04402062991204105,0.2654573140642881,0.024366773002686554,0.0344304015792768,0.0349623322224744,0.005871976151705629,0.039637439281047224,0.0353095247099518,0.01715491760170983,0.030895451368903523,0.031982622188478936,0.056779044019514044,0.0764967995659064,0.029030085244818496,0.031184086668964578,0.019388798304144875,0.04339629214117697,0.02534323151203638,0.041025790268044496,0.03615065957928454,0.012581791578084721,0.04256474099187843,0.07641264143730311,0.02638478510099589,0.050515475573073204,0.027143389783610448,0.03010496860750036,0.046008401846039375,0.03414651557852624,0.032924478305266965,0.03079001525657463,0.024427443230095325,0.04547137847542439,0.022994057096583358,0.024517399311257994,0.02237301924132208,0.0509699382635916,0.02379535162454951,0.02629094047649335,0.03165171916431631,0.04448106012065474,0.02334950332050114,0.04590907746608612,0.03598305355587762,0.021736350989025044,0.03555658179463788,0.04316182998455853,0.0487330876875315,0.011410229398060266,0.035885777571002135,0.030062353196564508,0.05208477554884405,0.01795956086739325,0.12782101923884162,0.01988097280579118,0.06051177811852915,0.049684248421687886,0.037572286085744755,0.02875468725127593,0.022881904731950075,0.042160946626420163,0.04324640251758364,0.04793327853759248,0.040756714963634,0.04866320400955798,0.022445910216394454,0.022173698126108744,0.02231692804370002
0.03428872474515153,0.018916175383281445,0.025205600644034206,0.024366773002686554,0.04433562960255374,0.013297265528701939,0.012023555593485112,0.001731125997292446,0.028697300922764356,0.02674176226356643,0.019316236073461765,0.01216162334187175,0.023140890953048894,0.024636205845016298,0.055994278987342105,0.035067484577051534,0.025654839145125462,0.013063149041776568,0.029310408134240018,0.016461860179053548,0.01907086537797027,0.0366787569103606,-0.002672141981317864,0.03701604980239958,0.0630898807776593,0.017139405632944513,0.020846575634635572,0.01846968380803248,0.03796166966594204,0.04313546284789481,0.005127666931089498,0.03456088089556273,0.0011657587338022232,0.022862755600392907,0.032284515443291174,0.01617863021570034,0.01583207615627312,0.010856841036829634,0.02882085075623496,0.026726712236707438,0.015052237272610312,0.018307065644784362,0.029691854509661556,0.021584056587707345,0.031429933435749145,0.023880403341148118,0.013716014784313954,0.03548302122835566,0.04687954513551107,0.023757237491725654,0.0014708215815962373,0.016625084696795255,0.012198205082935796,0.028767033986162812,0.005939444603752267,0.0747423309960069,0.021932769868652377,0.025378083015204184,0.014847453614808428,0.026106194988094505,0.026594208153446187,0.009061477815051285,0.008504417410019031,0.03441226585703959,0.050228892882780964,0.03083651922689049,0.029849120861493453,0.02239204679249638,0.015275557959849877,0.014035075109768085
0.018864649129936926,0.00767091644320671,0.03180836750848374,0.0344304015792768,0.013297265528701939,0.08448081101178563,0.015614766586121534,0.0019499039519543632,0.006427490964999449,0.018757619299418046,0.014237748847944709,0.02642808478467793,0.006410883160353093,0.009047057152586064,0.01896671104359104,0.01339213295877758,-0.002755368693712474,0.013778503410258994,0.02614001671503496,0.008318910733450917,0.005958322238743844,0.02148347260751994,0.008590289338538979,0.014658429905158846,0.0352210864521798,0.01494133256038601,0.02151152367144962,0.020007191630684804,0.021169722206120643,0.009589262545248717,0.010199570049947954,0.023905482375712026,0.012871645440525993,0.010444836921138088,0.032473055980880794,0.010881199489767766,0.013917258686679935,0.0140801798728392,0.024278664186009633,0.019350817390092354,0.012619861464086422,0.01302243141141766,0.018747137669994883,0.01917796732817738,0.00693862827225417,0.04097217606045787,0.007162068233052951,0.010199079469515062,0.015606052331923238,0.05088015304716668,0.007066128701391793,0.029389471451872436,0.011690450847258647,0.03144959274367135,0.023313640561142407,0.05602055135226885,0.011490548418421245,0.03535888894839306,0.01813115274006116,0.016905146274147853,0.008596349804230343,0.019175025013835376,0.015658904004217003,0.021231701875862524,0.02691180675137523,0.013110365226338294,0.020061921437250475,0.018245408797627004,0.021020865154190122,0.01956865874987908
0.01633527886570568,0.00694907705050368,0.0049034597184767935,0.0349623322224744,0.012023555593485112,0.015614766586121534,0.049490783736652784,0.001129498800917671,0.02029322072975204,0.014622228854759887,0.01613055551383042,0.01587667860566996,0.012311172622491123,0.017091437976367512,0.03276930335624562,0.014375041630027886,0.015824129298941957,0.009088510053799992,0.031143846766855863,0.01257240944766317,0.02175763303893645,0.02784644188969638,0.009560371524325765,0.03182355202774589,0.049225106358388775,0.00972291279110791,0.019750670032511634,0.017872790045356104,0.015267415793805448,0.026428663758898803,0.01729655909191809,0.024134172913719935,0.01606726140184313,0.010501353591432738,0.018698012187177163,0.018112173138780798,0.011883706753058665,0.010854885495440262,0.018654629472638597,0.013476813502916091,0.021289981976346937,0.007865484405794211,0.030110124787343557,0.011344549307394213,0.015065347013520462,0.020829126888631352,0.009747750352166044,0.017324902274351458,0.029765030097799516,0.0244887882949182,0.012061894236790733,0.02515968536862337,0.007018426926617938,0.023625840665237156,0.0038933001440631344,0.07390504953956853,0.014841326271748317,0.018082455357245234,0.013033755916574356,0.021430089838389284,0.01182628512261845,0.022384290757751533,0.02700365413181873,0.022912811422375556,0.03205826159941559,0.019604932654655207,0.013577073107758748,0.01564308038340635,0.012676478748346652,0.01215380947426716
0.0007334921966646247,-0.002019656362721474,0.004704735476639179,0.005871976151705629,0.001731125997292446,0.0019499039519543632,0.001129498800917671,0.008327123294053882,0.0024278166527839273,0.0025170875620565292,0.0006454963117563686,-0.000191166234150661,0.0047682025613453305,0.0029783297165549578,0.008291366082050746,0.0038383604717173556,0.002512916112955496,0.0009133919503226561,0.003375276891238034,0.0005508144312789792,0.002986246909614436,0.002425196950859347,0.0010970329050384846,0.00355938500657181,0.004833426116519522,0.0009782734797421679,0.0006933197768087456,-0.0006932436546638078,0.0028100001314348123,0.009639894697945952,0.002011676715160022,0.0015074272579531861,0.0011596016762761398,0.0018312814700429815,0.0016234272109594582,0.0009264870679079841,0.0009520156011384946,0.0005153540702645499,0.003427233207005691,-0.00012653657689392468,0.005235271378285464,0.002288924201277791,0.0038938577609422846,0.0016817059977963745,0.004627312116144443,0.00264322188202119,0.00039124224734783685,0.0023392074691117545,0.0015028466828578932,-0.0019710225123959527,0.00023096549315881855,0.003436274108118469,0.0014726014965599893,0.0016723069356918009,-0.0013850733670891058,-0.004583175762263208,0.0014214944122615974,0.0018211890069096688,0.0020539637510262067,0.002383930807937214,-0.0035121164435585844,0.000272128504297978,0.001964886006258663,0.0032559215276102924,0.00292963149679588,0.0015042743828781934,0.0016345033463032075,0.00060996338170269,0.0015137788440164187,0.0010031041009994513
0.0289956641966017,0.03107575573624879,0.04254966737106921,0.039637439281047224,0.028697300922764356,0.006427490964999449,0.02029322072975204,0.0024278166527839273,0.12300969330927093,0.026628915759732537,0.035356939654728414,0.02518225284186969,0.03290058011206039,0.05225306983650874,0.0496136125680509,0.031592389933903064,0.05273737809554544,0.014604482451482414,0.054045700070277536,0.019054266483087036,0.05290199976538114,0.0781006734714894,-0.00041275823985287513,0.05136154715717204,0.09147111038203919,0.02897565226366279,0.026461245915708347,0.01974629903420664,0.030683090162750684,0.06549906056939886,0.015317299205396125,0.03648460880377602,0.012237603276905186,0.03500339459453568,0.032423768284035245,0.018139724790459555,0.025489197844828587,0.015862181893480078,0.03177973454042338,0.020742640851647988,0.016781664159092807,0.01726591483939299,0.03868957567762991,0.01961929860680736,0.039263679926323666,0.02527306080788855,0.021654174222571262,0.03036020494811504,0.0568577021667499,0.03532161612188777,0.0018128633558898181,0.017694261851537503,0.02167655923379093,0.03718602721665436,0.014824510358421175,0.0933228169088128,0.018058355768650853,0.03540716469113856,0.03096638617615344,0.03511752232669042,0.03005300663224893,0.012661237975270963,0.021916065114955575,0.048506963144598854,0.04523308206079262,0.03212600978158621,0.036550373270992684,0.020293514364429308,0.022890438212121483,0.02068357336195694
0.03565599494270345,0.023594013589757514,0.03891966445177491,0.0353095247099518,0.02674176226356643,0.018757619299418046,0.014622228854759887,0.0025170875620565292,0.026628915759732537,0.04531284742646409,0.02357152455825411,0.023653768419313638,0.025723252372857917,0.032217850052170004,0.060249338938928136,0.036823626881097464,0.03655525817199492,0.019397921309691812,0.031003079437503012,0.018310455069649807,0.026412113574685696,0.04886745050272374,0.0003653304665538055,0.03878959110218337,0.05435643031959041,0.020461975051290805,0.031902491887093105,0.015736615821999773,0.03920444199172931,0.043027351333175756,0.009675448489748027,0.02848897764613472,0.007732779000005327,0.02597912942210532,0.03829642535615493,0.01711972569355879,0.021103591706396377,0.013165207167907733,0.03167511109654158,0.024503538102414672,0.0168611054411174,0.01950961866783919,0.03171508247348575,0.01953445413904662,0.02981937570343577,0.023727537478073588,0.020478985374232987,0.030537859028680156,0.038309566651652506,0.03444762660635897,0.004191040888788079,0.024213920187759305,0.020404734713129483,0.03296855098055854,0.016007180413531105,0.07343762250144008,0.02208342918135292,0.042030233302020645,0.023480639068215528,0.03270095541836958,0.025186407108361,0.01234320805221126,0.017890035405845658,0.036156152718453884,0.0440010127184194,0.03121462205201909,0.032347217226807966,0.019052408225521966,0.019732400345786348,0.024594213229328258
0.027693026158250166,0.02474843223990156,0.01828322958653567,0.01715491760170983,0.019316236073461765,0.014237748847944709,0.01613055551383042,0.0006454963117563686,0.035356939654728414,0.02357152455825411,0.08200033346225753,0.019059726279161738,0.01322267281258641,0.027940289699626947,0.0582659673026901,0.026421698969120853,0.01740855734665788,0.020368903112445876,0.032160290795889966,0.015395316285770372,0.02564234863822478,0.03788666667158344,0.003128511892659755,0.03878769381083999,0.0519551001026914,0.023451818420351617,0.014574528721361713,0.01063566053712707,0.02175815988280925,0.038242014388924474,0.006697110860020962,0.017014990870078888,0.004603715569032064,0.0274447492864711,0.02222379439037531,0.016059028938166017,0.017237403769620643,0.014906911938600735,0.026410122437796245,0.018361237921152115,0.013727590402641663,0.012264575717647745,0.02730970106310819,0.01631390988723756,0.020642827603410553,0.019237502742570526,0.01849718169421736,0.02478852278329724,0.0257290547063737,0.021646879443923617,0.00396043763808719,0.017253538012064015,0.01307913738534647,0.03345464744137101,0.006146382779160264,0.07501983983729989,0.016272293705420108,0.030710693399175502,0.02095187760414377,0.029375489964098143,0.02397970494498889,0.017146763334813506,0.012973734110443074,0.02915123914381602,0.0360569558794471,0.026280150327203135,0.021430972767982035,0.012479841484418606,0.020510091965982667,0.01812656078665691
0.026234341431558655,0.02597302553620877,0.03260605669605269,0.030895451368903523,0.01216162334187175,0.02642808478467793,0.01587667860566996,-0.000191166234150661,0.02518225284186969,0.023653768419313638,0.019059726279161738,0.10601433501023518,0.013479939028047408,0.02034019462489764,0.03736565440634634,0.025777416102748908,0.030496658158687268,0.02847310353949288,0.031695556671207534,0.017977150429807298,0.02803280173245129,0.05299567914891156,0.0006634530515444393,0.033114118133326126,0.03926661608949535,0.019858373149378144,0.023965058451398864,0.009921475916082953,0.022562832602042626,0.024294826040242086,0.011306060584831948,0.015635836925979318,0.007898468265255818,0.02640383561415991,0.033595104342112624,0.009040652775117243,0.017376804166291414,0.009863287086887535,0.03274667641539728,0.025988482581876426,0.015666485731000143,0.009019589915893867,0.030771285843073686,0.015644053312186934,0.026715757702695152,0.024555194679673462,0.015084723203727316,0.027104395729464707,0.021486609405695516,0.030288275785377315,0.001947119766947403,0.012779599425039248,0.0201436466131093,0.02734719077754303,0.013496863743258815,0.029532762508363435,0.013934802805289236,0.042045461321523855,0.0387829430589013,0.023950150521898816,0.019601210522970453,0.014770003732683374,0.012866418269360743,0.02807488589040217,0.03152728352163382,0.03499359564080663,0.012337274044234674,0.01818040510848034,0.017931304160257684,0.02920179195584535
0.03133526587233772,0.024307785369516086,0.04076240573786117,0.031982622188478936,0.023140890953048894,0.006410883160353093,0.012311172622491123,0.0047682025613453305,0.03290058011206039,0.025723252372857917,0.01322267281258641,0.013479939028047408,0.11860438587336465,0.04845101186350667,0.08641255264817072,0.02738890541089128,0.028409730121981655,0.010960939065995514,0.035531618090003186,0.007867540616371013,0.024815090117270806,0.04330275660389735,0.003287938947662054,0.05984934818857066,0.09115544353732466,0.018112457029224052,0.03344498387705827,0.024377326279760653,0.03151351666662329,0.06685772299731198,0.007937059544574286,0.037315193293307715,0.007711217028311932,0.02451167507240827,0.035429411275152194,0.0210546442852777,0.021140025685095497,0.011397251874718397,0.03470874800991357,0.01571573410289097,0.02138894737372163,0.017259483687338373,0.030557165321459964,0.011059891922582214,0.021880574588298084,0.01119817865247264,0.014713127238539887,0.03185642704313077,0.05511719201737813,0.014549890693807868,0.005877357915713466,0.027762725399093923,0.011073857479685539,0.0307779008922468,0.011364184212859937,0.13007347417283882,0.017555847684578234,0.029255020832900398,0.019276963155352357,0.03491238266532973,0.01847196483415083,0.01054095690048025,0.014840916488221256,0.032894077839458406,0.03196998597922698,0.021874742187950404,0.02754428087474016,0.015652217856426506,0.018756766791018308,0.021894489807939344
0.037615173188200644,0.0347231521108852,0.09273798590691947,0.056779044019514044,0.024636205845016298,0.009047057152586064,0.017091437976367512,0.0029783297165549578,0.05225306983650874,0.032217850052170004,0.027940289699626947,0.02034019462489764,0.04845101186350667,0.22830302611175124,0.08348518483058401,0.036924443455308736,0.04776558228816466,0.01524843688248883,0.05351309090555798,0.025469336746287746,0.03349005758512916,0.10111848141193792,0.00013200113023984292,0.05818735997850861,0.06991270600842343,0.01596740401913809,0.06358129814830939,0.007392707778491875,0.030290409367850483,0.0534633481924429,0.016317749992141247,0.025689696094596537,0.013091751075300776,0.029394180761278862,0.09579580772434304,0.02541503948964693,0.022904558482989893,0.00981484511715144,0.04689380099656487,0.03125073573128814,0.02288943313349006,0.030748309071476722,0.039268975591912364,0.0415033214920153,0.04070771507880868,0.03533805740442894,0.024805547366995633,0.03121646507793279,0.031193125634539166,0.02470567184193573,0.003801115044234181,0.030469643501998357,0.02061089240878741,0.08492249975540588,0.011628824979521937,0.13765297415745129,0.025151927242414066,0.03848112413507409,0.03035679217574645,0.03665076107489373,0.016213292649792595,0.024931170684155946,0.023117114796768933,0.04577210335563572,0.04239820963071655,0.046032804878210536,0.03738178616424116,0.021047300019621195,0.02729699299291996,0.014996908823883647
0.086662431103592,0.05272345655913972,0.07966895159020332,0.0764967995659064,0.055994278987342105,0.01896671104359104,0.03276930335624562,0.008291366082050746,0.0496136125680509,0.060249338938928136,0.0582659673026901,0.03736565440634634,0.08641255264817072,0.08348518483058401,0.41135953606303133,0.07853451309995332,0.03471098404935025,0.03754089340319395,0.06651785230722666,0.03819102283199266,0.05292759728184245,0.1199172879358258,-0.004360156341181881,0.11492961775402641,0.20261845679412643,0.044003940994822466,0.07881806580739856,0.06715180602620038,0.07933491329915711,0.12960066458747407,0.027842640306183795,0.07170940766451422,0.0063045376380587385,0.06523070318178405,0.10065535650563118,0.04135482170073322,0.045483654136965194,0.024308259657373644,0.09914288818906568,0.055124388136869894,0.05123319349791812,0.01394412880689204,0.07553728017903419,0.03727364213351429,0.07379875942766384,0.04256747820134993,0.041550939032123355,0.09751407109192642,0.10687519303052302,0.05251665640754309,0.009520601879528585,0.07415372193339596,0.03172659338239828,0.04439453054988542,0.019180844007354696,0.2538999000191526,0.05081441990148282,0.06342385066000603,0.03673917900372751,0.08281116728946136,0.06057395512072474,0.029117478814459,0.020822630151902485,0.08141670204193151,0.09841722375433858,0.07595591192678329,0.06585452121639873,0.036491981330932344,0.03054724269599737,0.06305857903915285
0.05427927554024921,0.02746778716724055,0.04297059218720797,0.029030085244818496,0.035067484577051534,0.01339213295877758,0.014375041630027886,0.0038383604717173556,0.031592389933903064,0.036823626881097464,0.026421698969120853,0.025777416102748908,0.02738890541089128,0.036924443455308736,0.07853451309995332,0.07773214563207972,0.0402386159091253,0.019478311624594572,0.03147127886333376,0.02320087511724312,0.02988134224288232,0.06395989345772995,-0.00792072067186936,0.05128617167733271,0.09145463494408014,0.022669125477986787,0.034544789603739315,0.01967570149379854,0.05831961738200192,0.05533018648177145,0.005464945170186282,0.040879216744230194,-0.0024933569807141127,0.026165058788681302,0.056287016107630684,0.023225379738910482,0.020848479914732248,0.013744897321565253,0.04316172987308443,0.04006085130552056,0.031562647074060646,0.016272459275844257,0.04104782612268053,0.0265598124643708,0.043245082554624725,0.0282745421043063,0.023134441015249817,0.041906532868178706,0.05395726301216801,0.02417948684721072,0.0007771018936143776,0.02683397366779009,0.022202080319974893,0.040189505964108134,0.011806763875926373,0.08573401691902083,0.03107763748610591,0.04382293229622083,0.027368049665996423,0.04110667913313092,0.03963129722088885,0.018136470552214234,0.011481973025347125,0.04418732371515787,0.05854835452865399,0.03159588787658922,0.037644345071720556,0.029262953147681656,0.0177577008241307,0.029065475473354627
0.014183617379195372,0.021371644566559996,0.03281257090435288,0.031184086668964578,0.025654839145125462,-0.002755368693712474,0.015824129298941957,0.002512916112955496,0.05273737809554544,0.03655525817199492,0.01740855734665788,0.030496658158687268,0.028409730121981655,0.04776558228816466,0.03471098404935025,0.0402386159091253,0.43280406792454174,0.0343737631618158,0.01835257357000879,0.031108845348109357,0.015800390721385033,0.09024681634403516,-0.0035571240626603865,0.03381795534702336,0.07774832946569632,0.03094719275428912,0.043901518244040004,0.006358155263869586,0.043740915554410516,0.02084908868678156,0.014848843895676787,0.017995708458275812,0.0077329201311332665,0.0674569630915312,0.015582173707543596,-0.00020480915490530456,0.028069410099609657,0.017435065165237486,0.042181924146724614,0.01800453209331517,0.01724691351605769,0.011745707219345126,0.03166320731761578,0.008086007670353215,0.0269884328566996,0.007834319887781178,0.02773370801140597,0.030665798538091933,0.05479068947914812,-0.00949484038064819,0.0014329896256085274,-0.020960749751963815,0.029634014954373504,0.0073860155884550435,0.021400747189699622,0.07475549188260178,0.0173798389986003,0.03800795547671288,0.040038006517534905,0.03867451784752443,0.031646815556203856,0.0061463203243536475,0.023063761426283066,0.03152542624429723,0.024228515507336672,0.02803846540932708,0.03257343999614098,0.012247834361187298,0.017173042574596883,0.01685018209028827
0.02045822368728292,0.013023896771449342,0.01940384611607743,0.019388798304144875,0.013063149041776568,0.013778503410258994,0.009088510053799992,0.0009133919503226561,0.014604482451482414,0.019397921309691812,0.020368903112445876,0.02847310353949288,0.010960939065995514,0.01524843688248883,0.03754089340319395,0.019478311624594572,0.0343737631618158,0.04442727218049094,0.019684790349194126,0.015043717203629006,0.012003881814104196,0.03637337709901534,0.005061394530301663,0.018879378830706967,0.025132877754051656,0.012243327533579082,0.017828835258730098,0.016455562820938244,0.018524815430670593,0.019046543575597322,0.006982760845797597,0.015841008666622875,0.005104301958105224,0.01852886974249258,0.020492077315913248,0.008333638329778263,0.012479217302305771,0.0073253453682450885,0.020163168778696314,0.01873545461514018,0.014515084234498087,0.006751209253056088,0.023103494705126817,0.008924466593034763,0.013690888257994182,0.012822887006695281,0.01185380251611126,0.01898904546015876,0.019993397736729954,0.017434662673517003,0.0052862528556533025,0.0143102086359592,0.014448425658720785,0.020029292639664326,0.01586249954394884,0.028060425326397666,0.012373807739145403,0.02133118481308795,0.02682712974844574,0.021445633066701147,0.024182925764113315,0.008786381631409346,0.011022755779760156,0.013365450827635121,0.020701219745329992,0.017081222133937996,0.021625117738788734,0.01284305651365343,0.009248014999298948,0.01772987896814557
0.041823143423044766,0.039728310683780424,0.06718788473417127,0.04339629214117697,0.029310408134240018,0.02614001671503496,0.031143846766855863,0.003375276891238034,0.054045700070277536,0.031003079437503012,0.032160290795889966,0.031695556671207534,0.035531618090003186,0.05351309090555798,0.06651785230722666,0.03147127886333376,0.01835257357000879,0.019684790349194126,0.204362370747374,0.01511344653943714,0.04605000324293659,0.059042466815903374,0.0026496080367689003,0.07897328400028693,0.11816598316589924,0.025523067685810436,0.03848037208410336,0.044291939173949205,0.031573275037265376,0.08458792165853306,0.019209072165550907,0.05781332095102206,0.017027315998359004,0.005043018696945209,0.06874212852587493,0.028772890553373145,0.019894580548703276,0.014083779725538311,0.05474618114657408,0.03336683080481419,0.025617298578142357,0.02611932800399949,0.04340430597229096,0.030810677607864437,0.06190868786170597,0.04948928329670795,0.025292916086151078,0.04462089712546749,0.07443471297640673,0.06970546253146186,0.012019937445911906,0.0392826332851254,0.014312382137109784,0.053662175544833886,0.005687568154931803,0.13769955506412832,0.021001420108356157,0.04930383929808156,0.03782147330579227,0.0496396115339793,0.04141859182561022,0.028388451076939814,0.033887123480139274,0.056737463384857044,0.0552335501790899,0.05100969258146127,0.019285635556375566,0.022401822296086626,0.025329965277095818,0.038565828717661225
0.02265996243979622,0.013326265307304932,0.03446096028739358,0.02534323151203638,0.016461860179053548,0.008318910733450917,0.01257240944766317,0.0005508144312789792,0.019054266483087036,0.018310455069649807,0.015395316285770372,0.017977150429807298,0.007867540616371013,0.025469336746287746,0.03819102283199266,0.02320087511724312,0.031108845348109357,0.015043717203629006,0.01511344653943714,0.04515685342368766,0.019667191959936037,0.03644046257315001,0.0055228606594414946,0.025935321744089326,0.04072978711080954,0.010898858806659978,0.024759386881103625,0.010970116425171407,0.02270843562536177,0.033330276730033685,0.008866705222603742,0.0221201365753154,0.008585230472213816,0.021297522747597844,0.021189580946514283,0.009424397538360477,0.011998055354163947,0.00841190738230622,0.030871966818548414,0.024741487648757166,0.02050334310895027,0.015211435419984017,0.024443229813856906,0.017120123013632145,0.026623420979239375,0.019175532564125772,0.013655254183071976,0.0177998268180488,0.02963368862191652,0.023406623651628142,0.010524317341838627,0.0176792262509936,0.016149416239175103,0.02802730858507821,0.003994600141885468,0.048438094628666044,0.014998297998347159,0.033637480406462306,0.012000582556698197,0.021371213210518207,0.023585853877512154,0.010969320612244343,0.018696988559647656,0.0293904435606347,0.033039897318033765,0.025325359771933204,0.021648616485712032,0.01962762113205634,0.008813795562285218,0.012453799180841687
0.030241678622429224,0.027407583021863774,0.023387070022069915,0.041025790268044496,0.01907086537797027,0.005958322238743844,0.02175763303893645,0.002986246909614436,0.05290199976538114,0.026412113574685696,0.02564234863822478,0.02803280173245129,0.024815090117270806,0.03349005758512916,0.05292759728184245,0.02988134224288232,0.015800390721385033,0.012003881814104196,0.04605000324293659,0.019667191959936037,0.15035278748215253,0.06590315817582222,0.0031319860107449304,0.029222580889334642,0.0594408263270475,0.02138646451894727,0.022926760608692018,0.002224330537949844,0.03139081722910986,0.06287153917488604,0.019101342392414795,0.02778679703180747,0.012567749725006225,0.023354203043016566,0.04024240445354611,0.018585902096428568,0.0250803787961351,0.019440287650448838,0.03706281595541869,0.02635996609377588,0.025393609974479474,0.025874580215519628,0.04024675889070603,0.0176813111488139,0.03259937372928713,0.02346247317057317,0.022496320857613716,0.026226625134152696,0.03752765379913469,0.04430533169266704,0.007303749875177747,0.027365443507267738,0.018759683895142862,0.034084907914801996,-0.007938982749323238,0.022123759788804317,0.01768835376844941,0.034328476198589294,0.03790569620653914,0.04073621576701934,0.021503055169774996,0.011954750937891332,0.020516372485846448,0.04256725210544033,0.04345353171273896,0.04917376562058194,0.03409118886214555,0.013337584881738774,0.043444023583237366,0.035581687385059554
0.09360224595791401,0.05033410026674931,0.12928669051922922,0.03615065957928454,0.0366787569103606,0.02148347260751994,0.02784644188969638,0.002425196950859347,0.0781006734714894,0.04886745050272374,0.03788666667158344,0.05299567914891156,0.04330275660389735,0.10111848141193792,0.1199172879358258,0.06395989345772995,0.09024681634403516,0.03637337709901534,0.059042466815903374,0.03644046257315001,0.06590315817582222,0.5259867506101285,-0.015208883698960412,0.10387601373181812,0.0868171238834107,0.050615298589418635,0.06607754651779153,0.008679388961003804,0.06901287447995931,0.07493068709213338,0.014750063909612825,0.03656732368756188,0.00343896829690057,0.043518385354682027,0.20432620973636176,0.015330684673012789,0.0440561281941706,0.016380532150205716,0.0853206862773359,0.060982196788721424,0.014990671233617399,0.03604549187956278,0.06435086102399955,0.03989822744399171,0.06501259559617352,0.026684845429100438,0.032149030075761184,0.04115986873162816,0.06966734147650296,0.06050300332476645,-0.0030939247480788437,0.029308069025673667,0.03758676615606567,0.07227709044124742,0.04977842208780645,0.10445039260808994,0.034604466936822995,0.0709112536378471,0.02718588977883327,0.06904178043793918,0.05588395351991176,0.023711666555361464,0.011092813049109517,0.06833665777073696,0.07229801692854405,0.06830372294432432,0.0532862898775432,0.0457131621978886,0.04035674374609612,0.07107574742525281
-0.005432543947797939,0.0009054685635661265,-0.0030902938140506078,0.012581791578084721,-0.002672141981317864,0.008590289338538979,0.009560371524325765,0.0010970329050384846,-0.00041275823985287513,0.0003653304665538055,0.003128511892659755,0.0006634530515444393,0.003287938947662054,0.00013200113023984292,-0.004360156341181881,-0.00792072067186936,-0.0035571240626603865,0.005061394530301663,0.0026496080367689003,0.0055228606594414946,0.0031319860107449304,-0.015208883698960412,0.02992188195692676,-0.017437473678345985,-0.008836686872729897,0.005180966378503084,0.0014675754813703531,0.0032766857013253325,-0.0066313690365686255,-0.00013704695742398272,0.014295189460409736,-0.0026214999461601825,0.02178882466103588,-0.0002579972241289723,-0.0055906400352733,0.008992162485036226,0.006142218192440853,0.011524327925561918,-0.006350089359303248,0.0008098699202057548,0.0021308359810217046,0.006645771440811223,0.0060675864724843275,0.004858463475338902,-0.002304446158073454,0.007040480933871209,0.0035497345918092224,-0.0010322606417276718,-0.012504441403979367,0.009861981517341613,0.02632641401116023,0.009664631433549278,0.0017498756100250514,0.009993237813373445,-0.00010432618466362732,-0.03343645044787727,0.0013744474501574129,0.003246955247710249,0.0033975093504067942,0.0034357496482763294,-0.0016896701090505497,0.011139978462697975,0.01876005201431893,-0.0022812808260923296,-0.0009286601193814126,0.0018805748564392566,0.0011846940894137928,0.0050145135158487985,0.0021476917986445743,0.003159082309358351
0.05218324584249161,0.035388400036651516,0.10983093315648959,0.04256474099187843,0.03701604980239958,0.014658429905158846,0.03182355202774589,0.00355938500657181,0.05136154715717204,0.03878959110218337,0.03878769381083999,0.033114118133326126,0.05984934818857066,0.05818735997850861,0.11492961775402641,0.05128617167733271,0.03381795534702336,0.018879378830706967,0.07897328400028693,0.025935321744089326,0.029222580889334642,0.10387601373181812,-0.017437473678345985,0.3552368211144008,0.20974583321611884,0.023722516250432656,0.06261203782304245,0.03486252364519006,0.0457420560814499,0.09611259323923979,0.008593678930004777,0.07652447374105795,-0.0028485737493133237,0.034021922925338545,0.10164634626008652,0.026157391216115027,0.013533145524791455,0.010534909913564507,0.06731349279748096,0.04334478771796423,0.05567275550041391,0.024184509345576494,0.057455424225479265,0.02350121072901198,0.0767785924551494,0.0384732101700962,0.021116021460117863,0.043089834663165114,0.10335116795321535,0.07348303822575303,-0.005450126980574373,0.0536428154543004,0.014370169577641284,0.066659061784285,0.01996641178157117,0.20887312476830655,0.02263975891233257,0.08061655770201191,0.015036531629404144,0.038289765484040325,0.049441654706747704,0.030597894897433843,0.028297143306347836,0.06755588047946921,0.0690947764538059,0.03937812552509026,0.023221977917535084,0.03233094995559218,0.02045704952207341,0.012792623979778178
0.08059442342444299,0.050526449324685994,0.04626081364748594,0.07641264143730311,0.0630898807776593,0.0352210864521798,0.049225106358388775,0.004833426116519522,0.09147111038203919,0.05435643031959041,0.0519551001026914,0.03926661608949535,0.09115544353732466,0.06991270600842343,0.20261845679412643,0.09145463494408014,0.07774832946569632,0.025132877754051656,0.11816598316589924,0.04072978711080954,0.0594408263270475,0.0868171238834107,-0.008836686872729897,0.20974583321611884,0.6453030769949892,0.05694788533734363,0.059234722921321585,0.08349537528974445,0.08137213473081396,0.2106192850781698,0.011615007163215427,0.1439954880362852,-0.001644153418473817,0.04725685851350766,0.08579828551596741,0.03527063708551181,0.027750196154678688,0.020187396249891465,0.10451914354128194,0.05114907794454746,0.07397372366437291,0.019815580673250347,0.07904247055191171,0.04897065566602286,0.08585384898455178,0.08076697154474663,0.02931146386274511,0.09130377807397412,0.19825272850763012,0.08115098066834826,0.019257960335266913,0.10107115679040203,0.0012547305745335671,0.1016175779249313,0.02353990379749879,0.4871339523155376,0.04658086260331354,0.055274872375170626,0.031138077526784783,0.06818561872910685,0.07856533831131386,0.05113672526399984,0.04544228700351175,0.11858102527793743,0.10436725325742703,0.08169997481561216,0.029617658840038568,0.05245464809267266,0.03630139865728539,0.00905734373719702
0.025635972973925655,0.017214401704046162,0.014268191223338732,0.02638478510099589,0.017139405632944513,0.01494133256038601,0.00972291279110791,0.0009782734797421679,0.02897565226366279,0.020461975051290805,0.023451818420351617,0.019858373149378144,0.018112457029224052,0.01596740401913809,0.044003940994822466,0.022669125477986787,0.03094719275428912,0.012243327533579082,0.025523067685810436,0.010898858806659978,0.02138646451894727,0.050615298589418635,0.005180966378503084,0.023722516250432656,0.05694788533734363,0.05462464172977301,0.020522605120439897,0.012696871948063152,0.027319038980761573,0.024362393484267768,0.008263561688166474,0.019057624131281686,0.008996177742369924,0.023200486749252174,0.025513615640671394,0.01621537449087279,0.01533279732751324,0.011852292421297513,0.01304644141548785,0.015737063701726423,0.01524424931821994,0.015014194029438531,0.021547829804494243,0.015019671609487183,0.017975218248149228,0.01900523068393699,0.015624517595695041,0.020331421069276098,0.018388996210146835,0.02841481639259338,0.006783443567057884,0.016822998265384914,0.011767512638746978,0.025224212039263578,0.008219245190211456,0.06182602775778484,0.013387258482751595,0.027237781600297113,0.012338990065363825,0.013420247961494217,0.022560159778831756,0.009387965567361756,0.010969584718171516,0.02928982941824902,0.025388502606220716,0.02263874999850529,0.022516490112805636,0.01879611456697343,0.016909910666404713,0.01651059415955918
0.03818010166426723,0.024159380569950976,0.09328053484963479,0.050515475573073204,0.020846575634635572,0.02151152367144962,0.019750670032511634,0.0006933197768087456,0.026461245915708347,0.031902491887093105,0.014574528721361713,0.023965058451398864,0.03344498387705827,0.06358129814830939,0.07881806580739856,0.034544789603739315,0.043901518244040004,0.017828835258730098,0.03848037208410336,0.024759386881103625,0.022926760608692018,0.06607754651779153,0.0014675754813703531,0.06261203782304245,0.059234722921321585,0.020522605120439897,0.16101610385821868,0.027690282206188563,0.03160419174996313,0.04506189141096349,0.007792062464554453,0.030915746399776504,0.007643956216433704,0.030942333493883784,0.09811528056465901,0.020219072582559394,0.013304152524233741,0.009908320054395505,0.03623539770925469,0.026535407116167715,0.025688630187534606,0.03494660543276199,0.03879247721649554,0.037639601293477945,0.04793351283536052,0.025409821787470605,0.020007674717287073,0.03196016978541072,0.0325763332208176,0.03966727053301187,0.0027767008819973077,0.03099455829769665,0.016968287906810167,0.06952610355326562,0.03248901900715597,0.09937190937874119,0.01614262552794817,0.061158700874561094,0.03592961319746848,0.03440045553832801,0.027910024337464836,0.015943170909797983,0.02404237123620164,0.045402419485651255,0.041037194733318655,0.0389780326168518,0.030516385170760222,0.02241648472941382,0.03395559450036199,0.028296652348089354
