0.09276908145195381,0.031105690673982837,0.07138360991181066,0.016971143637413737,0.04636102662232645,0.04456782899801611,0.061194057436337976,0.043190930903975765,0.07648857054729324,0.0656319810754968,0.03974441260128437,0.019404842807322124,0.012525922373029722,0.03502309914466503,0.0912835421724667,0.0441671923792935,0.05146231688335435,0.024604857567512087,0.008044739723471986,0.039874093995441076,0.028310662562783785,0.05738509064726033,0.013564728806981929,0.02581741320488921,0.026968058023475905,0.004022042973196612,0.018949911056498046,0.03482218600328604,0.06618645654740864,0.034401564280527604,0.05643325937026819,0.023248319981667424,0.05790155617245625,0.056302485575637835,0.03629865993749771,0.06596275449037134,0.04849881834509596,0.03408287773098417,0.051992799182070656,0.03313751570899178,0.019615416075319355,-0.004229422867664166,0.07969895893805505,0.0404881446118132,0.02311885723186369,0.036013386222952554,0.02192944640177975,0.03826568948602592,0.050013752286761214,0.03304686230148972,0.035629076599739094,0.05465459243182566,0.05723480072290079,0.040262437213553964,0.043781887109056776,0.04139308872504287,0.022527334864734485,0.051175692306272856,0.048519991382604384,-0.0006600718261925397,0.08372343181555256,0.03141221955951527,0.027151696273142692,0.025935854814906293,0.020749464352473213,0.0646949485075528,0.021455037040052277,0.07366973782634596,0.02154417699307974,0.002531174318001452,0.03452242561199255,0.04994896058370599,0.0743854043550196,0.034776097116996925,0.01494428517398612,0.03213221110891997,0.05312314440224817,0.055980717892951545,0.03872890707350093,0.04198847686886453,0.034977119027728994,0.06722573960426265,0.023871390164885875,0.07884608099822311,0.04388993744484557,0.05911685372482427,0.04453437007124469,0.05087551218955515,0.03696914702678199,0.032986053435952456,0.06222466321300577,0.020630035178116957,0.014198252409375394,0.055017990257176005,0.06971221874092567,0.015568817169732537,0.04135989818366715,0.07981004346670072,0.05079422339712133,0.07244025383304692
0.031105690673982837,0.044364862898375455,0.029797302068589188,0.006738401067364267,0.032489933443450386,0.01732266710985669,0.03553076795068996,0.022171391204849823,0.03045849972392521,0.03209287827603701,0.02812373961349998,0.009601343124356704,0.013309050648907257,0.01866872754399541,0.023226052877702262,0.021012058183395695,0.02317342072556069,0.01455258372072063,0.004426123103700152,0.02616381501374782,0.013857191477173625,0.02408926150926029,0.008592364162599262,0.014352162244502841,0.010402842100042735,0.0038759601235160007,0.016339594065529983,0.02003131859250918,0.04263272461318994,0.016861191496244977,0.02856961246282597,0.011496509038302224,0.027097046139168166,0.017822467996228438,0.018898588273496927,0.02914500346025337,0.026826972937930963,0.020859486447695284,0.02362983705931181,0.020930023661455233,0.014442088315142479,-0.012916225972561837,0.023179810885782047,0.023468538984084176,0.01710461205285904,0.013985749869441816,0.009825311336218662,0.01684596191269219,0.009933268708967633,0.016921272054482735,0.02490912549430044,0.03178378147484742,0.03285652163886724,0.01507234129982211,0.01518941888335064,0.026977812319547084,0.01422696723333209,0.027962289737930635,0.03256244133611449,0.006699130064425069,0.037799637975232385,0.014241250580686402,0.016688376037685967,0.014521909591051547,0.01021743868383749,0.030856087266353877,0.013303125912275181,0.03476042718645663,0.017714424967169542,0.0017681363031946211,0.021731634706082182,0.03223866586605543,0.021073540797417294,0.01939890163953478,0.008896316743408489,0.017140047664358293,0.024750240330793323,0.028048756174251586,0.018072441441006684,0.02100797086379848,0.0029923300584270007,0.03383744628281894,0.010726143328032246,0.040039925472547463,0.022183272767241195,0.02014821924311985,0.02262781934838253,0.024335319095079397,0.022968653706344672,0.01980486741585094,0.03321143102990797,0.010229209436888721,0.008544801640499781,0.027118136567803326,0.026444050559342014,0.009721927363549944,0.02191799415590506,0.03459331705814671,0.024248981642530663,0.01972554566116799
0.07138360991181066,0.029797302068589188,0.30138753896272685,0.03763081252591942,0.08504877344193004,0.05089860623271273,0.05925236394711923,0.03694843722932989,0.06675342817796956,0.05571057306442231,0.04737470397757686,0.028318076043649564,0.01112980125213363,0.021910630880523647,0.12609519408465328,0.04962010665378468,0.05250814873643831,0.02111276168128277,0.014936086894921935,0.02001196896457122,0.016137755397231293,0.06513242715458771,0.019428551360291015,0.003577443173590188,0.02541754873478538,0.0008845185730185102,0.014944301781230072,0.035615867085462716,0.04368898162668809,0.030765453225076463,0.05482974115073507,0.0292277408891831,0.052650724191879945,0.08671602363275514,0.0404463916738092,0.06924000622177902,0.06111757299459167,0.04297830249259765,0.0546497325518476,0.037813252969310124,0.019113589493081482,-0.005276991941098079,0.12512256263748206,0.029952804495033812,0.03222854411595733,0.03739476718170201,0.019895605138564473,0.04992649744220106,0.05864121840922035,0.03351516112538262,0.036333422367596846,0.04890605922813314,0.05028818404329944,0.06389082808811748,0.04766905807502071,0.04171378171140947,0.024682764223032824,0.056059011217368185,0.0384350625780747,-0.005417170833880683,0.0845440471486455,0.016220544687606503,0.03371906967289824,0.02968927937491579,0.01567895428207221,0.08822156997409601,0.01770742179128094,0.10146339823929874,0.019449826085773746,0.0059168883130570555,0.03718013210925512,0.08093502701545185,0.08536995524250708,0.10081018208848581,0.018456701171660435,0.04094339013575247,0.05322370274690198,0.054635174818243516,0.02813424297242744,0.035804945861623035,0.033148585091213455,0.08441688897052191,0.010091146913663989,0.05085610327385661,0.04935349904090311,0.07958430584413811,0.05275996459410197,0.040990726085890765,0.031059455015597395,0.04338261937773787,0.0684054357554615,0.01928295397647165,0.01401337621129065,0.07713436942858719,0.11516137205157795,0.012070788920852575,0.03803202135350704,0.1455545816868273,0.06495270675689666,0.08705432588522322
0.016971143637413737,0.006738401067364267,0.03763081252591942,0.575590622314678,0.021866022172119436,0.023646996295088134,0.019882783548444895,-0.0012399347887766502,0.06012866343242162,0.029392698605858157,0.020548490865303515,0.013672598439844807,0.017564323334594328,-0.010099186677482053,0.031132880767623196,-0.013702751008697424,0.01026983672119193,0.0129468445650751,0.01747091391201998,0.009608501314238935,0.009353769523936734,0.00284119322590854,-0.017309071259781834,-0.01461829731191642,0.008479268831174782,0.007501560421513157,0.006716595225056711,0.0013551275411117251,-0.0007748161550150284,-0.0023060849323081126,0.014294405781260101,0.006504921226351683,0.060099727793006937,0.02554828102746988,-0.00726155602118922,0.0451180580273319,0.03504196251489653,-0.034850508386511846,0.004198635075111775,0.019842620227848717,0.01964846803565784,-0.014634388722393345,0.0409334493684587,0.014704000667554609,-0.00036474550044093883,0.01903773963344151,0.005023827185052239,0.010187807894589342,0.025397694347764264,0.06039795612531544,0.012897844832225834,0.018737439531633003,0.005136329855509629,0.003015251023735292,0.0043819724690472425,0.01633540005830407,0.014479438986669738,0.010826169394483193,0.018766882102421275,0.0019282344391574784,0.0329703188637504,0.018825399414309513,-0.014267589942669584,0.007840701217980948,0.002617536021241143,0.024620807587010844,0.01235862764792725,0.11483493992303316,0.009270297430798505,0.0007738447509276837,0.014143384675742447,0.04248396293616773,0.04654541037279409,0.06674183781779755,-0.005414249515031971,0.007223533351894959,-0.007146288055502955,0.027239386535984452,0.031113405672838167,0.009753750257347761,-0.025800371541965326,0.01872359072959908,0.01647859010171952,0.16434170445316743,0.019415242423144366,0.028553812678854467,0.017191411372785667,0.01715294117513871,0.005883762995352198,0.0008552120182702918,0.03976390790727207,0.007106052986835366,0.00019982747845864908,0.010391648262180288,0.13799276805105679,-0.0032862755037097423,0.013379582624949916,0.013580940262411589,0.013919287304480537,0.02648696918086566
0.04636102662232645,0.032489933443450386,0.08504877344193004,0.021866022172119436,0.42604127674814246,0.06957193572598948,0.06617900494797253,0.035927512929545345,0.09162197569546028,0.058294077583738925,0.04683561882201475,0.0204105232347092,0.03225827416932055,0.028454801845181336,0.06665321785468899,0.06613579828410639,0.03926529766821286,0.04751387226981984,0.016083845505335547,0.04047375139073366,0.039029380861282194,0.06902916845148406,0.016076174879627862,0.03481009397857962,0.030809507393895607,0.0022344748810211455,0.03417940371809404,0.058592086248865784,0.15757232797697432,0.03707839113404589,0.06282445238500918,0.026583088871928753,0.07373946416508223,0.09980331726698688,0.04123010915839972,0.09748674722585536,0.07407834107384681,0.0387447094793205,0.05743688316184011,0.034270731970718504,0.04221737857406175,0.02734683471398272,0.08092567392708518,0.03176098826344733,0.032309491969273636,0.02619553002694048,0.023896992364525263,0.029894167704915722,0.04942998659942357,0.04516172208313367,0.05073797059619949,0.050282689531847086,0.040907881512294346,0.06780737632874483,0.02516534677294094,0.033065265029111224,0.01688005944629247,0.049950529931783304,0.04665526023192089,0.005618976886005739,0.0941504124347416,0.040009291614092245,0.048416053701390994,0.04028830652103183,0.012657132733066668,0.04304844928953096,0.019241025206168917,0.11098729250112135,0.05123658959614783,0.002018311994803578,0.03828347686350816,0.1340742876281284,0.12482220858792478,0.1082122985106604,0.01765875284139687,0.023234082612865525,0.05463260882645161,0.0638405197965233,0.05525909998256206,0.0388244029633235,0.048909354813657824,0.0654827442965555,0.017045976121310553,0.12904678372024608,0.040771407773800346,0.08630349147882728,0.04801580033193782,0.029165480651541315,0.038375780920071156,0.03748060398186596,0.06094146797641451,0.02095036435682109,0.005056961609354218,0.06551316303917402,0.17601879190051029,0.020111539103923597,0.03524373528910166,0.12155249363595116,0.04615040935588713,0.048924943354039435
0.04456782899801611,0.01732266710985669,0.05089860623271273,0.023646996295088134,0.06957193572598948,0.12970434499626352,0.0461083231191326,0.03167892002749013,0.0775710368636169,0.0427885547477936,0.03552642737746197,0.013644752697041554,0.01469538337704356,0.024138243310447016,0.07739719908106682,0.037976211901310425,0.03249347464914058,0.012335902022700029,0.0023426887128270247,0.03431472051716049,0.028874734876119492,0.04313223340280937,0.008591513614394978,0.025651922610088734,0.020586344773460937,0.00379238994286882,0.016336160536873312,0.03154856019425521,0.056757380452563296,0.034028811219389006,0.04728144430366793,0.015114999135945797,0.04563892740257789,0.057815161594457196,0.03518672608650916,0.05958438018018759,0.04685792342538072,0.019538859784320142,0.0491347183495108,0.030937216840998944,0.025432301346426437,0.022812446738413258,0.05251485651816973,0.017760913932987833,0.021445271497871742,0.02169541346948207,0.015242601189380827,0.025688692532055434,0.030438891560355723,0.024965354819535823,0.03206215309660962,0.03509273944258295,0.04455941650849665,0.029642720521490896,0.022182873432520574,0.036507963405197526,0.015403806030980524,0.03822849810785805,0.04175696219274977,0.004821236528351016,0.06371511343971827,0.027558765017754942,0.01573388080608423,0.026895856846561,0.012832227602440597,0.0503581982233348,0.020408616379442846,0.1006301701407705,0.02482099631656478,0.002631736129777595,0.026034010525670122,0.0663186732743687,0.05623519897260528,0.06520672461023778,0.013990839641072816,0.016707573335579408,0.043826411232894234,0.04054476181757584,0.03388065361996449,0.03749266185395288,0.034057809821415756,0.05027984577251251,0.02387083022474386,0.13237717649078945,0.03073267653792302,0.05740197670915377,0.036407208751957604,0.04096820072839042,0.022819600339164945,0.022120301168760643,0.049314405446404884,0.01875394834216766,0.009912374950557032,0.04730293891479497,0.1797174313364814,0.010116336337902708,0.03073418876135966,0.041668808492603356,0.04822574969736554,0.062443843486955995
0.061194057436337976,0.03553076795068996,0.05925236394711923,0.019882783548444895,0.06617900494797253,0.0461083231191326,0.1314689678633236,0.0515580825423056,0.09041436667428655,0.04565924842954747,0.04862430121479492,0.018958783427205663,0.01759582676737091,0.0446014514805627,0.1101377270837067,0.061546438433379334,0.05276282036634075,0.03304197595836547,0.011825816274682896,0.03866201082987475,0.029903158823617906,0.06315627971369325,0.015218687101756669,0.03291310456484426,0.026534942468993516,0.005004173850755327,0.01565984006011333,0.04648156617624372,0.12098978331732009,0.0246168014633334,0.050551569986314174,0.04355270856000456,0.0607365741182796,0.07436315576770391,0.03942262934600744,0.09115671754532724,0.07409732539343339,0.043421635212211755,0.043454856539839354,0.04471740380023015,0.027093626829753803,0.021131466902446255,0.07052738797572196,0.051269005954264965,0.03792363349480441,0.04041509303241798,0.01978936690979471,0.04877998378351461,0.026076822930985476,0.040142304729004825,0.05468769956652458,0.07066612360924503,0.050908238315790943,0.05424904827146291,0.04184252428420438,0.0448655333949223,0.022937796308567588,0.062273793904684335,0.06930325657104505,0.000292070871550449,0.10385720455502473,0.027871206210925613,0.0186952175798327,0.027947617656287532,0.015126854143729536,0.05871598809344837,0.01953364272618878,0.12495328938083648,0.03699738663630902,0.004805799306086826,0.03171159022581193,0.07817857616388987,0.036823603291567815,0.054213011049646286,0.018639875134397944,0.043364930808471785,0.059306645919731664,0.056597497650742755,0.034051293452138816,0.051624081526088696,0.03240955633805862,0.09298251574611281,0.02587616125719364,0.07981453963765259,0.06322597800552929,0.06738865614463649,0.06110692838540961,0.06666930036442578,0.04078228125438672,0.0383550778169434,0.07461527940036988,0.01872600159440993,0.014333351554175868,0.04479701488032736,0.12259962713333034,0.014965765679044769,0.04677772539391962,0.07968278547650852,0.06053422328481339,0.10348249662814031
0.043190930903975765,0.022171391204849823,0.03694843722932989,-0.0012399347887766502,0.035927512929545345,0.03167892002749013,0.0515580825423056,0.09245032672456276,0.05564831611321974,0.03828248563524799,0.036908831052345895,0.007935069617037866,0.011388118891700761,0.03323188693584923,0.06511224743535574,0.05344260745185308,0.0361078994891604,0.02423533147659515,0.014932236960563216,0.03290977796173069,0.01781895877474489,0.053188445180899074,0.019555001123958398,0.029316524560539722,0.022278742455543957,0.003906417847498301,0.01339628409219411,0.028035148991039226,0.06209713051434449,0.029748804735441815,0.0417880466802784,0.024209034103182096,0.044467810709717656,0.03450424193180818,0.02688166482955294,0.05468548286787266,0.04350560463214512,0.0492560261441852,0.031030315465412777,0.020087995598736526,0.025890858665580795,0.014101205966892003,0.04819743283317462,0.034524511054823424,0.023079502140635165,0.02340062143503255,0.016577748925656825,0.039334280702609525,0.025572182241938968,0.028061215237440294,0.03224139592616381,0.03944558760982336,0.03433061274460437,0.02555542681553595,0.03842274820907195,0.031130437803879002,0.017219927732828575,0.046338199158214445,0.041365387206256585,0.0021739811378969505,0.05679140022053686,0.019862529008325587,0.02788222426770022,0.022445186533990618,0.011486465865317305,0.03508510293426039,0.020498010843025827,0.053450980393582946,0.035719257791610504,0.0024218038212516953,0.024542424118629363,0.05166912424634141,0.04220148470137256,0.02111643201092285,0.016633061837132184,0.02787485285163584,0.03346864855068246,0.045526012423034924,0.03404681401396608,0.03813783079197852,0.022500329387107686,0.05448190668992293,0.017397814386113847,0.07592579022711231,0.03651463475245917,0.04975570816770506,0.041480949854221925,0.03723954312013414,0.023435599269692627,0.030583869978355063,0.055772544779398116,0.014638824760036029,0.00897547342460246,0.030473043946805677,0.09095547287278388,0.01370562382894944,0.030598452611647658,0.0464564802485389,0.032762802063636146,0.07208062376265685
0.07648857054729324,0.03045849972392521,0.06675342817796956,0.06012866343242162,0.09162197569546028,0.0775710368636169,0.09041436667428655,0.05564831611321974,0.27810525911016604,0.06798057762617989,0.039893535358043145,0.030219355504911824,0.02493500181485823,0.05343518758992218,0.13725397873273193,0.0854608433068422,0.06814809554894743,0.03194416234290734,0.02895341356147356,0.04644413333417242,0.030097294799725494,0.09075162410225668,0.015340542519544637,0.059522527344037,0.03832851662960951,0.0075036663735161884,0.04736596495195781,0.04523956217411539,0.11601892666131443,0.05675389304831499,0.06047875925741644,0.02451478944805622,0.06614825585446346,0.08138034789968786,0.05160068808059371,0.09707950467942367,0.08603077503915975,0.04293766975753817,0.07892873597400732,0.05056198326365544,0.05549542375726645,0.028919724698243342,0.09081620357949206,0.053576489771024256,0.04590405150173121,0.04270523183291381,0.0243256577010809,0.049823022029620086,0.020869014716133956,0.06860816497415102,0.056953000935368696,0.06948165044986758,0.06658278314264185,0.060580501623166694,0.042966668770648246,0.05228485766432283,0.024214023773475563,0.07138537440445808,0.08972795917031148,0.004486098224334623,0.09399426707955613,0.04178214206168556,0.043419582581405804,0.03554589531989715,0.027910159005254922,0.09536563920498978,0.030026038336634527,0.0996197670889385,0.03688722485952755,0.0050988922102878234,0.045829278210809545,0.06373938255776862,0.07808321444607805,0.08555419503188637,0.017718576320371267,0.05986272433043831,0.07530638971852815,0.06391623113353807,0.06394825582367164,0.0661058776254416,0.048913612106303794,0.08403482546468004,0.04600635900415506,0.1618383679672293,0.051424375396774996,0.08314655905124266,0.07027881984048653,0.07739645103077135,0.050658651464182726,0.046835031888756005,0.08238050720415428,0.028441289717462688,0.0173731398666281,0.060912936568905215,0.15242395653920845,0.02501742678514807,0.05288317812439507,0.06931287006809089,0.09492821454417388,0.11076458790395574
0.0656319810754968,0.03209287827603701,0.05571057306442231,0.029392698605858157,0.058294077583738925,0.0427885547477936,0.04565924842954747,0.03828248563524799,0.06798057762617989,0.20354571472905636,0.03223517472840449,0.01642503070159426,0.018955451358830575,0.03321696236496627,0.08559842109064175,0.03513690990821644,0.04183130447036146,0.018837651334487684,0.009208825575927091,0.03002894649089062,0.03460780236734557,0.03633427365023004,0.0073604049821562965,0.0017953554462748842,0.022230070199944423,0.005740887665392833,0.022482711828114826,0.028622628142151423,0.03562381438822115,0.024735373482226933,0.05441241935399626,0.012645489502855229,0.09445412643056691,0.04527575982026813,0.03336931333357456,0.045676714327040756,0.03088259440383835,0.04188645522812374,0.04266964206591115,0.028650949437706266,0.025918101947788406,-0.0104360710260013,0.10307901283281777,0.01340699019585917,0.014242970538614008,0.024249617247321758,0.01642603582004538,0.024207337597708514,-0.00300428320869708,0.040073496201181134,0.025917528320484752,0.040164490313334675,0.04451482221860219,0.02765961252621754,0.02416112041529456,0.03630991873281209,0.021617050459703732,0.039821364861715315,0.02368177491681365,0.003793413591211886,0.09309511703549865,0.02703258958782785,0.035043181693109465,0.020420004762040433,0.02446240783273329,0.06471641590676581,0.02557126877519221,0.08124369451456469,0.04162995997615084,0.0047005196811196,0.0387678346269381,0.035383294235429893,0.06933265954095298,0.015341532344480479,0.014606143403544684,0.02578561202626629,0.051424511463908085,0.05947204841925732,0.04764800160850899,0.032685963431543834,0.036024124905950014,0.04592981115097411,0.030491651353551214,0.07517084158292105,0.032323876723564376,0.038111190982308786,0.0344052598481488,0.0403704452892438,0.034922344377415815,0.027144501302446705,0.034485335226914694,0.01822327224854102,0.011664885985015937,0.05117289107649556,0.045665827206618194,0.016061120350013332,0.028816900157655985,0.050283293565086054,0.039456966457280855,0.08365906222388152
0.03974441260128437,0.02812373961349998,0.04737470397757686,0.020548490865303515,0.04683561882201475,0.03552642737746197,0.04862430121479492,0.036908831052345895,0.039893535358043145,0.03223517472840449,0.0790412652975103,0.0168529744661604,0.012785770741967134,0.028644515568593053,0.05926590406437145,0.04002226241254887,0.03785326998949369,0.01811815791536132,0.01454966309643382,0.035268931423818026,0.02271554582568165,0.056043755056161514,0.01066266034167931,0.029535300563492285,0.020376893757691073,0.003929995289310179,0.016805445403934985,0.02969192890753863,0.07044254845875957,0.021650334105858097,0.035086498306673417,0.021394071905921738,0.03784766597855763,0.04441346484122722,0.02265615448052581,0.05790339980389693,0.04021633065294937,0.04207711521578104,0.023764581516109783,0.026030846048423314,0.022777243009396556,-0.0013160663824991648,0.03829667477734409,0.03302075470634862,0.02168504955196791,0.02231984935903534,0.01572614629104552,0.02855377490520275,0.016682921827459597,0.02362179917653921,0.035035906689027695,0.03612598540949298,0.04360490637825619,0.03168257925447775,0.035300978377134556,0.03605961552196483,0.0176853633723121,0.041825265594045036,0.04293227425672301,0.0033024013735745285,0.05813024689109922,0.026565261133079696,0.022540671052318422,0.022183843788383836,0.01342467273627724,0.03494958580602685,0.01998794685025854,0.07124269561666297,0.0330026253066959,0.0038031305721040213,0.02725463712253349,0.050975069413465184,0.05312313584693561,0.06141659839506246,0.012094315870312428,0.025719841316395625,0.036982105754822324,0.03869323245295644,0.03430269787785628,0.03031691035259771,0.02052919035115325,0.05232324148432188,0.02520864747874448,0.051831003860666344,0.033679756503335226,0.044797749289770865,0.034969769489696906,0.03243518503484442,0.033068581473850875,0.02193775633390001,0.0613286442398371,0.011626687661560041,0.012408265166818467,0.039881043635069495,0.05713034223868477,0.009523078531012181,0.03370631085669048,0.05056168868499932,0.02898373185559938,0.03872456416837302
0.019404842807322124,0.009601343124356704,0.028318076043649564,0.013672598439844807,0.0204105232347092,0.013644752697041554,0.018958783427205663,0.007935069617037866,0.030219355504911824,0.01642503070159426,0.0168529744661604,0.04974597760190342,0.002643359269638056,0.010907792579930332,0.03907999064130661,0.024679991439311034,0.018078797842066507,0.0051347084947959,0.0013917973868562247,0.008326094272976812,0.004327334993215964,0.02427084381052689,0.003671394077484655,0.007904290352388406,0.006414004625304866,0.0008639349097427329,0.008858880716674589,0.009773199324791223,0.03961388132765571,0.01301556397629095,0.005050186740530783,0.009576865733885685,0.040519045645166646,0.02040988830394759,0.006553162310702155,0.0246874391369066,0.017470839454801344,0.008822317728623321,0.023423607944049702,0.010440162591827121,0.008954879530374332,0.009213451672922923,0.027378596170132784,0.025860519163143848,0.010985745090960664,0.01706535493204441,0.007042358600849641,0.01205072006810089,0.0019546636164632925,0.01682673215903417,0.01779634697410092,0.012851188941837387,0.01990191041800844,0.013493516160030413,0.016070299838625342,0.012082381765370666,0.004609871481389356,0.014854858711899519,0.011220857439982109,-0.0025646649711073147,0.04122576674983408,0.00893789952816299,0.013235620523994488,0.005738389032339642,0.004625843712291839,0.01439625676814119,0.00654503358344074,0.04012142226697723,0.014595436158400678,0.0007419579998480945,0.013395945648388249,0.01373873276659146,0.021046011986475998,0.04242657388847258,0.006390943086252028,0.029413179784935017,0.013309860923314399,0.022873341150542306,0.008592012399841451,0.016209469658379026,0.0021178048271423546,0.027417712908769567,0.006630866871695702,0.0019002737293149722,0.013023414287846083,0.02022487863959803,0.016440323939532327,0.01183647136244355,0.01082660960015528,0.012305310606987698,0.023874553077778995,0.007485482571399321,0.006614589277069196,0.01695927261548367,0.01557753202308681,0.005811689649154598,0.012037830861125367,0.028462797971117258,0.012743296019217656,0.025376376109708765
0.012525922373029722,0.013309050648907257,0.01112980125213363,0.017564323334594328,0.03225827416932055,0.01469538337704356,0.01759582676737091,0.011388118891700761,0.02493500181485823,0.018955451358830575,0.012785770741967134,0.002643359269638056,0.051354283889315,0.01123379756303111,0.006576667594675711,0.00899497709441401,0.014443319688277804,0.00703999975203378,0.007137503041849636,0.027460483963653703,0.015259248352557937,0.024053844541186038,0.0018400313083474984,0.015593356501525673,0.007526896445817413,0.003656089915315181,0.02743769061297946,0.014006296606803418,0.006775743975273642,0.010354353681154777,0.011714571393362922,0.019514982358112432,0.013973591322012313,-0.006652880144259532,0.015693340467125134,0.004028608230855309,0.026080989396145785,0.007853394117483094,0.012393092309513761,0.003392855919758936,0.023992999776886632,0.032359330234850325,0.004113768835290118,0.007694165855251516,0.004831802791350487,0.0015326081814575417,0.006261651621163877,0.01049318381698213,0.0086728998198315,0.003733470506663074,0.006672777224886223,0.01371649131486367,0.009340924476054677,-0.0010258900057845152,0.0031780780645137567,0.010822472381287826,0.01117577080191481,0.012292992028100018,0.014602118913756934,0.025695781501150525,0.007705009379946799,0.01144835976085881,0.012240412165496968,0.025274828783005583,0.0062794859867649514,0.022985630416908914,0.02152600479064749,0.015186833018518092,0.016464117285428886,0.0024511880159623902,0.007924312251281602,0.013732043579675822,0.018044153858194658,0.0018060182247427222,0.008950042383239947,0.010926881739988124,0.009246501734041757,0.013606062899028661,0.027005143913327204,0.017348472817139686,0.01193761796790246,-0.0031731474181811163,0.01831060531891573,0.05050047139019837,0.000977629943051499,0.007908787325675586,0.014295260535193028,0.018114284486936923,0.013288301616495824,0.016388545864850387,0.0331780719742799,0.011278789247599626,0.005146868597606061,0.010236851634334208,0.014388882450561354,0.007991216895853604,0.007978823452976342,0.011680874493583668,0.016670828246997123,0.026178456582439214
0.03502309914466503,0.01866872754399541,0.021910630880523647,-0.010099186677482053,0.028454801845181336,0.024138243310447016,0.0446014514805627,0.03323188693584923,0.05343518758992218,0.03321696236496627,0.028644515568593053,0.010907792579930332,0.01123379756303111,0.09180894444108875,0.048563522081413193,0.03717778189974776,0.029069769376780345,0.024360059062139953,0.012558680854825074,0.02236314347239796,0.020695427739998128,0.04431816288277643,0.013353118290298376,0.01744359559441725,0.012545853523771284,0.0030518786195038177,0.01706102684399423,0.006642596545934185,0.049826256219297704,0.024047613140617707,0.02149897312106586,0.01955301583899651,0.020886397038809797,0.021837777350358266,0.01632705646023008,0.03296968277212818,0.03366026838003469,0.037040194696412496,0.03328761124864286,0.019426004276756063,0.017102818379336703,-0.00029248905066038056,0.03388146985521518,0.024547609352361544,0.015559012792299244,0.019503314426972982,0.016778440434465833,0.02456670781973676,-0.0005487572540169178,0.02683148780451426,0.029371603252450307,0.03377789035513992,0.024720093018871025,0.02313265085328575,0.030215491242631492,0.028098735302440607,0.016608013544755173,0.03346948578919976,0.021382645754655476,0.0008703473033860677,0.05113572041997231,0.017703065312718414,0.00045134107868186215,0.013714203790750426,0.014997498262167501,0.03767143714790613,0.014033542479563992,0.034063321965687614,0.023808785526217117,0.0029660483002590643,0.018178482461537936,0.03129812125584661,0.03249143924635282,0.027364120366120268,0.005755644974833515,0.029231370552481994,0.037570652508862046,0.033175822529704635,0.03287059971263588,0.03003889006845292,0.02007151035681061,0.04195156556224138,0.022269144982336366,0.02260956227137499,0.031091848767663063,0.019431738924701923,0.03308777756106134,0.03352391810422757,0.019796060397295954,0.02355960936432833,0.029458447704701442,0.012170255118551666,0.011370794690890087,0.026551736959848096,0.028528169382637882,0.011906090174534343,0.03362061357351761,0.041797389025059535,0.025043310051315194,0.05172892683037441
0.0912835421724667,0.023226052877702262,0.12609519408465328,0.031132880767623196,0.06665321785468899,0.07739719908106682,0.1101377270837067,0.06511224743535574,0.13725397873273193,0.08559842109064175,0.05926590406437145,0.03907999064130661,0.006576667594675711,0.048563522081413193,0.657399152552872,0.07117071462288066,0.06019057419468699,0.03649035298341314,0.014478522601022342,0.052868997659888554,0.06643059136990453,0.07186856060056575,0.030828676429181627,0.03554149327681577,0.03681311132139419,0.010557539569800139,0.013365855895774529,0.050379637910691874,0.12340466377484008,0.04584162157396257,0.09133718859258075,0.0780788495544487,0.12143029351284008,0.16850803426111668,0.04026707482601877,0.1374498643684103,0.06784184795534033,0.06076166519605131,0.07806532874579061,0.05120519903399843,0.014524956790416812,0.07317828571347593,0.2947407679104835,0.06614719019787355,0.05922066371539684,0.08426014571189504,0.03569246291256314,0.054747798529038945,0.05975642087608545,0.06797183169629369,0.07122666613269603,0.07513421112912978,0.06944015406231786,0.07544897010548744,0.08335310798440365,0.06731649543322568,0.03360922594720376,0.07993849680932595,0.056220458052459135,-0.016099090584850775,0.13594641609219774,0.055275542297310305,0.03565758457529333,0.027400309228368034,0.02239859089238559,0.10411188524812595,0.01950588307141898,0.21015852119556938,0.046307997107632705,0.006959188465374992,0.04436598879807214,0.0913189786018008,0.10618304923373359,0.05564924982983396,0.024764435944745637,0.04521186867497597,0.09589393906103234,0.06873850523720167,0.052595140010988174,0.05300430602840247,0.1294143231070446,0.14758690458448873,0.054092070524499894,0.2584035990389164,0.10057643239937882,0.11454128439112621,0.07470638628765797,0.09494323896143428,0.04803233623486287,0.055939737552991316,0.076333122869139,0.02883374056472756,0.02679328466220511,0.12334113830257781,0.1497259354258097,0.01794504700459035,0.06482859593488481,0.13451434493886372,0.09401581075410628,0.1989858655687408
0.0441671923792935,0.021012058183395695,0.04962010665378468,-0.013702751008697424,0.06613579828410639,0.037976211901310425,0.061546438433379334,0.05344260745185308,0.0854608433068422,0.03513690990821644,0.04002226241254887,0.024679991439311034,0.00899497709441401,0.03717778189974776,0.07117071462288066,0.2736819606827842,0.04106385480264803,0.03397020684342794,0.02578410919333867,0.035410712846952574,0.013669142774416769,0.08041737150909355,0.02672842890243002,0.049170752128879794,0.027141254477574466,0.0028603604057407376,0.017354837469345907,0.030154015541920678,0.06277549907345502,0.043048077600858235,0.03228454925968853,0.022299665538693395,0.0921050063097704,0.054958950330668,0.02240753298802914,0.05942902114204502,0.05949434905298963,0.07482707939463767,0.047688471743298766,0.02827750790572809,0.022846024656682694,0.016378065340164505,0.07224149555450542,0.03915731818387343,0.04053389553292195,0.028249761906105626,0.019900898570840368,0.041595009614796,0.005547148291238169,0.025135240065482827,0.0433851912430868,0.03701608651944367,0.03979863054959773,0.04308183607745045,0.0580751650387652,0.02679955614111094,0.024627988073087703,0.05549610200773576,0.04944316989876998,-0.0012501194468293128,0.06744770993145438,0.023017422292134687,0.020483184548258336,0.02234750083114371,0.013016113616963483,0.04437944992807461,0.012239174231140178,0.06487619202844541,0.034063704074020144,0.0023959661228068205,0.020115202522188493,0.08843615909738137,0.06931737121206998,0.01989111606479299,0.015193551383258555,0.04395093113229823,0.05060490841975317,0.04055676020119054,0.03898813075640516,0.04113591084188487,0.04001163341459204,0.06413640902976366,0.01692779166787805,0.036038595031600965,0.03899844679619816,0.07249964597590891,0.038908079195768774,0.047977700015781666,0.03873955318089212,0.029782899567161358,0.033681048276007736,0.01423032852341897,0.01942342395743231,0.041340706865303,0.12070052392496787,0.011321541406893383,0.03492803040449847,0.04258408370998867,0.025703044147233806,0.0572109627800791
0.05146231688335435,0.02317342072556069,0.05250814873643831,0.01026983672119193,0.03926529766821286,0.03249347464914058,0.05276282036634075,0.0361078994891604,0.06814809554894743,0.04183130447036146,0.03785326998949369,0.018078797842066507,0.014443319688277804,0.029069769376780345,0.06019057419468699,0.04106385480264803,0.08895515155949903,0.022055724128059975,0.011552787015191931,0.03337643136728414,0.02100834787972777,0.0578381074465482,0.011932331208416708,0.02943357864330263,0.0234415842681044,0.0027981102641414387,0.020784097003528446,0.03234937346969151,0.04356556435079588,0.028908608904195995,0.035059044139570956,0.027669649968091493,0.03899426696479815,0.05073014737061926,0.038390008383422436,0.04365257608194653,0.0496950987885751,0.04428801400863579,0.047355893015323794,0.026306461324016102,0.024126218945179172,-0.028986799541968037,0.05614468491031665,0.038431837250075235,0.020231522653572667,0.02543949810724881,0.020376777686654465,0.035027179366499565,0.0206319349413273,0.027104592947524188,0.02728609884669231,0.04225744086191347,0.04215988962518133,0.042618180741057506,0.03800705983195968,0.029709584067035076,0.018480907546839356,0.04323574901155014,0.052020873359901444,0.002007750789691908,0.06896028989955072,0.029960997973434392,0.02107317163057306,0.023834079387711482,0.01619712307062576,0.06294124580397627,0.017762512734808607,0.057893671721098904,0.03333877769391578,0.004028766399512277,0.027883541810282585,0.031928109051698315,0.055103128403941624,0.04255070679998758,0.01211382270797003,0.03386007532070785,0.036661223068303696,0.03486772247701517,0.035230628829414926,0.03974755806977041,0.02161549248540377,0.05488985932943241,0.020688145982320348,0.057286315808558745,0.033685077658302406,0.055433403472712806,0.04338061084042676,0.0432544763261797,0.026785437543375465,0.03355896199365354,0.04784601083489307,0.014151777926196128,0.013450331472429041,0.049868804769221516,0.05477873983451926,0.014522063450905951,0.03142528793852548,0.06142512210043781,0.04990973972236694,0.03748643733272193
0.024604857567512087,0.01455258372072063,0.02111276168128277,0.0129468445650751,0.04751387226981984,0.012335902022700029,0.03304197595836547,0.02423533147659515,0.03194416234290734,0.018837651334487684,0.01811815791536132,0.0051347084947959,0.00703999975203378,0.024360059062139953,0.03649035298341314,0.03397020684342794,0.022055724128059975,0.05664076239880755,0.004081906831828688,0.018595449404491916,0.007405524474740343,0.02872622849215454,0.017951891702288808,0.01605467127131033,0.012090995548599775,0.0018516087952803232,0.009392692954084346,0.016117011928737796,0.03643413167827947,0.011973147611982985,0.022362309370769745,0.01167908795463017,0.025659303119334006,0.024771252839228326,0.01865974885665579,0.03509318491311993,0.035552642526761685,0.02344773264957595,0.01850318187500768,0.014691027486884094,0.008446051302765685,-0.019475295406211086,0.03536152543950906,0.017734610366033667,0.014544736077338647,0.012878180940152856,0.013983075733878917,0.022225738063825228,0.01010334832810929,0.021037098089397605,0.02111403334848897,0.02718233371483849,0.0215856916257505,0.028235806679067253,0.02507043557062165,0.0194040000888402,0.012863394810381693,0.027386564522383913,0.0255055705598938,-0.0005383941952611903,0.04870008949723437,0.0172391158210979,0.021436565787667342,0.01622832323859211,0.00979229902634767,0.025243388696375945,0.004468541852318259,0.05323601702894396,0.0213405608522803,0.003031948600788722,0.008762399401685009,0.03657883030100409,0.028360946387096457,0.0019824531460365725,0.009029670380205652,0.02266956854748167,0.024904435063171096,0.019629076401940317,0.01000574434808479,0.022054101685483277,0.014556954068242006,0.04224681817447343,0.008671668684861137,0.07931791831193892,0.031245482550995064,0.017252470444354222,0.027622788281465832,0.024444268603361182,0.008460300979275179,0.022995221415381243,0.018210279583397396,0.009816209069302959,0.007314575472844158,0.017456077403795456,0.034885517116417686,0.010223368094827533,0.02970532212861679,0.0347807883950579,0.0189611767796795,0.0337583934427575
0.008044739723471986,0.004426123103700152,0.014936086894921935,0.01747091391201998,0.016083845505335547,0.0023426887128270247,0.011825816274682896,0.014932236960563216,0.02895341356147356,0.009208825575927091,0.01454966309643382,0.0013917973868562247,0.007137503041849636,0.012558680854825074,0.014478522601022342,0.02578410919333867,0.011552787015191931,0.004081906831828688,0.10000387595486215,0.005576120492697909,0.0034754872506897283,0.02724981803661344,0.008482183955949147,0.01454179119179232,0.01005682770447846,0.0012668307571098631,0.009677193007840767,0.017373078710787297,0.017787108190637592,0.016316447032108657,0.0006461988343575644,0.017909090367987792,0.033133246006214,0.02478671531272256,0.006553313176807233,0.025123636003066333,0.027492963227661673,0.025236881068698452,0.008515309345457843,0.014179325610364949,0.01266076335118647,0.018074310707924684,0.016261570643017628,0.008343751929369465,0.005074398644638414,0.004870479724261025,0.008317995502899599,0.016400499858626686,-0.014347629735159878,0.020639373599531947,0.0046114820234702545,0.014196100947040869,0.008096401534791506,0.021748025693560276,0.01674453944275333,0.007923271754422399,0.005223906837505426,0.023509112325212033,0.013082968054078886,0.004743162045847477,0.01623531670141415,0.005775632686596693,0.020526568436730466,0.01238202325768021,0.006278967489278643,0.021476860225171403,0.009432606048049165,0.0067352944384094365,0.02349892893592982,0.001711858513313061,0.004907674556299376,0.018048052549511483,0.026024885304939228,0.013226893884473635,0.010498883123355052,0.011393078850341841,0.024474390525393706,0.013303047555934542,0.014467831094218297,0.01615151737834551,0.021928652762759297,0.012142508095929783,0.0064783235376745345,0.005722413562831697,0.010756376607795682,0.02701892432920874,0.015449244935106014,0.012417627268479663,0.009669273955573446,0.01301787597001,0.017333663156953248,0.0057879631993316295,0.006797161791280097,0.01953133904368483,-0.041619214174938066,0.007021601610944903,0.015254109642978051,0.0021254016920315187,0.017413983088952447,0.02615833820648201
