0.054187695547970434,0.041768267096971255,0.027378858609597656,0.01866140936104104,0.018218933824421985,0.04435493602192761,0.05216733761298194,0.016144182229405887,0.03092589847154619,0.02817950252049319,0.0940883818770992,0.025694954966753107,0.021063763757283433,0.01619208612285986,0.07841025245351735,0.01956408232684425,0.06527165805330533,0.01148918900072334,0.05902737049301378,0.01732565005608292,0.03991814157979128,0.04601423344952035,0.020757193928821596,0.024001975869967437,0.020977424331306303,0.09909256924148095,0.025615864934961863,0.027574792137516537,0.046656669764983914,0.012444801558976641,0.03723204422026909,0.02514953325893233,0.02211780870829156,0.03854781416020876,0.072071037065986,0.02668661704226419,0.02943389984203299,0.07418483337655453,0.01573732676077628,0.06414359864765116,0.023360727634074582,0.023136205830765234,0.04534121027723388,0.053488621032025084,0.020791119474712124,0.012787971856052162,0.018216758162778467,0.029708275650062777,0.01215079823613318,0.011964123499518585,0.020441340278838465,0.02603154540485676,0.05153880949705631,0.03278650429609014,0.041330603599022256,0.026964576573755922,0.02048075138796203,0.01686978591301371,0.02054093760558406,0.019473998031316456,0.013978382129373962,0.01859508419892803,0.037464519337890564,0.018253191472420285,0.046688121863849324,0.05290099903454856,0.026941341153977994,0.034104498079374324,0.023868461331583296,0.023600742259718085,0.019518622878170015,0.003394870589457534,0.01714190576417372,0.0024375025399632788,0.04906505695930474,0.003758804602261897,0.04532930185880825,0.06578058327897088,0.0139659134551046,0.05080006200325031,0.03381314557524708,0.02827730799530249,0.03535819194499042,0.02155223267218321,0.031061932282100687,0.019042109599577577,0.028506316360638936,0.06616053000411116,0.008189407778645926,0.028401279686336826,0.009008010346336425,0.03537399584583473,0.016444502351645088,0.04072740083735772,0.028652870082438515,0.009613753951180415,0.01500030150615774,0.059351759576258996,0.048469825414488854,0.017742755234965487
0.041768267096971255,0.13262219931404146,0.02318744545689253,0.0245662803860726,0.02048047318669274,0.05168653380530334,0.06394185698518694,0.01864640596941661,0.04703848783362443,0.02693851941454648,0.08141465186819649,0.019802909529671817,0.030747009916652843,0.020729649164342903,0.09350854929226515,0.02277475586508952,0.07680007436364977,0.01528907694970689,0.07991354775531609,0.02692229741407098,0.045660252717237115,0.026707812888697998,0.02024317010851659,0.017150821949645605,0.026004851822074147,0.11829370243217721,0.028842501681461248,0.0374584560343327,0.038722667867012915,0.014661906110765476,0.04173413474593749,0.034027873469340865,0.030147430782230474,0.047169947509722955,0.08975162502873085,0.04786540321469656,0.07064842548624561,0.07043803459747557,0.027114067147949106,0.0819748578415207,0.02701396289061231,0.03240723132721167,0.05725089361835851,0.07014519358390926,0.01307029234155159,0.011604887104521061,0.015428048453277996,0.0328191965988133,0.013503448768591346,0.011083768552597491,0.03544549528847902,0.03133109039121553,0.04310192250734074,0.04749268105542852,0.057214908287030714,0.04169293752566878,0.03145290684728488,0.027450145562264522,0.024309227030460016,0.023587578219129126,0.016988199748793904,0.022748519365724716,0.05419061865322018,0.0192692880537536,0.07195930437043135,0.062843167341699,0.04270549065979552,0.03853341725805279,0.03989482577623451,0.03207106153310349,0.025861234078623632,0.005370471729451059,0.02226365160668142,-0.0016414588822803722,0.0688276969842579,-0.0008235727158267147,0.041884380612563686,0.05383722920828732,0.03128144255404979,0.023138378827694952,0.04993118634999965,0.033122040101371146,0.04861889816740513,0.026223960668466544,0.04029551434354122,0.018252902384402588,0.03779822000252293,0.064999282933108,0.006835300073066083,0.028719972395666767,0.006280554825541347,0.04132632022587229,0.02160779388978082,0.05101855512857769,0.04252260166414478,0.009525316340741103,0.01747307099917827,0.07910258329493233,0.06478032027190378,0.03292858774505921
0.027378858609597656,0.02318744545689253,0.07331626695760955,0.03316233074139291,0.016515501875295747,0.02252760011840912,0.030266492748116797,0.011251939981766428,0.01800604356693715,0.017801446603986713,0.0887836169575086,0.01625300219326923,0.01381251314572531,0.01015193295697177,0.08802127299093342,0.018426820530505247,0.07257153737929214,0.005311694164963323,0.024754451001841298,0.015257956263394844,0.016319399717436525,0.042462757362320754,0.02417426661699012,0.012916390276472177,0.01498218609659023,0.06279620490108823,0.008165949211078655,0.013537338836222212,0.01274608281243822,0.006936842431242265,0.030955476566051913,0.024677414408201023,0.01884614898604658,0.02053736727168338,0.04756932782718935,0.01662821648282716,0.028285284238615083,0.09894815377422664,0.012394347387651558,0.03577576047670219,0.012549000888692211,0.011369533182641695,0.03137927423508724,0.03555681105803459,0.013366882478045046,0.007286851478072951,0.007624135329309697,0.02171504127975683,0.004585249864606372,0.012050542866364042,0.018755911045107394,0.01820472244526622,0.031545146418175345,0.03450865726321463,0.056987243566653016,0.016919675546368033,0.015061489515980905,0.013702405578617667,0.012925132395827226,0.016580929062919327,0.007665074735947193,0.017348090661392264,0.023819166663407405,0.011613353474533407,0.027902190865233354,0.0413411951812101,0.010554612321902817,0.02646724506109551,0.022769608543410074,0.011847441328777448,0.01998318466905768,0.0033543188314225946,0.010488331886407309,-0.0005979005839359525,0.04467429813245422,-0.0009090554293117978,0.03443160518575449,0.09586553260037585,-0.0045080363323932995,0.07034280413582047,0.04676657071575258,0.011168290640994285,0.023679528476111808,0.013167068161799167,0.029514944117788898,0.015867519788335546,0.02539048321229523,0.08466799633469499,0.006116183192613562,0.013604937244363851,0.0024651397697325193,0.029565368064096025,0.01415256589616863,0.02956076163865094,0.018620338886856668,0.00433177511993407,0.009241330411862316,0.05855185618728119,0.058635094276933974,0.016924366227680773
0.01866140936104104,0.0245662803860726,0.03316233074139291,0.08678625714501294,0.016891759757115276,0.008423556883142481,0.029780607939014606,0.013194247241921113,0.01652600554887187,0.004587287819388713,0.0783611122013998,0.0067424774662608825,0.01445343714253196,0.011614726061524538,0.030981321499547913,0.0053211605646348754,0.059950293667256176,0.005060068540856703,0.02344748787875747,0.01833590880308889,-0.0011359182844599123,0.010127282737733395,0.02257893751258073,0.01652804540587558,0.005193659907692623,0.054756279397355806,0.013331090094504715,0.0037628284120937243,0.0044109349956629835,0.0058308185413126915,0.011981305010045417,0.017277569647644434,0.01729325688906961,0.023701866786754504,0.040953433983222896,0.007875390838367176,0.01332016875709925,0.06661018393201584,0.012121029061669288,0.045141125974973974,0.003375578624949426,0.01942514723720968,0.031049798103249444,0.018579635871662194,0.008031419401741903,0.005339810465831886,0.0029454996661912474,0.012453039215464569,0.005912622137525384,0.008977343619189384,0.019131073596678448,0.013602100373832386,0.018948227647218003,0.034779854990233554,0.06496732820733697,0.024254613090759762,0.018183173135164456,0.004381824353683533,0.011228474170899245,0.011368108530299547,0.008007707927650133,0.008900401382111739,0.022527892948731736,0.010286743466878296,0.03259930171962427,0.023116589829890594,0.01567959100880933,0.02034807918885565,0.005141001479590582,0.011394201586862933,0.018677387475496774,0.0054297001222726,0.0112867596588704,-0.0022844601842038296,0.025851046995882247,-0.0033642717303567476,0.012462455552883249,0.058524131637613,0.0027792764270216015,0.04889818664946918,0.042224841599328815,0.018107825657038678,0.02817789615155625,0.010426134197966485,0.0307493119002461,0.017013615045479224,0.013107973867991118,0.06585670535586764,0.002545939592514695,0.008931573626720422,-0.0013985208469495692,0.011467849129430744,0.011842223167412888,0.02655631072346753,0.019169793413711125,0.0031991363954186553,0.008820684331579811,0.009340996680442061,0.03999926690726622,0.015302609245498658
0.018218933824421985,0.02048047318669274,0.016515501875295747,0.016891759757115276,0.1986983149309183,0.030788290591210285,0.027898819472485945,0.00934833533549194,0.025705336586847115,0.01894693220186574,0.06282216706864281,0.012098861914041473,-0.010817616192140072,0.010256321817054081,0.016711518302041924,0.025090172942720652,0.034514301699651175,0.008234885956924435,0.030880916780311424,-0.0010179917553728606,0.019607230523843066,0.002634733742826927,0.014753623445927106,0.01995835661783404,0.0178001791449138,0.08609761500948732,0.014034377881909999,0.006181120729690927,0.006108288001648509,0.013127328568366108,0.02509886353860884,0.01482546307657448,-0.004914036561640721,0.014858264642341565,0.07172619769122884,0.009401342805742044,0.032110149724490285,0.05774747565430287,0.0028949608251013503,0.012000315913781546,0.009518910572663155,0.006567227994980938,0.016740896628380818,0.020603093043736663,-0.0031414807674476843,0.014951249493523413,0.01829879741243897,0.007453155039034879,0.009729818710200447,0.010691128168371871,-0.02430405399369359,-0.020174384858251643,0.02382778031403939,0.016913210770695134,0.03911866888618393,0.03164749274660133,0.01676230966351718,0.015167563159956644,0.00479104729529403,0.009921753311745406,0.0030757618084812995,0.0035444931880781357,0.019795484596349278,0.014346297178839344,0.029257664808224358,0.04556274959264563,-0.0011991556981244206,0.017042612479906263,0.02068142644275615,0.016593327738539013,0.012411196442506201,0.008845894239986747,0.006640028742328163,0.0007517139955950198,0.019356093225366622,0.0007211756942537996,0.011913636046426836,0.02233812287642802,0.031548154697417,0.05735601264576836,-0.008959835498248516,0.011720498502379488,0.01674582669540556,0.010133567956914202,0.0393615518410518,0.0009328574548828534,0.014288825995466492,-0.0028339078516349064,0.009327717849102156,0.012249531387690346,0.009986172189445705,0.019152540212146393,0.0006002628208257674,0.021700141644341125,0.017313846130223978,0.006868947636099723,0.002100281395811925,-0.03816291656236526,0.009470142173488386,0.0014464935439035536
0.04435493602192761,0.05168653380530334,0.02252760011840912,0.008423556883142481,0.030788290591210285,0.24226756930304313,0.06531720580448752,0.013019675384881123,0.05179037814731543,0.036742485604336135,0.12905120549070548,0.019914726382396646,0.03496752258486474,0.022401384183274486,0.10978928005293792,0.012284934114149838,0.10943791110644187,0.02493256187814195,0.08840841437458843,0.019951038626455895,0.062386743005023726,0.06153333955776455,0.02827807928380253,0.029527234583317668,0.0241943215138916,0.07836310825885105,0.042806952215141296,0.03492983037070062,0.03564480829043077,0.014723770731155498,0.09582755227156066,0.020819494321622882,0.04203282404281837,0.04978528436621709,0.11214242423766843,0.03856760395929866,0.0389280211921036,0.10641408092698011,0.030228234233842965,0.10249950274757708,0.025539357151666185,0.04348317645587015,0.08054101614248932,0.09354950017448926,0.01701527321416997,0.023107883170565332,0.027539646731064068,0.05005911591398576,0.017952200570391666,0.008330449827166967,0.018252026638633876,0.0366922328537198,0.09335520668523267,0.04912418076488674,0.08858742244167389,0.058882805221413814,0.02965996499196528,0.026969763951157338,0.02751180887707362,0.004899847701622426,0.0287760098769217,0.023490059224110845,0.04741569076160062,0.014688028820359382,0.05905952680539016,0.07826468982341249,0.03217825527628918,0.03666965617387151,0.05089278799825462,0.04472368653830462,0.026411106778540108,0.00011562989101220317,0.012077521803724171,0.003547939656349311,0.07280307628252239,-0.0006697112459143524,0.08972283408734859,0.1010528857833702,0.014879510676184916,0.11827692629863919,0.09667228261352662,0.027925403254695187,0.04316055748006971,0.041518654245685564,0.06112027688756094,0.007943563848599318,0.03963610472296361,0.08478475540911329,0.0069159195945262646,0.050767635008245056,0.010828267394675573,0.05482643715156912,0.024754248200356672,0.06834731293064168,0.04215792222203955,0.008649723466766138,0.019126012555725012,0.10073858677297952,0.10154246264058604,0.04066018947627359
0.05216733761298194,0.06394185698518694,0.030266492748116797,0.029780607939014606,0.027898819472485945,0.06531720580448752,0.12740688177324394,0.03268050347799411,0.060753532173786505,0.03223644911784502,0.12119527663010138,0.024936147029905955,0.041540791131387575,0.03301195788192874,0.06366755385835034,0.031211190698423718,0.10118713130238022,0.021000741799315575,0.11870163860043435,0.0288738120759294,0.057754506923975074,0.029858347556769763,0.026504396342961947,0.026908074760422965,0.04078114794987403,0.22760175756135467,0.041141949730521224,0.05323100997930028,0.08629652895951835,0.017090686667890397,0.042821039781617116,0.050711683297420374,0.046734235195757104,0.06483261757784654,0.13881167769229122,0.049700242914929124,0.041235752903241656,0.10931840790639166,0.032081290659120014,0.12858401669753777,0.03527602670657083,0.03962585702329525,0.08555609835523999,0.08359197603985667,0.03205348046698895,0.02178821123789273,0.023363127372668407,0.04622899434654431,0.020663901415179795,0.014330042127612571,0.045438348727098905,0.03456324471670916,0.06631533452716312,0.06406970001918583,0.07321858573834972,0.04872779780657778,0.04332481213888414,0.031114833829121797,0.03003222393579571,0.030666196466807676,0.02881665458537339,0.024117522498308397,0.06584184607007383,0.028786699319050216,0.0800066678957596,0.11621834503289995,0.050797131856837915,0.045057271376092084,0.02272630899402957,0.04185166465336025,0.03636443303024498,0.007309749330199787,0.02951879158059016,-0.004182315552591271,0.07919994233254957,-0.004236130326908508,0.056620573369727735,0.07985388711328312,0.047504523910231876,0.08777972694730224,0.05609334571080934,0.041074874757270764,0.0704308853316535,0.03280792058438761,0.06598916328265651,0.030928993270217222,0.04139483753500784,0.07821905332361483,0.010664291987069512,0.04739833635276471,0.009441701817435881,0.04756539484567501,0.03294319639956563,0.08446097542792129,0.04232635648624882,0.010414803993696696,0.022307940499176747,0.15727864189998156,0.0701402129835016,0.035337254262464035
0.016144182229405887,0.01864640596941661,0.011251939981766428,0.013194247241921113,0.00934833533549194,0.013019675384881123,0.03268050347799411,0.028754609544484094,0.01850891140281543,0.011244115213189918,0.067549844785519,0.010454265664452565,0.015728255990407187,0.011525796795481234,0.03221939640257936,0.012186394204151942,0.03307709184507677,0.014714885231407612,0.04301990817745505,0.016538976038144425,0.015538471849819886,0.01393192333220929,0.006462233370536114,0.007649284186538574,0.013390572990413482,0.07943639771122663,0.01663049848682604,0.017720788833707566,0.028656477668928225,0.006290288306358846,0.012193179732404325,0.01254952273126121,0.00943828661827848,0.02554278317983862,0.04676854624852803,0.015600491936672888,0.008924951700290363,0.03779575822786688,0.010366175727741556,0.043882164639448926,0.014107932977778605,0.010352945428830772,0.02839695533246653,0.03266449008991284,0.014931311175719893,0.009574993190791978,0.00819505470391454,0.0148480999039573,0.009291238049811367,0.005790432436942041,0.012924392735049132,0.014601356861149807,0.018014590585696082,0.01752415910413079,0.028866120393938637,0.020216545512409693,0.01287349949871359,0.01630877158901905,0.013806371726668489,0.01847947702288172,0.014948871698978461,0.010659012270447295,0.02295608555598019,0.01139001312740151,0.029340133259420257,0.034415768554004744,0.012245523458400359,0.01309097218909982,0.009094585817134106,0.018256558558782145,0.007254677233749385,0.0039651623634625235,0.014151152330628285,0.004865011761619488,0.03333065245664056,0.0049397250141348875,0.02339977531896317,0.02723412003317226,0.0161556478174091,0.019837637833456993,0.01923707993357953,0.013853221234035944,0.02022775428415076,0.013403056211302068,0.02650240635513386,0.010727855985228896,0.013650574372067665,0.03678542387294698,0.005656640774679528,0.014351055170194868,0.009711381277534665,0.019301997737911417,0.00791026766596871,0.022777804532908664,0.016329036628144594,0.005428958376651304,0.012851698380123976,0.051065602005119275,0.021262110005561566,0.012351757320494337
0.03092589847154619,0.04703848783362443,0.01800604356693715,0.01652600554887187,0.025705336586847115,0.05179037814731543,0.060753532173786505,0.01850891140281543,0.0689414841551109,0.020160106842047935,0.06050343389257438,0.01556318717214965,0.029543817396095233,0.024482991589848922,0.04683516292521435,0.021486921508558826,0.04324427587393814,0.020479109508610652,0.06534412330831409,0.023044768652227102,0.048358788252303095,0.031211125165249324,0.016090204048456222,0.016950266765826706,0.02623078322217087,0.11663359261892187,0.03239425175462324,0.02991959540943041,0.04497724092692359,0.016203717618705565,0.03409596115595583,0.0316990857046181,0.03549854781259421,0.04584434374605448,0.08088927413128477,0.03622451896548867,0.030841257928650632,0.06090382024569588,0.024886451025593285,0.07632408886941426,0.029648859856700047,0.02871836754298957,0.05982902090493436,0.057492104604200026,0.018434156169972748,0.015038883540780668,0.02206928303247378,0.0280981917783987,0.01657297933435425,0.010774248290501165,0.029306941247344804,0.028109324833007744,0.03562073263760184,0.041956338246790514,0.059554513882832304,0.035520380381676014,0.025523861233954045,0.018695369925260642,0.022822860944853033,0.014558575292700032,0.01616065455377254,0.02019839113957395,0.039046919145010794,0.019458220316927795,0.04275735500053993,0.07041437087433186,0.03536210783255628,0.02159921972854449,0.020805831946800656,0.027214756620828968,0.029188398291599985,0.003070915752390288,0.019516404118116205,0.004868265351832708,0.07171478643481426,0.005955021311170236,0.03950137171295056,0.04584301740865102,0.02412898645493669,0.06438436630472744,0.03603841417029409,0.0261661107651212,0.037878084874237404,0.019898891086093568,0.03949206232695593,0.017512711026799837,0.03441955418084885,0.05393613904055732,0.005047841702896706,0.030272933607168324,0.015283649177723251,0.03051031887813382,0.022659043574921038,0.05448903178438487,0.03125828751260106,0.00971038215878891,0.02071061707379347,0.07541627881480281,0.048984334970972966,0.025444799279622184
0.02817950252049319,0.02693851941454648,0.017801446603986713,0.004587287819388713,0.01894693220186574,0.036742485604336135,0.03223644911784502,0.011244115213189918,0.020160106842047935,0.09659422428171549,0.07430306579492567,0.02344147711416516,0.011828591641481012,0.01256518052846852,0.051096086051804206,0.017664605790920558,0.04211665814360739,0.011433644599519491,0.02184200706754686,0.017590027021179854,0.03689016668928681,0.023005881071278465,0.012435867401821845,0.0405259671173755,0.014309832837830097,0.0061197417604644064,0.030103132277511727,0.015898341308678652,0.04732325544029706,0.017243470381455933,0.04265494556657558,0.016713930994561296,0.007159653617922335,0.026492209735456518,0.044454442921518456,0.019760187587173777,0.02276459239549372,0.0499756896994769,0.010417401874515233,0.03945871884514872,0.015907055197916787,0.024584161886186156,0.05043001851809093,0.043771678256813204,0.018825674969180268,0.012064755805528916,0.01711972200353146,0.04028930370962279,0.017495976559537704,0.011926284432259947,0.009519768633452573,0.010234190967837465,0.045203090942123526,0.03065481976922304,0.016684799288352915,0.020484594343238693,0.013058789025026463,0.014664079580901908,0.018206073706252008,0.010409504919819087,0.007569740780142912,0.010580950462701914,0.032285086302766206,0.016125051727693334,0.04088589204776151,0.015982699343570463,0.022322587613121263,0.026366531972743523,0.02414840514273419,0.025398382937039717,0.010066850744188208,0.004038950464393043,0.015359838635972827,0.012875916842811428,0.013360196439071678,0.01399096307355834,0.034077237583722116,0.045429037383326765,-0.004865439690541315,0.03282821167076492,0.010258237551022877,0.02756881430651385,0.015335185608209434,0.017900316874830898,0.016478688111305626,0.017419849158603007,0.02641124748422829,0.041451195686022166,0.007341341051088837,0.03188087714400534,0.018517665834697918,0.04148543352346332,0.013904262795833573,0.03388081353559564,0.02564709540151954,0.011445613082400335,0.015605234469927646,0.09217942699521436,0.03775442888037655,0.019994183851393035
0.0940883818770992,0.08141465186819649,0.0887836169575086,0.0783611122013998,0.06282216706864281,0.12905120549070548,0.12119527663010138,0.067549844785519,0.06050343389257438,0.07430306579492567,1.1044717400570474,0.03930783199593371,0.028210915601733104,0.023362199790449865,0.37091110933266785,0.054593188452357784,0.3432161078198469,0.0369683040700913,0.1521753691478435,0.06117756459772381,0.08706840710966895,0.15030225029786176,0.07055946881655724,0.08606454792994013,0.017548111939643354,0.3570932471143089,0.04250448281288966,0.0664952871108392,0.06655792255913837,0.02529532016975394,0.13853643182129902,0.036598536498804686,0.04719358130317632,0.06323649580809225,0.2947347137291282,0.05955002875525593,0.05981422082667706,0.34603322224582117,0.029836175196442598,0.18504948405524857,0.05605487145277423,0.05003242887062794,0.1391955303432345,0.13581822189825146,0.05044404660574671,0.048797054980148635,-0.0008654511491435138,0.07166857701765615,0.01902350827452726,0.004783981598380212,0.00501554279312058,0.06165622525274558,0.1743725037060267,0.12176263178616696,0.18901115432023632,0.12785451630557093,0.031756735559390716,0.08365946639689976,0.0531333676561171,0.051763571776786865,0.06109214314333928,0.044418162536146416,0.09933390200635298,0.042928622112626304,0.1358568128345821,0.12895405604923454,0.03917592209450972,0.05196460302344505,0.04972997965234163,0.08722734995917002,0.03994556835929641,0.027275836925022015,0.0434108013057185,-0.006866512572579362,0.1834557672678037,7.51214943727916e-05,0.18866331480919912,0.33842983280431566,0.09646065703551168,0.32268720681577845,0.1622645117264942,0.07197828399754919,0.11354736152362703,0.04237611075190413,0.14038257900942516,0.04889576419428401,0.04785889394630676,0.320407347981208,0.02942478377459955,0.07351846120851276,0.022749733520971295,0.11008125249987061,0.008023858397698086,0.07700842566023114,0.08875335150135297,0.014593573078974712,0.050659959072461395,0.20594798971909953,0.1874848243972316,0.02500055204393746
0.025694954966753107,0.019802909529671817,0.01625300219326923,0.0067424774662608825,0.012098861914041473,0.019914726382396646,0.024936147029905955,0.010454265664452565,0.01556318717214965,0.02344147711416516,0.03930783199593371,0.03444121986979305,0.012914605221245337,0.009708712138672049,0.03765554271103087,0.008484267755257794,0.026246388880776184,0.005768117802156181,0.017348002718810963,0.010020847157521226,0.026895580945488187,0.02549453811692301,0.01155899732275842,0.012692035894731231,0.012199004161675868,0.02342950422182975,0.012535225571382862,0.012654477016056218,0.027990414299313662,0.009893974733731348,0.018078167428492387,0.009963442731067635,0.004762434996704528,0.016624449815665597,0.022350611903424116,0.015568390516700094,0.017550920571347488,0.03404726589779671,0.004439812203935371,0.022205034901790283,0.014189699887733258,0.014794051633869917,0.016600005323423477,0.025626725356295153,0.010053889202513332,0.006713466531858801,0.008104200795863228,0.011791812416935714,0.00936421562978458,0.0110865327014627,0.0069122253809089365,0.014766551451323853,0.037685471643072434,0.019662849475775374,0.008978870578574808,0.012604538752144802,0.00889737028203156,0.011442698495230809,0.004476686843865236,0.012782442660258776,0.006184239651368884,0.008536952155170667,0.023415017838165623,0.013378982822551856,0.02701834299608221,0.017602385263529273,0.016542479067485568,0.015707279936304403,0.013012217729428921,0.013753624407430009,0.005874947076632066,0.000706577952207076,0.0119318977779989,0.008704634202945621,0.02031418634223218,0.00856559895275721,0.031613067391207894,0.033974336436596274,0.006454009034571084,0.010294647961004438,0.022033327368944783,0.01819287908998118,0.014848256331707147,0.009257052237665372,0.016634691468540984,0.011602857037488581,0.015343036440186211,0.038716813003018456,0.003780742994441074,0.017128075754380637,0.010434227908633992,0.02193954842553743,0.008557705304020042,0.020254670158827145,0.017829017177414204,0.0075006661965266236,0.010503958998359214,0.02988470720117334,0.03212569648370488,0.011972441482147298
0.021063763757283433,0.030747009916652843,0.01381251314572531,0.01445343714253196,-0.010817616192140072,0.03496752258486474,0.041540791131387575,0.015728255990407187,0.029543817396095233,0.011828591641481012,0.028210915601733104,0.012914605221245337,0.09180894444108875,0.019089020881403053,0.004408536796054859,0.02090879360455542,0.048263433651219094,0.012991818049313689,0.042734948444095866,0.023619892436285823,0.031831626060462435,0.021529327349031926,0.019360016241142027,0.017948490974207774,0.016264032311350672,0.09231364948276911,0.028316835255556786,0.02823856100457744,0.05178900643222863,0.0057162640001127115,0.011409817920521153,0.021459788051639984,0.027730211276762666,0.03366026838003469,0.04763225104569892,0.02272381524914142,0.011051035781391948,0.03374048023583794,0.019729934977061894,0.05122627176598939,0.015007872937794483,0.029623471796361735,0.037969756131679785,0.041746849308669814,0.034669861288550805,0.006994621171177921,0.009793756467155048,0.025055470075484587,0.014582820466203343,0.008147368663630071,0.02564707619202369,0.02911060700467313,0.019738427802484155,0.03608332702266821,0.049260413411142685,0.0300590580624161,0.024759153505985117,0.007188111225865272,0.01554505239350326,0.011072830960759162,0.012873312710773651,0.009086399898982148,0.02689155165311102,0.016608013544755173,0.031207324840905933,0.04598540764273789,0.0499328427581472,0.009387842066682637,0.013432827988778224,0.018824595802299574,0.020142001366579846,0.0036916117726285736,0.018475209268068945,0.004405369909354732,0.06061378759827048,0.005261358377072533,0.03649403160890303,0.03210170606428889,0.014156876889269381,0.024810802510323002,0.03846907528293748,0.02136523886677387,0.031091848767663063,0.013298709812865793,0.03629064901309928,0.022717762443691978,0.024108772146256594,0.02505225365198539,0.003330275648073048,0.01441074179702544,0.00920833447391741,0.024600650405187736,0.023529920111814324,0.04553705769483409,0.026337179333780467,0.009438246668243595,0.01935656353612963,0.05416675052266139,0.04437912272703378,0.050799098108809684
0.01619208612285986,0.020729649164342903,0.01015193295697177,0.011614726061524538,0.010256321817054081,0.022401384183274486,0.03301195788192874,0.011525796795481234,0.024482991589848922,0.01256518052846852,0.023362199790449865,0.009708712138672049,0.019089020881403053,0.03047397880756087,0.018300906403344027,0.014203830378949544,0.033381875055123696,0.011786355367061916,0.041861255961237936,0.013241024093678744,0.02363938867362905,0.018591998701547065,0.01252990783916581,0.017913572278006825,0.01863423923088894,0.07763649725508262,0.019746078147622338,0.01702274590665262,0.025544896809915726,0.00797679986327102,0.019840592616789717,0.019225065376584426,0.017586996374899848,0.028274986297889933,0.045916176631207506,0.019612489561965155,0.011088976554973198,0.03910386418452935,0.016375658120665854,0.03833860893616544,0.013337096098297885,0.020050044970131103,0.030184456749632133,0.029739385317155302,0.0130347317700695,0.00707070186746415,0.013728534294489777,0.018421790905406226,0.012028765696109521,0.008383770133453561,0.018721934082731546,0.016617106957553064,0.018633496509964532,0.02593612998030935,0.020767238975808747,0.013880754271655693,0.018512593304807593,0.007289232793188104,0.010557963812052965,0.016584442909289874,0.00983569399575621,0.012666967926090414,0.02081769425487641,0.013085448045615643,0.02640494205024119,0.038342949078366016,0.018557213530224333,0.020711995897350524,0.009504106157517834,0.016210206050773404,0.01517796501511163,0.003105492876002024,0.015799862958752953,0.005025509521285913,0.031688074926572676,0.007527362665481949,0.01706556464914537,0.022255758278843442,0.012818368499902776,0.02272517688374893,0.019502081998999624,0.01476312780243029,0.025711255096973206,0.01924951978712401,0.02575054365395649,0.01397664893200443,0.019276421157256904,0.03182295614958804,0.004252842584934127,0.015129139054373787,0.011800320585189249,0.01946843533504744,0.01572274541190899,0.03473597272758013,0.017766861838395306,0.008939826653320932,0.014771052742105177,0.04492990185108114,0.025937515077143713,0.01700617018106657
0.07841025245351735,0.09350854929226515,0.08802127299093342,0.030981321499547913,0.016711518302041924,0.10978928005293792,0.06366755385835034,0.03221939640257936,0.04683516292521435,0.051096086051804206,0.37091110933266785,0.03765554271103087,0.004408536796054859,0.018300906403344027,0.8640022896329947,0.01133708451688543,0.22986960175664542,0.028825446534452154,0.12498522902586688,0.0069440950056331606,0.050485011005239,0.1358802502054866,0.06358151058799534,0.09583658483431938,0.038164052659123975,0.11589591627195904,0.024068008116999072,0.04213099035347427,0.10213647982152319,0.023584640387799047,0.1348969536023404,0.06007487133403639,0.04475026311850543,0.08452012958471543,0.11936721756818856,0.06451392497294153,0.09543926502086628,0.29590445725710546,0.028216840781686812,0.048800949069038764,0.04514968470008364,0.042361631682950374,0.08791300240010398,0.12100784708354446,0.025536142205494668,0.018525109925834837,0.03170082152177213,0.07157503231622765,0.020716705329947318,0.01843642986897275,0.018763447106808058,0.05111997387984517,0.12364128580183968,0.044796421528544156,0.1608856307806831,0.07282676754302865,0.030621824372048044,0.012100977310669628,0.04417058737954023,0.050417819332873086,0.036021571635177184,0.0535787667692435,0.061812251655820785,0.03979524747407757,0.09074431331537273,0.0953743148982896,0.05722852457195701,0.05698737434189435,0.07818946940018613,0.04333647755884936,0.03475057229394214,0.0031770756013985144,0.03421403828351734,0.0076622330218214805,0.149190627835668,0.01598327806989484,0.12780512704679126,0.28376402439775666,0.060893396138712,0.23380883912913203,0.10642374320526438,0.0367206531705964,0.04024623459448067,0.039438089091323965,0.08384572039604242,0.025229182003810004,0.050601933128983326,0.2804070029482639,0.01619942203972919,0.06461746965722658,0.015240335012820065,0.0844886516343008,0.023901328034450255,0.061317077517254466,0.04828537853857038,0.006663983324347467,0.024472039828671636,0.14748352100937495,0.20983582216085406,0.021524350950518162
0.01956408232684425,0.02277475586508952,0.018426820530505247,0.0053211605646348754,0.025090172942720652,0.012284934114149838,0.031211190698423718,0.012186394204151942,0.021486921508558826,0.017664605790920558,0.054593188452357784,0.008484267755257794,0.02090879360455542,0.014203830378949544,0.01133708451688543,0.08526667499363226,0.03793280029215651,0.007351072268124343,0.03482802663888506,0.014027424219734151,0.020701320522605635,0.03044144265769082,0.01033629292633115,0.021215190678500622,0.014026598431268278,0.15338464745099673,0.01771081585774164,0.01710660873434169,0.041557207728471594,0.004412876668120128,0.03282504052570679,0.011903223302265153,0.021116256726550126,0.02085713215747056,0.06674393685907014,0.018123886133356498,0.01804401564364673,0.04312954115997377,0.010870247881590038,0.04855732997990481,0.014551715303991491,0.00883949872440688,0.03822065066080437,0.03353132861469404,0.01670317830403122,0.011424376549919244,0.014647605641769377,0.026902116947849008,0.004563967134180613,0.008521686408668837,0.01728867644768737,0.011478427007235864,0.015986631774162242,0.025698147871870473,0.02475840957500571,0.010899046044614197,0.014888833199378506,0.016136240079652326,0.021243262342516323,0.012061555379485021,0.0068536409752632255,0.0027720474003361654,0.023299480149162947,0.009235898749660318,0.02799008456870265,0.03601579821701205,0.008379256903959185,0.02360805061658522,0.010334214787754259,0.0017681873208742406,0.013317570354332587,0.0029304963120287265,0.010606895265137998,6.804185693897872e-05,0.03603359095671739,0.004369344141215983,0.030848514553320945,0.02684999433484614,0.026866270017836234,0.033852486675295515,-0.017393057631830966,0.017965466711971,0.022579346533559298,0.011278430994415391,0.02323557015954213,0.01729551314091376,0.020853300318836653,0.02715244477246758,0.008477817734541308,0.010059900962308022,0.00916594335793013,0.023709001755024044,0.012351024235886113,0.03743474412611222,0.02128772953915009,0.009067600172647905,0.00860657980974922,0.04936671799626506,0.025966846673685467,0.025936556216546353
0.06527165805330533,0.07680007436364977,0.07257153737929214,0.059950293667256176,0.034514301699651175,0.10943791110644187,0.10118713130238022,0.03307709184507677,0.04324427587393814,0.04211665814360739,0.3432161078198469,0.026246388880776184,0.048263433651219094,0.033381875055123696,0.22986960175664542,0.03793280029215651,0.7051225980192516,0.020554062727484,0.12158075332922472,0.03564263405518623,0.05834297835485689,0.11317627960252805,0.0812431745692988,0.03875323406763553,0.02462696253827519,0.18055039690705732,0.030445881064778555,0.04052904487014744,0.027116533694935028,0.012786752272913945,0.09696528800388955,0.06470590227821056,0.061469408274561634,0.0416857458538511,0.18649561355001465,0.05379046008548137,0.03311301118769353,0.29347465892703023,0.04966409086190332,0.11171933423715603,0.025048339007337383,0.04397813601335817,0.08850121836246076,0.12841019988072136,0.0542387843947768,0.0209258423551277,-0.012753540925043513,0.0768072517461755,0.012232067312713011,0.015025990255633174,0.03392691091133696,0.03373457158758789,0.13380116758037253,0.09522929277746588,0.19629749356993487,0.08080110747212485,0.04738176976756718,0.03980499362219449,0.06139415971091832,0.027607394545627443,0.03390900746214945,0.03743581010096221,0.059231411207888295,0.0256018172405975,0.10151101201516277,0.11695501199549721,0.052778160185313464,0.06796547317813782,0.05353951837852613,0.049523049138939,0.06973585105086269,0.006745523931632302,0.028720753322482917,-0.02779847495015463,0.11116769326136351,-0.021287416028151016,0.11341781042405048,0.2932888633727976,0.03854421033692631,0.2685502179202495,0.16014878054616627,0.054037665848675594,0.07969075791398639,0.04918731178929057,0.10729648328647601,0.013666040594448106,0.05151393266105992,0.2801152616026803,0.006487383916556917,0.07600010051897944,0.0016227239233658026,0.06653294025029934,0.053041391870962094,0.08576795506230134,0.07892384288768278,0.011856493720801593,0.017731223616148022,0.13929876375318762,0.20673863400036435,0.06230860070291096
0.01148918900072334,0.01528907694970689,0.005311694164963323,0.005060068540856703,0.008234885956924435,0.02493256187814195,0.021000741799315575,0.014714885231407612,0.020479109508610652,0.011433644599519491,0.0369683040700913,0.005768117802156181,0.012991818049313689,0.011786355367061916,0.028825446534452154,0.007351072268124343,0.020554062727484,0.038505594247648,0.04372162511427312,0.014312442702020011,0.02836731326965428,0.0019871108097388682,0.010869763011084435,0.0012465257263388294,0.014353647720800961,0.0802237924304046,0.01059869186844524,0.011832482918241733,0.0251147485050626,0.007837471552584442,0.02052572318850172,0.009297013619688354,0.014236336817403663,0.026922631398686885,0.0441837423526442,0.01698557473746994,0.014686806877750666,0.023578421926407682,0.015175780507098984,0.02977152236733022,0.013846624165083839,0.019113157550394035,0.030202179518722002,0.026372278704606383,0.005504023070755681,0.007539625952480149,0.016961106614734718,0.014009710394767134,0.011337951191466102,0.006274814334025328,0.006367209013462182,0.012343849956358174,0.009646966903732583,0.02766802636875155,0.006365108536575179,0.015511945544513357,0.015611686333702114,0.012845338151089907,0.010494164137577014,0.014217190958480811,0.010979544580384935,0.015242035330408596,0.01709753740154494,0.008849209139189964,0.024466387550973745,0.03820880159633262,0.009896026511079462,0.009681058481816354,0.023936839062250973,0.028764621018962697,0.012062602086494597,0.005494366828862557,0.013914971511815208,0.012304225824071549,0.022881358274788485,0.014218520925544096,0.019771874314233544,0.005127278981384799,0.0039194187761397836,0.015562996264040937,0.019187683464051638,0.012959001571136004,0.01181700582146203,0.016172631541743504,0.02849571711733891,0.006791542497659098,0.012324845608516074,0.02706536924374059,0.006091108848176367,0.015434010892377645,0.016941231556489956,0.017957643302791135,0.010550240407626418,0.027826287045920852,0.012567299016982225,0.008517756720665754,0.01576057190438402,0.07018835100930952,0.01342156118773283,0.014657260667071105
0.05902737049301378,0.07991354775531609,0.024754451001841298,0.02344748787875747,0.030880916780311424,0.08840841437458843,0.11870163860043435,0.04301990817745505,0.06534412330831409,0.02184200706754686,0.1521753691478435,0.017348002718810963,0.042734948444095866,0.041861255961237936,0.12498522902586688,0.03482802663888506,0.12158075332922472,0.04372162511427312,0.5270638550111353,0.03470088711283313,0.09079118884079772,0.0571645150787191,0.05458919766391338,0.032866831022974004,0.08578845911734018,0.534728060885586,0.03602454357246703,0.06715869866991955,0.12262492603451082,0.03236390490651841,0.05868736712553169,0.0623661185893736,0.03371725039272607,0.10074526497196176,0.17984966236037167,0.08557062633050792,0.0520002112868361,0.14968481438608985,0.03590790592926411,0.18037336271674084,0.04844432429820854,0.03091339314828924,0.09031978790277788,0.09908206629819694,0.022131295394165133,0.02652875461640372,0.06615420887251752,0.05401714719417214,0.013484999183703982,0.016371342402022634,0.05605349123602837,0.050554338601658165,0.12164777291197457,0.09351162091272355,0.05847257701483102,0.06673464880082956,0.035778957501477096,0.03261168323261507,0.032971863522833975,0.06054453024018293,0.04157512780205183,0.054833930364088526,0.06955534282582143,0.02190691417643065,0.10487421691755935,0.2300176981520314,0.06442927118637515,0.08431215709374587,0.04789279601985202,0.0738181050339796,0.03623804132491853,0.008726366207713807,0.026036244544543008,0.009393644628091771,0.15875200594706423,0.00775745269508842,0.06413770562182024,0.0643171881214942,0.053971422709083824,0.11886300275357985,0.03483415121702287,0.03951438392203177,0.07099266660425177,0.0650038532417273,0.07946350776377092,0.021751479507705115,0.04610673634900636,0.11302740527677006,0.014745975480606853,0.060930610863328155,0.035189323008392434,0.06676189694002332,0.02997432305185581,0.07783306758132903,0.04859254002924075,0.006383545203598497,0.03537255529904934,0.31842508974282346,0.08592191473225574,0.01064889330918468
