0.1782744587269939,0.0927706392061572,0.03835965637522456,0.029765352575603143,0.026249344995329042,0.04614630981345486,0.09846832167820621,0.004115486185518641,0.06286051092350606,0.04917508156832794,0.018348570325052996,0.0475993860572019,0.029050659746938975,0.04086610807234539,0.04090130340440457,0.025790914611431702,0.02153388793247005,0.03921882635381238,0.05470064964801326,0.039307230967392796,0.03561189896993385,0.061002339022671236,0.0814089393760051,0.013878763687314409,0.07775903489411538,0.021580952430747057,0.05218828468128022,0.029736580119906757,0.04457948831314175,0.023624562433646645,0.02323731020846365,0.04300442326959274,0.0668401770239329,0.07811606911806919,0.0011888196165489174,0.029697731148980434,0.053114982395610494,0.023022675855144174,0.038522780621260244,0.05268786698598062,0.06228910154277758,0.06175915998219329,0.016792689518882707,0.047278386382525725,0.0023514584205710583,0.04107012390497653,0.05119729919078116,0.03199535612817805,0.036198136879333785,0.017513852146805002,0.018780303766487733,0.05809330417013411,0.0442043858389075,0.03602751826036844,0.045453540327525195,0.09686654314193928,0.022428089489955543,0.058925027817383,0.025965276711958547,0.05760124129992046,0.07526876228451339,0.04804192396995463,0.04517982232788316,0.07903753813418803,0.010117222585573122,0.006127978921006707,0.039107796018106336,0.025332577054716098,0.040045208162349695,0.06145092585200359,0.04274430418508948,0.05101519675291242,0.0070633305002196665,0.02113536166892355,0.014582298220796434,0.0467013476372058,0.03051695680570937,0.05643551799925407,0.015774994869935652,0.07054225250388371,0.044387292623615404,0.03320015640012992,0.09102474262718813,0.02942087685682251,0.03603718780078074,0.02551478183571989,0.041340751184730684,0.02146509325987395,0.05345196876908238,0.06350745599145538
0.0927706392061572,0.6720809779819613,0.03786644997986311,0.029309394388382995,0.028083641736080828,0.01675193643330151,0.17969557804817304,0.006321717916603004,0.11096683410768468,0.04043768374098361,0.017598108005792937,0.05609078470276122,-0.0007032980175659042,0.03452628985569985,0.04793135913172336,0.0181563239885945,0.015953502853695366,0.03527403947509911,0.1417910787297032,0.028553231044333216,0.06068914195610883,0.049217748266245726,0.2445781488375376,0.006027535684052395,0.1298473269716635,0.012475939598714854,0.06454703779987636,0.040741362317368475,0.03282164678882955,0.02623048721525743,0.03184264826553042,0.0432422692432351,0.24442257434746748,0.19771343026734328,0.021363244210967604,0.04694176942013977,0.055618517851225374,0.023873013731972613,0.03942217879441355,0.06523564908251832,0.140571670794334,0.058283565737186294,0.014994166748793612,0.07524811629979526,-0.001547499135236029,0.0458669664756929,0.05572776573092772,0.03060711571004328,0.030584376111814453,0.02235666933514062,0.03478956820490398,0.07895569442790404,0.053977238959654464,0.04845864872745241,0.04973498567396802,0.09150594888441223,0.029901458469321653,0.06535545152213164,0.0366512979197171,0.06639395452296346,0.12207123199875483,0.01315127478924934,0.051920992257391566,0.1411449549970172,0.05379090654437211,0.009025573834014105,0.056398376445649066,0.016071929086332395,0.10592031150296943,0.07810109306006302,0.052623614228969676,0.05330248019128896,0.006519685479101783,0.014264501196959871,0.05380436377714406,0.03268635020674714,0.0514635726298649,0.05656096964128734,0.03444858353943664,0.11743998117886789,0.07951085143679587,0.039145364602909814,0.18394611375906544,0.07115854350129709,0.041418647235071056,0.04901562779534535,0.054457077430665274,0.03281153638502854,0.06785207792189617,0.05207133349222767
0.03835965637522456,0.03786644997986311,0.05262718443178888,0.015384662718579026,0.021280185850412168,0.023300601751437403,0.05201351044433711,0.0014890421985311185,0.04245516970484675,0.026320086549372467,0.01530021781994593,0.030349083728743766,0.017049380095855864,0.02377666500347461,0.030551847003575553,0.018830642704827254,0.015036990205485901,0.0234272973302192,0.05201551492282108,0.03282804273457217,0.010852945461032782,0.027919798433307733,0.04076271889214571,0.0034292089402203647,0.05595967197521037,0.011384307676971628,0.02293154432739543,0.020069373150584442,0.023304279346155657,0.014707504070658656,0.012365926376441698,0.033106548779543485,0.04389273221171336,0.04300707001462506,0.003874947074716093,0.016640228968734835,0.019871156221983988,0.011817566588370831,0.02073985619120751,0.021467558121882585,0.023862491565302218,0.04673324924243711,0.007506136001353342,0.04260856749520867,-0.01140792300589535,0.022354561710373953,0.027446529120713464,0.01602206950783552,0.02277184194870552,0.00763101381040559,0.014351536618093625,0.03640230742391197,0.0267412360514293,0.023573895945154327,0.028429795017451492,0.03628149045535757,0.012871648100930345,0.030922490766269774,0.01988879328579127,0.02586268876290906,0.04528086919853621,0.026209829761658827,0.019253785223832063,0.03613171314415225,0.006341046165037016,-0.0011565702152478053,0.023845526218814445,0.01606568559612847,0.031042648158372186,0.03402160901678455,0.01905992568366849,0.0295534467469945,0.0036715594139249967,0.011812248708981897,0.0017159433344076961,0.037617343800882254,0.027210374734518105,0.03540621501374171,0.007180571770714535,0.0539737214795595,0.021534870095042218,0.019169148003152028,0.03820333450831067,0.03305987958048936,0.027109340819091738,0.021671897891849642,0.02033219694127185,0.014457192622925864,0.026215795201477935,0.0353567856969025
0.029765352575603143,0.029309394388382995,0.015384662718579026,0.04331608851417493,0.020743364099126815,0.01825185713262949,0.03440576853965802,0.0021280098264381308,0.03187318973867606,0.018960089515126725,0.01897673598387442,0.0233824043090192,0.009935561014147791,0.0194595548818665,0.016419904399754888,0.016465387537818194,0.014541095863392205,0.014040900036985679,0.052326003467245336,0.01637278503314735,0.021273617188854413,0.03550062857582732,0.03131593247548819,0.009815207322126792,0.035523916900045104,0.013415549109065951,0.026476600858877694,0.012541816550535274,0.024804950005091468,0.015134604293854478,0.011963597952250474,0.021647614136780756,0.03528006963354267,0.049809259874435435,0.00020984601814402732,0.012024872931934522,0.017618772014833237,0.011921782798080122,0.02212558987157636,0.022494113597049975,0.02171943513033783,0.03082671845129379,0.009571743628142471,0.024860286263525443,0.006529318905630552,0.01113195799855594,0.01632730565503164,0.016678328660432708,0.01830181589401699,0.00862226617408614,0.010656882106681823,0.025456333094379342,0.02274030952412116,0.022092666699066555,0.016344732042071677,0.03754576533614178,0.007908138405913607,0.02258668800282713,0.014568652629480705,0.041087795982668714,0.0276278375999806,0.022092525934586413,0.019027831529826615,0.03047614265135054,-0.010665360829930517,0.0009159407384365099,0.009275671275158454,0.004329727618435747,0.027648371659048925,0.027687334675899906,0.013714167151895443,0.014645448477388112,0.00318076201838723,0.01101807866559608,0.01133581987788286,0.018729146683600137,0.019156714887417367,0.0309685203399324,0.00968275982076565,0.033683917491468804,0.02437502090271967,0.012316368319143421,0.02877414925908413,0.01475748075303832,0.013955276128689652,0.015114517785640508,0.019096521833019287,0.013783789509007804,0.018854439761032588,0.02675285456865095
0.026249344995329042,0.028083641736080828,0.021280185850412168,0.020743364099126815,0.04038123407173696,0.017846379065229737,0.03988932314223889,0.002123630572748154,0.028858346723416254,0.023509966352659454,0.02783867199127422,0.020985550434755317,0.014778468801046826,0.019622411126818312,0.024578368524435037,0.02107351541022359,0.010539464078883098,0.019496843102746866,0.03390320602003944,0.023302773462476566,0.012884125162567263,0.027032348986295036,0.008863649190635422,0.005924477647557404,0.03902118504949164,0.012632276937859444,0.027063882583981295,0.019469110094348704,0.02747986760909302,0.014989140430074776,0.015707200765582807,0.024045181958891382,0.019973422635210385,0.04521456030958847,0.0025875186329317413,0.01861930670574399,0.022944877234132955,0.015561059279064262,0.02158367313617938,0.02366260481036622,0.018904379394216915,0.03803820782332734,0.00934046244460916,0.03391751827750397,-0.005491715509477453,0.02735544307749193,0.022570200065333185,0.020568585289165515,0.019634186111646364,0.007406051752019093,0.02156984459250094,0.03323529905398287,0.022172590788843413,0.014325328693800514,0.019540745981349805,0.04583165592066189,0.008971180428908897,0.021904929906456864,0.018456272981293275,0.021208049868952417,0.03649241763688332,0.015869773766684456,0.020966093147162877,0.04503007151924474,0.006574653114344774,0.006306549033614693,0.016499351180040017,0.010014245489119706,0.03519954493255531,0.033001833873411796,0.02405684869399514,0.02267416305862291,0.0027419171807699667,0.012377881362860978,0.0041000138643078115,0.016971893618189873,0.018995281676594988,0.02537942720036811,0.0063074007802287405,0.038440763826566124,0.020211230360547085,0.01828852258563108,0.02306409458093323,0.023603647937541165,0.020015528746404807,0.021173691879614126,0.021783973157031032,0.020332320183259082,0.0225879472539001,0.03009467162681133
0.04614630981345486,0.01675193643330151,0.023300601751437403,0.01825185713262949,0.017846379065229737,0.7783998398231305,0.25947654902539735,0.004472642083821818,0.0673876990424148,0.040793081003729026,0.0033999516773998172,0.14476693702589993,0.03158622666082585,0.02912781842675933,0.07541383758695011,0.022816777875773315,0.013314434014725882,0.02570056515623702,0.10034989131205609,0.022400267893901756,0.06371261068333373,0.05223613152930219,0.14339943840199104,-0.01831768898001922,0.0802419099941872,0.02208751161415135,0.07220065660392515,0.035044640380337916,0.05883922839116582,0.05666094561844644,0.017668477893621252,0.03188565978836975,0.028884259110779496,0.12349797287415853,-0.010424708237424665,0.027829270598208018,0.058355916762215417,0.026303279035189447,0.0694345173422887,0.07277390778007997,0.07365156209563861,0.12453326805495248,-0.0043955407887777565,0.03692064946426912,0.04598775213719825,0.11759633464316237,0.04084377213554689,0.040423158064012414,0.03961800491071244,0.012007908352475087,-0.014377680144188025,0.052860510591654704,0.031110968760945195,0.04797825288510269,0.050029669509002714,0.07108196990718889,0.004555441330570873,0.04341280343021501,0.03934294433467725,0.059190190732364,0.14924058402745083,0.08924238383249636,0.044274078769789726,0.08351217423658013,-0.0034518699106641034,-0.03410269301234183,0.06277519337099155,0.008429690478133009,0.0652637921710703,0.04957319984896896,0.03423090575386134,0.03525967500541577,0.011506045729575283,0.017507128056133157,0.015144156632443334,0.08250142546682077,0.038901024989014266,0.11889043704585457,0.017235373251317496,0.04626280003003916,0.052774221035651214,0.02617667918110278,0.13093711211341397,0.06253953497168836,0.05453105153464991,0.01930809286314602,0.048146806554486506,0.033220655376053586,0.04912892357271376,0.062087137267587154
0.09846832167820621,0.17969557804817304,0.05201351044433711,0.03440576853965802,0.03988932314223889,0.25947654902539735,0.5231113837220772,0.009439965386261346,0.10268344968500942,0.06947983478340825,0.008555213664271328,0.17824183990394388,0.026497479997962745,0.0438587688425354,0.06796612079555239,0.04018879230474332,0.04378919532223935,0.08467669455138374,0.25708719270744707,0.04866256389051566,0.08515515191666108,0.06579932210031908,0.27522905875027426,0.0020594881952224133,0.10768035560737511,0.02898305245928458,0.08054596506890745,0.06395693468583512,0.04084424131800214,0.027813804153206414,0.036782487609715996,0.05089354761941489,0.2617187774706642,0.22675829727045052,0.025875005710481475,0.07034365444526905,0.0909976750012706,0.03955920704897645,0.06812615311712801,0.08927303950461427,0.1278235273007548,0.12237950315683208,0.021413466115206312,0.091934241860064,0.0264465927432382,0.05617467892008535,0.07866067103294906,0.04271162538730436,0.06326451379799126,0.028253162958703063,0.045406353449511404,0.13485803648402753,0.07837391169381229,0.06082923456532646,0.06707370622413174,0.10275113326229529,0.013402791554879176,0.07912179790832807,0.05437303822330283,0.09539274461496607,0.18548297148603812,0.05546797946034862,0.11127834604344007,0.13194033340921618,0.04193127752883922,-0.00875172449006547,0.06071145957504631,0.03092016207500154,0.1539139528849991,0.08411131857327041,0.06500963762348012,0.1140659694506464,0.005223158025070947,0.03463874690332961,0.029430914773714636,0.091610315718788,0.07309426841528509,0.1305049545489297,0.04065739336431125,0.1689370490842615,0.10531740544202654,0.03434265868094057,0.25893199923038224,0.12507452030567326,0.06470749694877213,0.04711343990922365,0.06364823179664496,0.03453881171418599,0.09797865385995318,0.14927939903114482
0.004115486185518641,0.006321717916603004,0.0014890421985311185,0.0021280098264381308,0.002123630572748154,0.004472642083821818,0.009439965386261346,0.008327123294053882,0.003965826074148873,0.0028888412894819892,0.0017940436742209613,0.004957507346596093,-0.004349942015431594,0.0013474731737438258,0.0029783297165549578,0.0010499582622390743,0.0009381868461708846,0.004477426929052628,0.0011667078724688696,0.0017601668572897232,0.00021492016861517893,0.0023850465471932534,0.007370975321199922,-0.0006713562009386719,-0.0016829539439725556,0.0011081598140257984,0.0012485701113428749,0.0025594018864687085,0.0017359328377871252,-0.0010747945500438753,0.002202489688505011,0.002651685869515309,0.02196260930641268,0.00593786004466424,-0.0007507988942166488,0.0021821549722044757,0.003317557313491687,0.0010877806135588127,0.0038681214394524805,0.004078691849057732,0.0055411648919949565,0.005397789378714254,0.0017963468175394579,0.002433137368583947,0.01285800231587154,0.002265618836036909,0.002636195421159023,0.0023944061683586365,0.0026813211772043284,0.0007368770652925433,0.0035506514090778724,0.004693706528659372,0.003982750567550702,0.00096240829159219,0.0016171382095555033,0.0005007226817578894,-0.0015263861089373399,0.005987790385913687,0.0016159941869417212,0.0020934395959008984,0.006729894314555844,0.00516333301727279,0.0031792203300694023,0.003299731258035141,0.0010130437460364595,0.0003292326880114346,0.0015344180828359322,0.0024140451434681155,0.006289476419813836,0.0030608240729791143,0.004128869895880355,0.002890925027028898,0.000572522235542151,0.0016735936098442753,0.00824721460761708,-0.004355204208253258,0.006905537102455247,0.0014102095523009389,0.00041583065060795424,0.008759634423722825,0.0016586625078172565,0.0012241886817603326,0.009160116949611708,0.003435944419464053,-0.0013028543949805016,0.00060996338170269,0.0016074210715857733,0.0022190145634082975,0.0013272620903975931,0.004898508082553817
0.06286051092350606,0.11096683410768468,0.04245516970484675,0.03187318973867606,0.028858346723416254,0.0673876990424148,0.10268344968500942,0.003965826074148873,0.2505875017286454,0.04216222946689384,0.026103393036972823,0.028040572196949297,0.01387397748064852,0.03849537097827176,0.05248719465909693,0.030160704066709138,0.01996564313176771,0.05263462978680562,0.05569744807385314,0.040581335911572466,0.02707367374054255,0.05284886840557136,0.11831536823939286,0.014888069541589489,0.09310720982074867,0.012851544494168131,0.03940411236008416,0.02287408486049831,0.055276048719531436,0.0315431620288859,0.01689496550490669,0.046169384783153126,0.04648682259649672,0.08451492117911384,0.0001937714171757521,0.026547182654394933,0.01716811294367256,0.012080955951424601,0.049414799371869086,0.043007223643507286,0.04489133305558101,0.0837448342300688,0.009928307890082168,0.05470042429310951,0.015538404454749733,0.020474966351083836,0.04339469338380796,0.025770453585391085,0.045401002168939254,0.009774524638986426,0.004742794076592272,0.057631029142628895,0.04402680389423639,0.09687176096227455,0.03261927194471838,0.10015842376404697,0.004654029173697929,0.054534672853914126,0.019000756889886665,0.0518845258910257,0.09850165257370253,0.04449736308711508,0.04151180633406483,0.06797349600650593,0.01461978052383734,-0.005083873881176202,0.03560160213601035,0.01161218626773853,0.04592230257248275,0.08075672599528741,0.031136776819772796,0.03734505827071491,0.006814795504942403,0.015040076873338611,0.013408966763119156,0.053298808892045704,0.045467273381066126,0.0900367284205782,0.010761700038110637,0.09361295793744948,0.06028676964583713,0.03728106887131441,0.07293918730235807,0.08641921371249808,0.025816953767037472,0.027793338969730953,0.04880433366968779,0.008112915555752467,0.05051935004973964,0.054476280212074395
0.04917508156832794,0.04043768374098361,0.026320086549372467,0.018960089515126725,0.023509966352659454,0.040793081003729026,0.06947983478340825,0.0028888412894819892,0.04216222946689384,0.057071878999664004,0.021568041749739045,0.03861689426500336,0.021837707867930312,0.01993648499143594,0.03192515968281159,0.02055748680667255,0.013468776954684562,0.03069503613135686,0.06753006046280821,0.0207004176358896,0.018393106747739103,0.03318201105584942,0.05909362352551355,0.0075598412208874605,0.060048411388259365,0.015668973580392494,0.03090401604579308,0.023360639347648864,0.03653899716954097,0.01962230187782436,0.016152703725598332,0.028928545753950406,0.07477152325631332,0.07062062816495396,0.003499446446131827,0.02479443722502136,0.03238256476836772,0.01722758038142121,0.02706063869336042,0.028940358860277383,0.022709972104800795,0.04207714090321638,0.006952225598856107,0.036653902631092014,-0.020696904840078873,0.030285818063198782,0.035394237708866426,0.022775604455447417,0.029562382243514478,0.007842679741291787,0.022684398300922705,0.043371995970810505,0.025927326033790533,0.022269188941465377,0.026020088908651675,0.05737182199683128,0.012944962754295587,0.04176030024713393,0.023818003337123788,0.035700016330631384,0.0527996029054584,0.033299726474898345,0.03377273503837044,0.0466084748280359,0.0035711979870868124,0.0018908264311882554,0.018549238703134057,0.013305348341522123,0.038878611538301376,0.039960837377948276,0.03350780504770011,0.04313142270788506,0.0059195060494846696,0.01268506129505737,0.0022204382440806207,0.035554623697973124,0.028035272755873888,0.034794349774934896,0.0071133195668393115,0.060824292414507965,0.033050492502828696,0.022123798793675386,0.06449595019683949,0.033463385117842,0.026193325578784274,0.023340356078669553,0.02668226684341461,0.020805382184625697,0.03219951050014817,0.036173748218225575
0.018348570325052996,0.017598108005792937,0.01530021781994593,0.01897673598387442,0.02783867199127422,0.0033999516773998172,0.008555213664271328,0.0017940436742209613,0.026103393036972823,0.021568041749739045,0.09055574248998824,0.01865694147110663,0.011028256278360168,0.013258788067827801,0.027876677828162666,0.01145551929436257,0.009892248514112103,0.015529831498827107,0.02426896509964398,0.018980971503398992,0.013376995554189034,0.02479761336106312,0.017107995201747182,0.00547703895474188,0.02439544978333646,0.01425677783258892,0.021849711093105188,0.01023209132583717,0.024236945776932348,0.008244681482509947,0.011536784943492811,0.021585920864874483,0.04731410098694138,0.040292714932563534,0.0024463127700238264,0.016207230495387956,0.012200752597688633,0.013024944597792307,0.013050477279689792,0.026784129431417555,0.013934413749257362,0.0241797060487606,0.007619110009300009,0.024018118123128755,-0.030322912645567274,0.012556191023741708,0.01930741403575423,0.01698724566407906,0.017667326868871333,0.00571429208718259,0.019201621457518636,0.032454807923068756,0.01767671336662822,0.011823097066169375,0.017447050207160603,0.03378781689831776,0.015991836037508544,0.0207815295024064,0.014664160317390712,0.021057941944768042,0.015946375397328842,0.023121785720534943,0.02325199397019043,0.038311843262928434,0.0017892534535417432,0.004529224862762757,0.012822468649451003,0.00863391138214073,0.029705609687860606,0.025203521237528337,0.01927306325085326,0.027133979009478632,0.0014632103499374561,0.009463719684970277,-0.0033006141745243094,0.024508071674019128,0.00819840540114683,0.02054529532224982,0.007648280169360334,0.03218030505283209,0.024265156614778835,0.014965289351632662,0.012556615052871858,0.0030970552444059833,0.011241248335378328,0.019385617966813384,0.022337354476141158,0.012933451746477078,0.015766672894935826,0.0192571777782671
0.0475993860572019,0.05609078470276122,0.030349083728743766,0.0233824043090192,0.020985550434755317,0.14476693702589993,0.17824183990394388,0.004957507346596093,0.028040572196949297,0.03861689426500336,0.01865694147110663,0.8445697089745348,0.031099478676171157,0.037043138294075025,0.0569835424704326,0.02712277075202148,0.028387102361376683,0.04314697388711002,-0.01633380903470597,0.010671676674615965,0.037448759878922586,0.0720929827672539,0.0839424728312721,0.006527623001677899,0.08899366305993742,0.024551289379673026,0.050630820255210804,0.0520402240573956,0.04395745722567594,0.052607144938385204,0.041588321317667286,0.05014888466224139,0.0674691535228774,0.028138025736211273,0.05250386841133238,0.045082868767792245,0.040055048619753585,0.03265895596526751,0.07973749318541985,0.031189976808753923,0.052658081460041674,0.048280806025118014,0.014851939788297368,0.05868670552377839,0.09046183554945532,0.05546269798501665,0.03121739176745401,0.02597943590394593,0.04642455035095883,0.027329116642133316,0.10741411840381887,0.05455908392410177,0.03756069684010657,0.049724485815542625,0.15616129795970274,0.004525120721281777,0.040475047255085425,0.03989591156325423,0.03431054411363834,0.028841986579674222,0.14241915255138846,0.05299454181664275,0.05968684346337127,0.04587938915446875,-0.013958154708967387,0.018657120426920838,0.03950698715927427,0.0330127558025599,0.04407939577064308,0.061329476594635834,0.0488954556325328,-0.010073291510654404,0.01738850045193293,0.022387693866526552,0.05921856742736216,0.09831108620462185,0.007274231723444805,0.0671215660585862,0.008208355835297625,0.044800101799909904,0.07200821646090143,0.027946293819021653,0.08662891615758547,0.026963347965859138,0.05774390947140556,0.02644794420641916,0.03102485999653485,0.029905252302499158,0.035739328839090874,0.08352629953592518
0.029050659746938975,-0.0007032980175659042,0.017049380095855864,0.009935561014147791,0.014778468801046826,0.03158622666082585,0.026497479997962745,-0.004349942015431594,0.01387397748064852,0.021837707867930312,0.011028256278360168,0.031099478676171157,0.1249502811042621,0.015884044686749487,0.018814812054258116,0.020434432959378458,0.013212537816839013,0.018461804940388342,0.008407489045121903,0.01806381002339668,0.029180003888705328,0.023572532199102183,-0.05767512495559563,0.014445103004353059,0.023546783650383003,0.02083001571850825,0.03163468189453997,0.018411994686451865,0.04047613799264049,0.016532398036762288,0.01892710730209866,0.0221188624235585,-0.026058839515076523,0.018101343477317962,-0.0021480059441997814,0.013930125134906376,0.024936414773226806,0.027997797760335265,0.012095069808748008,0.02763158615120254,0.005820843606734029,0.026805476969328126,0.016337822173768276,0.021524591296109747,-0.0529309711681847,0.02655158439528321,0.01867393011931674,0.020086997243526025,0.024929563940127106,0.005759362282764818,0.025853826409785577,0.013175331530977594,0.016721342705424764,0.041106134299339826,0.024813475109913392,0.031923913804571144,0.027807510206554437,0.014356251708255744,0.01335507549200173,0.048299684840621124,0.019568799311147,0.009743398475856042,0.019285492249768787,0.025678028230591964,-0.010747927651446809,0.00394060620469861,0.028630263338341514,0.01434243437113591,0.016725950963168985,0.021386135462668026,0.014627423559349276,0.05445976202179551,0.006997824129733558,0.02198092583628419,-0.025872636659461268,0.054460100863545566,0.019745288711806898,0.01642103812520259,-0.00019827119015058107,0.06611986536034703,0.011276385826352597,0.022559761582912997,0.016576329209473276,0.0215773496446562,0.027783148763734007,0.012222093214884606,0.023954794075652142,0.02667959333428486,0.030169400186758084,0.03066644848363114
0.04086610807234539,0.03452628985569985,0.02377666500347461,0.0194595548818665,0.019622411126818312,0.02912781842675933,0.0438587688425354,0.0013474731737438258,0.03849537097827176,0.01993648499143594,0.013258788067827801,0.037043138294075025,0.015884044686749487,0.06261388655787564,0.024948737389146665,0.0184178482852677,0.015324548621271887,0.019351168409926147,0.02891051182253693,0.029595832439386363,0.019812779173833645,0.03870400699959503,0.0031334850438583697,0.007047445906093473,0.036881387376825156,0.010304723316374284,0.030460846767746345,0.014510307569791159,0.03015625506181484,0.014250921767465867,0.01083801351854947,0.03068432436225943,0.03465905864872038,0.017050234071948826,0.001863154587649259,0.016024297970187222,0.01597387481060868,0.01172735049068966,0.02538809648351612,0.023585366522441916,0.014725894433350992,0.030593285702489252,0.011138794927630443,0.028098046377166827,-0.012503287564887812,0.023384561252207847,0.020497294549513795,0.01755675633506023,0.021223491993032202,0.007883252907965524,0.024658857017322608,0.032831589330433585,0.022245287725300673,0.03289533559440199,0.026604718395714204,0.03555035263999442,0.019725011134496116,0.03148607788568728,0.01409984506897972,0.04530929293457962,0.042060803498641657,0.02063033820689795,0.019516345483560897,0.049391008973352774,-0.016505488242886262,0.004178817646923149,0.022539298663518934,0.015475680499578297,0.014602218858807423,0.03749969354914175,0.011505443409863916,0.01708964393707951,0.0011069513779330368,0.01195496845474039,0.02174468479341324,0.03102277248827745,0.029081126428376586,0.036041009709982474,0.006502929732297211,0.036870781185066155,0.031121927568763547,0.021975913896158317,0.040102783279042535,0.009400637013160747,0.02158106292192959,0.0070546544618144994,0.02481383778791212,0.016290702791121648,0.02175905198027095,0.03540952877089063
0.04090130340440457,0.04793135913172336,0.030551847003575553,0.016419904399754888,0.024578368524435037,0.07541383758695011,0.06796612079555239,0.0029783297165549578,0.05248719465909693,0.03192515968281159,0.027876677828162666,0.0569835424704326,0.018814812054258116,0.024948737389146665,0.22830302611175124,0.02143307605126337,0.023560102877264462,0.02087194984953966,0.049796266841151834,0.03368160133689901,0.011993005835205706,0.038104687957709826,0.0933997739929896,0.018223750928640568,0.05927555345834515,0.008446052387717964,0.07056055254140012,0.025787103770399784,0.033635892345736315,0.017287541861717826,0.021072293446583814,0.030967285210040225,0.11247439271634731,0.053620648077439825,0.01300403041869791,0.035383116232286765,0.04400076033607674,0.016576224207348177,0.03873350887012777,0.05806212073497129,0.04654033092691518,0.11218646184870569,0.01602774156806651,0.0351126986550545,0.023841664019940912,0.07487922855390743,0.03303252275963707,0.026420329142519065,0.03047270523648182,0.005483824835285503,0.011943837710747635,0.04013821239445606,0.032925216860656845,0.011785246018650497,0.024760170959005748,0.07539298838411411,0.01354302284320898,0.03138489184364451,0.028537767554018437,0.048189802927628096,0.11677618437198345,0.10286212515721704,0.04140320124254427,0.06726200354551604,0.004218066285174366,-0.0014718767434872498,0.025255282923342542,0.01232122824714502,0.04103647491996762,0.06171133753583914,0.019242993248557973,0.05468814156816659,0.002257139937661112,0.020369654708421038,0.019837781968746578,0.031724422905670034,0.03670843792201482,0.09735239716059019,0.018608998802500994,0.08130107992977041,0.039085328156308184,0.02138313273000348,0.09084174159250255,0.0445407393225168,0.01878794742200965,0.021047300019621195,0.03343417834406836,0.02382065913861076,0.04743499652906928,0.046722272719184645
0.025790914611431702,0.0181563239885945,0.018830642704827254,0.016465387537818194,0.02107351541022359,0.022816777875773315,0.04018879230474332,0.0010499582622390743,0.030160704066709138,0.02055748680667255,0.01145551929436257,0.02712277075202148,0.020434432959378458,0.0184178482852677,0.02143307605126337,0.05043798935391534,0.01341302379401167,0.02905708386330392,0.027216424186792546,0.02056624467370285,0.021609901290166374,0.025422370259581672,0.02085425861431391,0.009542880317427338,0.04356210923914882,0.014556390961703908,0.006705146413036754,0.018139048426243747,0.02707825857002623,0.020873325093405937,0.017835441921388605,0.02428561163810574,0.01791224135125256,0.0631892894933551,-0.00019450897235616637,0.01653829411309434,0.015279908413114517,0.01526583657394064,0.01778827798101163,0.017494447013721146,0.006968689701729213,0.0288163188919486,0.00854070373334974,0.031562763044441236,0.0020878138939462525,0.02568571657382961,0.02501921259815373,0.021926519072012984,0.025360291935634636,0.008890610925258616,0.025966238533341564,0.021900404774296892,0.021200029311448362,0.018010046963190824,0.02348278972539201,0.044649459159523994,0.015918201575648713,0.026326932624613414,0.018281645959805956,0.03344805252230221,0.018805903435872212,0.037059593883077876,0.013399591733072433,0.03507382283556175,0.013083421995168277,0.005025843952538947,0.016400835710113318,0.014179693554890313,0.03206972086848648,0.0318727477493719,0.027194277405172454,0.019182182157007652,0.005152765691950901,0.013894820184002437,0.002405384305796029,0.022890713048796557,0.02384672091485565,0.025575134690640034,0.0082522823512151,0.034306180796037505,0.02762938464368779,0.019952405472992527,0.0407132705390168,0.01881715580792636,0.02227278632226346,0.021139522160752107,0.020430567740156495,0.01785618013103462,0.031072162172807536,0.029973558167518826
0.02153388793247005,0.015953502853695366,0.015036990205485901,0.014541095863392205,0.010539464078883098,0.013314434014725882,0.04378919532223935,0.0009381868461708846,0.01996564313176771,0.013468776954684562,0.009892248514112103,0.028387102361376683,0.013212537816839013,0.015324548621271887,0.023560102877264462,0.01341302379401167,0.028889076850910057,0.017743228490165134,0.032068467169249444,0.014287872023757243,0.00908173181847953,0.023676383563558667,0.026467471452961595,0.006555013583091879,0.01624540710423484,0.011150220893216548,0.01790755261549923,0.015272213738304402,0.02238176024372827,0.010264677519992318,0.01171327402447724,0.018024129185667325,0.035081706144258415,0.036761938667666735,-0.002252665012491622,0.012738791670407217,0.016197146482529623,0.011688377396642939,0.022952475665866116,0.020565098664997998,0.01036727253576912,0.023530498061470742,0.010719121140691202,0.019786775123255846,0.023429445400601812,0.011392896429031182,0.014483768548959,0.015011998428792328,0.016887999669185912,0.008285019494023943,0.01665032014047833,0.012342733370269927,0.018352755804744443,0.008256254418113243,0.011105902680445348,0.028397630315955803,0.01042732989284498,0.01766204136515401,0.010197454771898791,0.024577565255394986,0.03143957622728349,0.02154310199463481,0.017883032730928162,0.025732259794233176,0.007620278081371841,0.003515341168476245,0.009699686687353463,0.01197744983966062,0.019717134750863372,0.018450701625222204,0.016948300914106304,0.016624960132995043,0.0020137345122424205,0.013341188273772783,0.005050197659694662,0.02376080222607273,0.016739174256852524,0.01703108901013674,0.011232969168049662,0.023416077465181248,0.02215066972497062,0.013771829389872595,0.026268430345320493,0.011433487470689223,0.01777131994502014,0.011528810228617079,0.012640338126911715,0.006385077892219627,0.02209760564453734,0.025489961563230166
0.03921882635381238,0.03527403947509911,0.0234272973302192,0.014040900036985679,0.019496843102746866,0.02570056515623702,0.08467669455138374,0.004477426929052628,0.05263462978680562,0.03069503613135686,0.015529831498827107,0.04314697388711002,0.018461804940388342,0.019351168409926147,0.02087194984953966,0.02905708386330392,0.017743228490165134,0.20367865902357574,0.06974490865403625,0.01372082415199926,0.03389529772960063,0.02121933786817364,0.040160471282903176,0.013797412032645041,0.023008168900336166,0.005929589109849491,0.024085179223226345,0.018537730136761278,0.022258408956227015,0.025695859859379985,0.022535464308416474,0.02384133492298093,0.10043982991287595,0.07857617290006193,0.007163280193876137,0.027854897181314005,0.025802378027007678,0.009104405327370804,0.018744471782154482,0.012079636634596118,0.00675309425708468,0.05187291354279157,0.004403488693578093,0.03167893067961185,-0.04003708074717952,0.029244504208327946,0.03191185664072035,0.026797626526192705,0.0284185783337034,0.011893129535379673,0.010920672839207432,0.030436077012446248,0.021369344961319748,0.0019638799773251297,0.01929420812952934,0.05884290261947836,0.013187585045518018,0.045937843634435545,0.01278035698667851,0.04529023719339929,0.05470540156541356,0.08170294940037795,0.03787753572787097,0.05688620862852752,0.03207339061825386,0.0003636876654679657,0.02536451834021143,0.019078326310100358,0.03715770083254421,0.03368440328168179,0.03252755611124623,0.03725319930788355,0.005026365387187323,0.014645528708711025,0.007413442871888322,0.027954949715243392,0.025479364472289448,0.013354367876477147,0.017633857681919,0.0687261673261174,0.014194040263401169,0.01402535755998316,0.07734089871913326,0.05870042097427826,0.03218430165278544,0.03072214085944586,0.03232159360324299,0.017523813295569075,0.034724917300728214,0.028311730650203964
0.05470064964801326,0.1417910787297032,0.05201551492282108,0.052326003467245336,0.03390320602003944,0.10034989131205609,0.25708719270744707,0.0011667078724688696,0.05569744807385314,0.06753006046280821,0.02426896509964398,-0.01633380903470597,0.008407489045121903,0.02891051182253693,0.049796266841151834,0.027216424186792546,0.032068467169249444,0.06974490865403625,0.7490890346388703,0.033762542209647695,0.03234762106510465,0.042173314393185654,0.4476067252061894,-0.0036963787117681086,0.15367939870085046,0.025455882621462353,0.05908466152900005,0.04683900096762738,0.05147528305998484,0.011834878555500767,0.02231768461982356,0.053401740607693836,0.4779830602725555,0.3141227630944274,0.01108342005499719,0.03697044710831153,0.10507685732842227,0.013630774668117077,0.062440001196042184,0.05707081740860977,0.08831834795806671,0.09699691032019661,0.005450729771382125,0.061471482374517064,-0.03920347634883222,0.06166944870283065,0.06018484837418573,0.034746770379739014,0.05328556546317036,0.02638762011382749,0.010133570202315841,0.09745687421902242,0.094848206432511,0.04094345982714439,0.025793492656875448,0.07026843725297147,-0.0073341142290670866,0.0881864254524262,0.02534047081722903,0.09066693100004124,0.1446108552123608,0.07040116263054264,0.08133399261040607,0.11457103430718235,0.004486353615144514,-0.016644813152574576,0.06098449898128224,0.02571448808594689,0.23310577966489432,0.05972359247752212,0.05330905558056812,0.11122156042830604,0.0048114225509368206,0.013761321154056762,0.041775365954215,0.06050637744257683,0.03636119801843754,0.10719568238094855,0.0370655243683248,0.15120336482862654,0.07963007837227272,0.023442097706125695,0.2256430778092921,0.09301142407886151,0.06183007526003737,0.05360986177719847,0.05162971282532643,0.015105213869398082,0.08518233882371501,0.05723664078346017
0.039307230967392796,0.028553231044333216,0.03282804273457217,0.01637278503314735,0.023302773462476566,0.022400267893901756,0.04866256389051566,0.0017601668572897232,0.040581335911572466,0.0207004176358896,0.018980971503398992,0.010671676674615965,0.01806381002339668,0.029595832439386363,0.03368160133689901,0.02056624467370285,0.014287872023757243,0.01372082415199926,0.033762542209647695,0.05989349944495907,0.0176725915169284,0.030730926290332698,0.008953320480460814,0.004366924372967669,0.04401410749331637,0.010151376250126371,0.023349822080187373,0.01688986367131754,0.01970176414993986,0.00870501812619078,0.007657017818006789,0.040336963662218055,0.04204896857522456,0.021577953961128906,0.004909129642226567,0.013052388688719134,0.022931688289592217,0.011998978557904024,0.019267858158593856,0.029956373166502084,0.027759303531189154,0.04982268501828989,0.008212473608099416,0.04243366083957925,-0.011694582336630855,0.024384817005257894,0.02282759447474465,0.013704599396479122,0.02086692608370847,0.006306902938836374,0.014184211953505318,0.0392500369245752,0.026970145157558356,0.028765671855112477,0.024627539319048198,0.040364851355628596,0.010218370292600192,0.025722204496244412,0.008555539645421184,0.03123846067923141,0.028004756917180754,0.0173850631656764,0.021322555525532236,0.03558504056331866,-0.000927121034171867,-0.0008310658067573863,0.02286836792670682,0.012213198292783453,0.02460341713199031,0.04198702433728718,0.013472172216383735,0.030584041331527444,0.0019501868437320218,0.008483169150191226,0.0007432642878635825,0.023699337443733075,0.026401338469634047,0.03705905987695058,0.009106470357968079,0.06857931886332766,0.035179376512057145,0.01969382265543146,0.03762389735768792,0.008916237946491979,0.021251396932318943,0.014468462862414435,0.023393300059552733,0.01728384758851199,0.03251483256160826,0.035447802083577305
0.03561189896993385,0.06068914195610883,0.010852945461032782,0.021273617188854413,0.012884125162567263,0.06371261068333373,0.08515515191666108,0.00021492016861517893,0.02707367374054255,0.018393106747739103,0.013376995554189034,0.037448759878922586,0.029180003888705328,0.019812779173833645,0.011993005835205706,0.021609901290166374,0.00908173181847953,0.03389529772960063,0.03234762106510465,0.0176725915169284,0.17447613371765583,0.03599334575151686,0.05507847253855822,0.017047008469233408,0.03263524333736217,0.020009379154338692,0.04662175514605431,0.013670004399633704,0.03319997272618796,0.028437407807508232,0.01679738188055789,0.022149210979197854,0.03215593886001261,0.0627333789207815,0.009063263683889997,0.013191672056272263,0.019390386790564505,0.021996759461770547,0.010949011454337357,0.03743213798509515,0.011529751722515127,0.05578214404297399,0.010533605854387559,0.027824071848229135,-0.007692850004593082,0.012624977821441667,0.0243072927598617,0.023232825115868355,0.03379921505289699,0.007598691412369661,0.015521117854000633,0.03399411554957166,0.03481796036719416,0.04626130833846104,0.03296804459213437,0.049977578959468104,0.01253471362783095,0.02266782920835658,0.02278565557302949,0.05856334369718357,0.03620150734812744,0.031877184578546595,0.026930027268567115,0.05657418491056604,0.011695673383694314,0.0037221355950544147,0.02261898247301632,-0.001228830108978927,0.02296112968938876,0.048490315225573156,0.024275207521117673,0.04815911871914649,0.007631724598631068,0.018681050496440654,0.01586710646093466,0.028127647979457777,0.026660385925991934,0.04551742628995141,0.004694455600443049,0.09834421389248,0.030104560714081057,0.022100893912993844,0.06042451435173712,0.04315569225190045,0.0247760294242914,0.013318640429134946,0.022144158344860734,0.013343968763126941,0.05078288824587757,0.03562689951320045
