0.1283284389247743,0.028653358901880484,0.014369367394587386,0.034000668199404276,0.017277695278294224,0.021580893114473726,0.03271010852153432,0.054309699666231226,0.0156374343229118,0.04475888712575664,0.04204464205707027,0.03781005262979044,0.005142721891664995,0.03339448632006638,0.019061954305240127,0.05492043736296339,0.0008643986006499715,0.022867354960638034,0.0032068099648540813,0.02449290045353934,0.10842296482100185,0.022261179483264712,0.02424926457307164,0.02137914430961869,0.028412048083271267,0.014372525012934895,0.021497449650638656,0.020937120949043934,0.034934333668219894,0.01994089259871163,0.030486991738288945,0.020933269394670353,0.047175947463533444,0.04751300783523378,0.01630743649948594,0.0668572470584811,0.02011393110060611,0.019252849458097767,0.025153260941868046,0.023740537764916202,0.057348274673782666,0.01766814258847682,0.06256810583762426,0.02463879056159908,0.025625891215271392,0.003960675928520668,0.009550356553657234,0.012013128348054541,0.027030719015958656,0.03695994616954443,0.017187297255705624,0.04615627421393222,0.04987997882098424,0.02723948442350827,0.0342885675504141,0.021322328407607824,0.012952962796533742,0.04017662246960852,0.017450685577869135,0.018585313124554956,0.020170869311885352,0.0413627049799238,0.02282543274273168,0.02134553599574207,0.028598395803259596,0.02972751466450006,0.022477197308090686,0.0107630576497462,0.007657713708646059,0.028440406251938583
0.028653358901880484,0.08559974382399779,0.0165341028225047,0.015184936745234946,0.009032694524486953,0.024944650543086342,0.038492224219100035,0.03495682122596984,0.016569446227734614,0.032739152943568155,0.056150670050510186,0.01842458482895722,0.012345683197090637,0.02403044887486244,0.016795328435398972,0.02891399028436368,-0.0007280861005770959,0.007239953258405042,0.0002869852141913572,0.035866646947934185,0.03940996625357468,0.008359468488230744,0.02610420235257279,0.013598377877384334,0.0013598339877719653,0.030657518992311294,0.017249081199019897,0.02093374860565794,0.031136025375886743,0.03678511758483501,0.026617134093168803,0.02016755329622642,0.039203311697069115,0.0565890343857815,0.016741235366137235,0.0443569657706554,0.01546775767551854,0.026873928819620793,0.013819350119343512,0.022019843841719875,0.03526842641776625,0.02027338958875176,0.036539246566592486,0.010052134120994885,0.030021751991273396,0.0055663874961598084,0.018178946765731802,0.008125950225414664,0.023902141211923012,0.030159055108185222,0.01594770030692134,0.04411697290545611,0.06981157451734077,0.007014511314959327,0.026517550092131865,0.021289594952233,0.029223386663027876,0.03760969527699038,0.02604167718879,0.006915562201782047,0.019490542805564646,0.03277790605087545,0.0344414618733205,0.010663286533191435,0.021742321672028025,0.0571894742990206,0.014485184826707326,0.008099750623728528,0.007245593231628053,0.020517224648356147
0.014369367394587386,0.0165341028225047,0.02480630497810796,0.015202065423270563,0.00863072710595827,0.010700058590905026,0.014868457488875162,0.024882419459269983,0.009415454504524873,0.03125765824733419,0.021516360123419995,0.0195256915966499,0.011142487758652926,0.016322849273604122,0.01172939139824489,0.018207755515582482,0.002502230429623236,0.0019383028489826347,0.0026851746749405048,0.0199517758432784,0.022303954616089763,0.010744508674553944,0.017520579708498508,0.008789973957202274,0.01017190939350545,0.02092030449283053,0.014068789779852679,0.009254516158405173,0.022260009009780184,0.026487169068854864,0.011706248175262167,0.01744590234164524,0.020714394072416393,0.024889600189915005,0.01337084923868254,0.02546504348830361,0.011429283712389807,0.019115856001456665,0.01415538834366457,0.017095557680836166,0.039451638918691176,0.015061159975001955,0.0165873762095655,0.003962993547575173,0.021131501778741086,0.008457428297422263,0.01750829349734507,0.01422566990415897,0.01835222131302145,0.020213682996986376,0.014583634253701046,0.02485228557006653,0.03421995818186161,0.01648882037280114,0.02358361958625539,0.015357927291686798,0.02398232679632836,0.01957850756135947,0.022266834386380097,0.00739571093693396,0.019455183464515927,0.022910750225238075,0.018408613685844146,0.014408252680158558,0.015315520832733494,0.029298200882808538,0.018228655080061495,0.009435163977667478,0.005988862809766787,0.017189184082756333
0.034000668199404276,0.015184936745234946,0.015202065423270563,0.08329684961446936,0.030441297900898053,0.053743622424524795,0.05865631798955156,0.04276641493837099,0.027455463177662186,0.05853869201469385,0.03283484213335263,0.02968746863746086,0.010072414660744664,0.029236378834986722,0.022022608275326223,0.03479901459906522,-0.0016538328274604552,0.01049208147431738,0.0033001710083965445,0.037892421988198095,0.050763586877849945,0.02321645677629627,0.025270649352399636,0.02220281494536692,0.056267013920454655,0.04379658502864281,0.012942356367373245,0.03799110486082682,0.05507437759173023,0.04927399620897186,0.032693617560635914,0.030219041251582705,0.039788792805384506,0.010906129261511532,0.011802890823353514,0.06433212954186664,0.023626238277643423,0.029854874729892705,0.017220032828969094,0.03152100009594814,0.07672180562930327,0.015897070579563282,0.04289028980148111,0.015204593730167432,0.03086918204161604,0.008098875431480017,0.01072829019676336,0.014540211306860262,0.0209952007954549,0.06932890542097793,0.026608189537156823,0.05228012156290797,0.04580550610084873,0.02124642502019796,0.03139611802102689,0.020378077756473212,0.04757670801276827,0.02791141305239231,0.031057710398202338,0.013012721605887791,0.026848907445581306,0.03518945036879654,0.03458780257060671,0.011899133771444022,0.02421836794421221,0.088131422756382,0.02409151600080806,0.010753122863901003,0.004586164274446326,0.03040091092379593
0.017277695278294224,0.009032694524486953,0.00863072710595827,0.030441297900898053,0.03533393125696422,0.017574655812239413,0.028408258870401534,0.019216511081959976,0.012708185654751165,0.030130418318257444,0.02403980908866207,0.014457374833608361,0.009654750896277271,0.017039378033896765,0.014552277734314714,0.018131354611872916,-0.0006623189721424409,0.005672578545296482,0.0020641931433415923,0.01663493299113232,0.018949710749451353,0.01742079041337792,0.013798958240444616,0.0024203870896011143,0.02427725471731325,0.028007516224650905,0.007013264234317567,0.01727724496750114,0.02850595253487927,0.023971426740191773,0.012340297324286658,0.016105891542406887,0.021115157770703743,-0.0028371132299755855,0.00566464454608018,0.03210083496069896,0.008410631669207384,0.016218316288261148,0.01544086495999976,0.013351290314659614,0.0402876059845739,0.009488857678949433,0.011511112370734369,0.009070456938448932,0.014725204676015723,0.008731084481216757,0.008814508055104597,0.0076088060364547265,0.012926603219090588,0.03646669717385358,0.012670713742738527,0.02882475056593927,0.02350982547754376,0.017887837339893346,0.012350548990027344,0.015051634427102027,0.027669185237611908,0.014660960066042998,0.010977528176296126,0.015372352781247423,0.010487321346762864,0.020602692526441906,0.023153374592800247,0.00839890575796468,0.017512567191988918,0.03331872915456791,0.00980217912766914,0.00972884477494212,0.00759000646859011,0.013786429259553586
0.021580893114473726,0.024944650543086342,0.010700058590905026,0.053743622424524795,0.017574655812239413,0.39116723601521475,0.06380904212780183,0.058259838880231105,0.026784164571501026,0.07860081392559531,0.041626165124886816,0.032155637086743454,-0.0022406161399052987,0.027916477383698384,0.02353084697967767,0.044599201683759825,-0.0002650531263416411,0.023563873024530734,0.00357863241658689,0.08286069905041131,-0.019275662944181503,0.025263278089719492,0.03409330206722704,0.027501716878997485,0.08805607546574132,0.051910530468742506,0.017006187668918888,0.032508488050102265,0.06579789704032196,0.08242978312693694,0.02976552919643806,0.04289457624178068,0.04146800995485472,0.13103496483064836,0.005544026622522185,0.13166996156906963,0.027566616227767873,0.038454753156791956,0.010477577025820993,0.0379084567531022,0.14544899460531144,0.01644500432581834,0.04188778998276178,0.03145591185649144,0.03321918426228015,0.007232735897902778,0.030368848911965056,0.012822953129689958,0.03471224050230962,0.08448288003012493,0.027704857817901034,0.07085283057916832,0.06376025405756823,-0.009241467955868828,0.03597659338528501,0.017221092599850354,0.047861968418293294,0.018518025085675533,0.045995682738555733,0.004989872215447049,0.03137183258733793,0.04283020457382087,0.030933564476424792,0.013608850012739883,0.024825440412591784,0.1921271021691407,0.017953598847114723,0.005816374261994902,-0.0016591781072290458,0.040827504024967945
0.03271010852153432,0.038492224219100035,0.014868457488875162,0.05865631798955156,0.028408258870401534,0.06380904212780183,0.2212347508764671,0.048968653951221214,0.04287825899983235,0.0832574568508934,0.07123240188536478,0.04673592152795448,0.009454222442128615,0.04792023523633163,0.027718685985556615,0.04233278435608652,-0.002471144128176591,0.022743530448525374,0.0006771541070217125,0.061412776580826056,0.06432401559973383,0.014903790476717929,0.03446908978021976,0.024681175650301052,0.09791352208880688,0.09497442681343361,0.021642821189651856,0.03883396148801232,0.10362434676906858,0.06423297285231502,0.047328682401363106,0.03817200252514753,0.08657131216761862,0.03781299458425362,0.014212729375906766,0.10597473252143663,0.028060894386415975,0.05395400992826043,0.024995705373836736,0.04609328242535456,0.19277897468222774,0.02807388872926915,0.048453558313379434,0.02736297629791101,0.06388634983819315,0.015429414660934814,0.018523608172576707,0.017061837742511663,0.033673915498098506,0.11898469964370165,0.030329955561606323,0.04899869009586532,0.09846377994363534,3.268418956164724e-05,0.04595260484636351,0.01735716542941824,0.0753444744424743,0.042098492564559664,0.04807434296482753,0.009278426258262302,0.04242100463020178,0.05860280994235148,0.06050105774320361,0.018852993736878938,0.03991412313584154,0.15299367724660812,0.03393751907807147,0.012121294094104305,0.012426298923780024,0.04643800549612171
0.054309699666231226,0.03495682122596984,0.024882419459269983,0.04276641493837099,0.019216511081959976,0.058259838880231105,0.048968653951221214,0.18842231174891316,0.02405219134712967,0.07203200651873834,0.0237368920826508,0.03230018496718675,0.011422407417244774,0.044198538154600384,0.018808598364029448,0.054937278210350715,0.0006636648664640079,0.012502272317160442,0.0074396142976398795,0.04939299632101669,0.08727041093170416,0.03333259936492612,0.023228995946541188,0.02713539306297536,0.04615048275008966,0.0281474994766328,0.030474852422881348,0.037317153537824554,0.05099889604441336,0.06957196848253454,0.036864283352321704,0.029149441896872394,0.06555228400465939,0.07292516959749452,0.03361730693507921,0.08798409922134656,0.0301996273481341,0.035845977263146006,0.031560823121297495,0.042047555458665786,0.08280779355287649,0.02293863934654194,0.0691544467118408,0.019033002456383088,0.039124820469035225,0.009473241357439637,0.022418370207064785,0.017711020348619013,0.04183549357808089,0.07336614038196254,0.028648416222621403,0.19674707361516028,0.10532075440777852,0.04252005798698947,0.04811484117165782,0.02874092589359791,0.05502255858716555,0.04229660805945473,0.03177471498417585,0.013395790064069962,0.033894917742079415,0.052485271242990204,0.059657950520185916,0.026945572941333824,0.028199312962394432,0.0733329644759195,0.032274200683269125,0.011814657101934061,0.010061180306310322,0.04137974696436836
0.0156374343229118,0.016569446227734614,0.009415454504524873,0.027455463177662186,0.012708185654751165,0.026784164571501026,0.04287825899983235,0.02405219134712967,0.1467843315617988,0.04992773778284556,0.019910096069684604,0.013836460001867452,0.011458665620681584,0.01147835558726732,0.020231143456771912,0.019646294226631694,-0.0028502314620890076,0.010008249646752414,0.0009624079243857553,0.02681121578868879,0.05212433701489329,0.009797177313324117,0.02334497675883809,-0.012024520695545455,0.011086163463700982,0.022845992066046896,0.008735966777106587,0.018046661768220465,0.03132023657817724,0.03882972523804389,0.015584414690267407,0.014674359298616801,0.025448195691459483,0.03858286011830425,0.018387155573181733,0.05206478223776376,0.01243333985432223,0.02651682173050623,0.009884192514879533,0.020143318787252496,-0.015561903380139895,0.017400262342866603,0.02619624930411676,0.014765896166203286,0.030085094416245683,0.004751061163698494,0.004269532398948702,0.010265091622843156,0.01438513423032346,0.03361817506753597,0.011071814569842789,0.012767820954480721,0.035942546230544326,0.031337945756074924,0.027046050666554817,0.013833276338060023,0.04205318347680902,0.015230734118908084,0.02209900334389242,0.009501273099982012,0.018781802304319518,0.02368693831795371,0.007028280056869417,0.011305800157847552,0.025413421537779625,0.036739656178671004,0.015261849794932164,-0.00042158814253990943,0.005522858753917698,0.029559612633110136
0.04475888712575664,0.032739152943568155,0.03125765824733419,0.05853869201469385,0.030130418318257444,0.07860081392559531,0.0832574568508934,0.07203200651873834,0.04992773778284556,0.23019900932689616,0.07088153907249675,0.04692564692245601,0.01017314397658795,0.040360311803435564,0.041722841140413434,0.046332300885294955,0.001286288768080876,0.027251136119530367,0.0062064547259961965,0.06722039195043805,0.06297768746461682,0.033483109606138504,0.035036797081610054,0.023149568126660535,0.06323292679842901,0.05487952648403669,0.032504102000282545,0.03707064463106936,0.07900138033866859,0.09178125346695902,0.015645192045716183,0.04374475263250077,0.05684352324908425,0.10476230755976322,0.04973453157165893,0.08036718185132365,0.030015739160830862,0.04454043323574328,0.046261088139166656,0.04071266671275616,0.1494650389171936,0.030699812918453844,0.06195427461451366,0.02105608816804101,0.05963683202876483,0.019682797437804905,0.030134239009837537,0.029829902920748892,0.0487444258313885,0.08897895384032824,0.0352570659946585,0.08827610732858805,0.07859332017914954,0.007364267906112611,0.05536948528301491,0.027927131610207177,0.060270554354994836,0.041890549474659304,0.04748169227161667,0.023202477653459022,0.051355133672560796,0.05694806441233168,0.04497550543279285,0.024980046325957444,0.05247254594567958,0.11903047502547695,0.04576258807887976,0.016375937245078732,0.01691046962135253,0.05693296911509741
0.04204464205707027,0.056150670050510186,0.021516360123419995,0.03283484213335263,0.02403980908866207,0.041626165124886816,0.07123240188536478,0.0237368920826508,0.019910096069684604,0.07088153907249675,0.1809316887832097,0.03613426039738737,0.01977054025808967,0.04290717498700744,0.041637233257068064,0.041431554762185685,0.0005230305008211153,0.012044623542318621,0.001205871031529981,0.0438002284170171,0.051984350787675326,0.014268805433369895,0.042598784753241074,0.0048236262453930446,0.04545928903968963,0.057613244402180436,0.02075667715926849,0.031334018998386406,0.05261423545918062,0.06325343986017942,0.03350486348137708,0.04366551227288654,0.07814170443409582,0.09780554760771595,0.017975579057130483,0.07488761762649006,0.027905053452894107,0.04026775517341226,0.015966967559213237,0.033428352095892185,0.12528151389562994,0.03459493613817859,0.03899855645263419,0.023017115415187046,0.048557784027365256,0.010422266512128624,0.03492582193032782,0.013711546861470157,0.02972105233196061,0.057713379485255394,0.023529659547832465,0.03991699888731084,0.11540070649331198,0.00049268398273655,0.047228140699314435,0.026744726803527564,0.0614562945939273,0.04950235150712154,0.04598683520704335,0.02481959449400048,0.03008305491452848,0.04734032654517836,0.041923176052258,0.023496985702301618,0.03578109182221587,0.11597215188635639,0.031712298161001705,0.009220714881008174,0.0027953626559288334,0.03061237091024649
0.03781005262979044,0.01842458482895722,0.0195256915966499,0.02968746863746086,0.014457374833608361,0.032155637086743454,0.04673592152795448,0.03230018496718675,0.013836460001867452,0.04692564692245601,0.03613426039738737,0.08038350263686399,0.012192801531415057,0.023554096809451145,0.03075659104078567,0.036179326601536506,0.0015397276137082737,0.01088434149301675,0.0038544563226779963,0.03493063088183696,0.06625227683517551,0.015711065766947852,0.028808150176311303,0.006932514779928647,0.03009427043637472,0.04518837056496172,0.019312716746540202,0.024611959643030947,0.04917277109721014,0.053451060613178454,0.025865196863921712,0.02970602959161417,0.029193160139653954,0.05390227995139447,0.020380102809909564,0.06766835203065213,0.021297557663738115,0.03345285824700486,0.022471052699070446,0.03628870562606762,0.07819798446734084,0.026589870222570765,0.04149156961613731,0.020879618800471265,0.03239035871132931,0.010270680877567684,0.024977888810293607,0.0147114748906661,0.02886528995604145,0.04933690545443435,0.017435844207346313,0.02252058034250728,0.057777142351526506,0.017397859867002593,0.034856504512776776,0.023726111636987252,0.030193425897756084,0.0300908404922077,0.03402388195596413,0.013043790862470789,0.025255777926233788,0.036427297685737256,0.0327764854677327,0.01844133858640051,0.024951980646980034,0.06849766868710278,0.025977379796621684,0.01261105609529177,0.007255233255227364,0.02852447988527311
0.005142721891664995,0.012345683197090637,0.011142487758652926,0.010072414660744664,0.009654750896277271,-0.0022406161399052987,0.009454222442128615,0.011422407417244774,0.011458665620681584,0.01017314397658795,0.01977054025808967,0.012192801531415057,0.03740258082497194,0.01018122934230583,0.007751729844679222,0.007388154004809595,-0.0007408389593084257,0.0011471607483587987,0.0017746454561034662,0.010378522781473814,0.011229425046380087,0.006424771806783807,0.01733074500172984,0.0002226418299466768,0.0023314655547531497,0.0205021811678354,0.004289410145057046,0.011857773996245767,0.011315815446042139,0.01684464410809672,0.006621191410098193,0.01869455981512735,0.004621543017341873,0.006273270018511954,0.008110637839167384,0.020254138432738034,0.009384076063936809,0.020375013663102393,0.0063414654819343675,0.01431476331213919,0.02183588063702804,0.01790459864372915,0.002358968216444951,0.004893880144204761,0.010023705874803335,0.005118820209426128,0.018554917310992507,0.009205932221185771,0.012394395209990392,0.008984569249361248,0.009254425526995238,0.03047649133055915,0.014876333359776752,0.01417318844013285,0.015227074061325738,0.013492148009200532,0.014743027070354792,0.014284416287023755,0.01657995177786621,0.00857292491872814,0.011261684422640415,0.020129852905220066,0.012890788529981673,0.007241502249876683,0.007523092338579701,0.013522643074513022,0.01140346751071594,0.005702493302697672,0.008251561226675943,0.01123412795157623
0.03339448632006638,0.02403044887486244,0.016322849273604122,0.029236378834986722,0.017039378033896765,0.027916477383698384,0.04792023523633163,0.044198538154600384,0.01147835558726732,0.040360311803435564,0.04290717498700744,0.023554096809451145,0.01018122934230583,0.09565546666795138,0.010594899705598107,0.030399326751577666,0.0025558557643806466,0.02049730370573,0.0014054371524073101,0.028983955541665468,0.04628794688658362,0.01759292301321877,0.02663925976568087,0.02343862433322372,0.04221879986143863,0.04779355616722348,0.014869681429448148,0.03559223878081964,0.06478921655905939,0.033440051751896634,0.041516891290195396,0.023609875811346877,0.06009520459649285,0.03806310582843165,0.014723096598485322,0.03935661566679737,0.01710574776917998,0.03066565854619435,0.01366649760007919,0.0277985347088374,0.09152628537126874,0.017313428577991806,0.0343767162446232,0.013344234393808791,0.03510307168804984,0.00948968520921404,0.025128322116932066,0.01529546009531595,0.025157160780737504,0.06270147031126574,0.021914390624977544,0.050003291220071105,0.04758764720436701,0.001990159819091728,0.032812381287761296,0.02112930500835262,0.034919973030495564,0.027737062904333375,0.025515229037355286,0.010812704340663119,0.027724005561892123,0.04877864371656087,0.024562044811605906,0.018692249221994958,0.0167227387289906,0.0715358317461013,0.031721261241072204,0.006416243468940897,0.003572209470827459,0.021903201933081436
0.019061954305240127,0.016795328435398972,0.01172939139824489,0.022022608275326223,0.014552277734314714,0.02353084697967767,0.027718685985556615,0.018808598364029448,0.020231143456771912,0.041722841140413434,0.041637233257068064,0.03075659104078567,0.007751729844679222,0.010594899705598107,0.10155495737130384,0.02482432151541841,-0.00018584732935629427,0.015487364610205397,0.005392374406181798,0.03132234915117669,0.052287759246954675,0.015554937744488672,0.024274590884640304,0.012687538170824637,0.03568934920143685,0.017777034218267707,0.016565736485199854,0.0005098484988159175,0.018336434914021555,0.027291845500780412,0.014751190022970657,0.019907496623864887,0.03667398661934054,0.021290879631115412,0.03920989987976089,0.023460769366926804,0.016397758973271673,0.020422311017623544,0.015416145435867206,0.01619472662087368,0.025619835640232617,0.011183677373866264,0.028219068061904575,0.01833856126624248,0.016183229961517505,0.00530476243554965,0.013610025512532544,0.011997100774427297,0.02708310278503142,0.015113433362409709,0.011806554491337853,0.02308108933956185,0.04718995064910326,0.021464899502737327,0.030573949728817624,0.012121987477237764,0.027064789200229127,0.017643870980713367,0.026278318661582794,0.008724985454490873,0.021113264247215935,0.006658527241596716,0.0380082546997721,0.015726330129503654,0.03386716716484634,0.049300784823346606,0.017737549765009415,0.010986984384555257,0.007511363089033961,0.027697088302854347
0.05492043736296339,0.02891399028436368,0.018207755515582482,0.03479901459906522,0.018131354611872916,0.044599201683759825,0.04233278435608652,0.054937278210350715,0.019646294226631694,0.046332300885294955,0.041431554762185685,0.036179326601536506,0.007388154004809595,0.030399326751577666,0.02482432151541841,0.094074247168336,0.0022589617455242655,0.008609992101165182,0.005133674544162867,0.044405212655780665,0.07978973363202399,0.020346665940548833,0.027103453641800578,0.009897190873252436,0.04006543524742339,0.021277544107101504,0.02676580231928152,0.020387206665107033,0.053203780609589836,0.04937672224600875,0.044742678923469496,0.01915854481433321,0.05303101451496025,0.055129763446584636,0.0256516596486553,0.0856330320625534,0.022079662425382826,0.025901238940100622,0.024389145146675596,0.027177970671029568,0.08439548258232807,0.023134855460390447,0.05026688425602852,0.0280835818587038,0.031084282348563762,0.010319314301173263,0.014409366335789812,0.016562375827618957,0.030791941438456573,0.06003116761345719,0.022116597778015338,0.057481063351100335,0.06273809200060639,0.018960615873541715,0.040727075476333995,0.02203302966254044,0.038678900289642715,0.029521308955754572,0.027039935953864364,0.010731132091289414,0.023860434013398414,0.03878702974669753,0.04620255035294416,0.023757669102256726,0.028681272629862482,0.09646599178427959,0.024434074075408544,0.01609590097386544,0.00780373417782499,0.03153865451390001
0.0008643986006499715,-0.0007280861005770959,0.002502230429623236,-0.0016538328274604552,-0.0006623189721424409,-0.0002650531263416411,-0.002471144128176591,0.0006636648664640079,-0.0028502314620890076,0.001286288768080876,0.0005230305008211153,0.0015397276137082737,-0.0007408389593084257,0.0025558557643806466,-0.00018584732935629427,0.0022589617455242655,0.006917945030549454,-0.00022282822275935963,0.0010259396803799518,-0.0006993685946715991,0.007815282239951255,-0.00015379066437754203,0.0005114656616928091,0.00387960624175755,-0.00039369976659950313,-6.60808055256764e-05,0.0006722961168900219,-0.0009042405486585428,0.0020452262374956363,0.0017805240207047271,-0.0006478793174921958,0.0014455348643704923,0.005479728563275602,0.005829989590346912,0.00045802736291477826,-0.0024417811385902466,0.0019040858883269914,0.0006830885780441093,0.002367005420667481,0.0015946536929231116,0.004446982561794046,0.000777849421638184,0.0030346081016102886,0.0005139500995210735,0.001421497265234952,0.0013080093848339312,0.0008869970107425618,0.000767799464291171,0.0009280754239728729,-0.002547864954515098,0.002031988363772516,-0.0023143170933006005,0.0006464796787131188,-0.0010249282956684867,0.0041477063823799195,0.0021977192222180602,0.0027411235527965857,0.0010037461575734628,0.0015158565681291025,0.0033940172142849926,0.0014676325109736687,-0.0005636373541516755,0.0007764876137130053,0.0028932268710995367,-0.001423492493022598,0.00110997976676331,0.002454564521054372,0.0019719925937876615,0.0011408914627442405,0.0014384282317822493
0.022867354960638034,0.007239953258405042,0.0019383028489826347,0.01049208147431738,0.005672578545296482,0.023563873024530734,0.022743530448525374,0.012502272317160442,0.010008249646752414,0.027251136119530367,0.012044623542318621,0.01088434149301675,0.0011471607483587987,0.02049730370573,0.015487364610205397,0.008609992101165182,-0.00022282822275935963,0.10171236959844984,0.0037112202703286977,0.012687755468977836,0.034782164552763416,0.007142270706897518,0.00764194341593256,0.006874412836228943,0.03302273589851534,0.02074895486951376,0.006385434966447814,0.010528437280373,0.02098817559783855,0.013012537422527216,0.011879337514576522,0.016691109668672766,0.019080882965205544,0.018713755844337425,0.004952060332560376,0.04328088137079932,0.0069931735991672975,0.009805406303634029,0.01143712389093077,-0.0016336368113154744,0.01288481662969939,-0.0006739230639277963,0.017016999196138482,0.0092947645263089,0.007881776605937196,0.0035258768740994506,0.0037195648818078414,0.006142628894243499,0.014380764736726942,0.017316107582042554,0.00983705879734644,0.008404188818735493,0.00415153436219875,-0.008184412721397612,0.011747083046556165,0.004299865862124463,0.018354626421442317,0.010380174261413013,0.009266996840395444,0.009218865633503718,0.012334424570003234,0.01646494934864577,-0.004139389847956266,0.005258066412342459,0.01768219691629665,0.033691563526162434,0.012236388687991024,0.0018294556122062018,0.0004026407132556299,0.012461958390739136
0.0032068099648540813,0.0002869852141913572,0.0026851746749405048,0.0033001710083965445,0.0020641931433415923,0.00357863241658689,0.0006771541070217125,0.0074396142976398795,0.0009624079243857553,0.0062064547259961965,0.001205871031529981,0.0038544563226779963,0.0017746454561034662,0.0014054371524073101,0.005392374406181798,0.005133674544162867,0.0010259396803799518,0.0037112202703286977,0.004748826887185969,0.006328189905188748,0.010127384945886544,0.0023925401684534607,0.0011407237415851457,0.00018207398498808972,0.010779392117024635,0.0027659791503393573,0.0015056778773845786,0.0007176971411901183,0.005789185846275401,0.0069019945430579144,0.0011619135053552482,0.002996591445587893,0.009498713872867997,0.006381328360219967,0.004009213641713932,0.008013204674130976,0.0022999481442730198,0.0028477312925458574,0.003888375756513228,0.003736099087952523,0.006007921418495863,0.0015081067805473734,0.00207007498543322,0.0005773075890543665,0.0019932857435275373,0.0023531147553020435,0.0003981639049159126,0.002360741138436552,0.0020180261930729916,0.0024249309520901533,0.0027549639110256586,0.0031945517818287193,0.005960161501373507,0.004932833309047672,0.0034524860342180896,0.002708808795022471,0.0017345888978702792,0.003463983624074766,0.0025812437417856615,0.0027205530799436816,0.004178213753944213,0.003031230395359106,0.0044039322316342285,0.0024599298018695903,0.0035892602590859466,0.00495306633520854,0.003687451196579592,0.0027517940737694074,0.0020839544738772034,0.0033384325535562704
0.02449290045353934,0.035866646947934185,0.0199517758432784,0.037892421988198095,0.01663493299113232,0.08286069905041131,0.061412776580826056,0.04939299632101669,0.02681121578868879,0.06722039195043805,0.0438002284170171,0.03493063088183696,0.010378522781473814,0.028983955541665468,0.03132234915117669,0.044405212655780665,-0.0006993685946715991,0.012687755468977836,0.006328189905188748,0.15819060526485376,0.01414201708623306,0.024558579856726697,0.02835017075753385,0.006425634007037522,0.04963726380478557,0.03854331293996266,0.02044181676228476,0.032197001701445606,0.06845783162130595,0.04531123121130251,0.043642010666896644,0.028279238410264054,0.06392583718387576,0.03123413511971749,0.025654701157974136,0.11731326693270246,0.019033896960017883,0.038081118043099306,0.02012214662004315,0.0362217537230973,0.12565669002209906,0.02341507501272186,0.04526352196123747,0.02004978934317763,0.03365376338392606,0.016730384676095115,0.02774764826261887,0.016215788874003084,0.03242177822830397,0.07471196379832004,0.02069946756538096,0.038048020909664984,0.07597168333546535,0.011311423026119632,0.04663310392631688,0.018781055491973522,0.055429927396439496,0.02966900360042351,0.036869865545979714,0.007627140572294694,0.03388736669577561,0.044095611974336694,0.04885834011201714,0.021366731127277674,0.025425292153869575,0.14866634932895242,0.0324042624014881,0.011070475616454014,0.007202329228042892,0.035394258732104285
0.10842296482100185,0.03940996625357468,0.022303954616089763,0.050763586877849945,0.018949710749451353,-0.019275662944181503,0.06432401559973383,0.08727041093170416,0.05212433701489329,0.06297768746461682,0.051984350787675326,0.06625227683517551,0.011229425046380087,0.04628794688658362,0.052287759246954675,0.07978973363202399,0.007815282239951255,0.034782164552763416,0.010127384945886544,0.01414201708623306,0.4392623037485712,0.006263359706965009,0.03608789598164588,0.04196052367132981,0.07549516300224006,0.07208344626412759,0.038519227725729056,0.027323195226533644,0.11526439148293381,0.06346741605557557,0.057467144322081325,0.04538476723341051,0.08582282276430045,0.060560069240871144,0.04490203762319776,0.11613265039912642,0.03903836203917094,0.033794164352799035,0.04172305738497836,0.041570012606485164,0.061344929492429,0.03274060672787564,0.1364678780540651,0.029315427667588597,0.043274279243304466,0.00251890471238564,0.016483863835646616,0.008967728402648482,0.031379017683047766,0.06814608701069659,0.03415249398965214,0.11043260303217098,0.10278114967593087,0.0234115544737576,0.058156756599590784,0.04180149195138822,0.041359767233298775,0.06481760805587318,0.03880898532317402,0.030063908094731105,0.03132310620230959,0.059209110170870244,0.05627400138899692,0.03350958116230904,0.03605048481726518,0.08784133447780026,0.04729988932182844,0.015197553108311465,-0.0029397949814723916,0.05440120939657722
0.022261179483264712,0.008359468488230744,0.010744508674553944,0.02321645677629627,0.01742079041337792,0.025263278089719492,0.014903790476717929,0.03333259936492612,0.009797177313324117,0.033483109606138504,0.014268805433369895,0.015711065766947852,0.006424771806783807,0.01759292301321877,0.015554937744488672,0.020346665940548833,-0.00015379066437754203,0.007142270706897518,0.0023925401684534607,0.024558579856726697,0.006263359706965009,0.0362698196856013,0.01031269472154608,0.011917849852064365,0.005428226634720184,0.003875019680696635,0.008989842699334573,0.011906739508257673,0.009791938450639453,0.018469937907471763,0.01799581330329811,0.011767742887923585,0.02464975995855814,0.011537750978573928,0.014963202985481703,0.022864645542295153,0.0077135842963470345,0.01591241369249771,0.015355220048841786,0.010647173286668633,0.03548347150269354,0.007220427666184843,0.017756626744942834,0.005933540248859072,0.011388668990209886,0.010917040576441306,0.007396148042621061,0.010361846056912566,0.022933291401768315,0.02342104560647022,0.01385937352934562,0.027157526259409037,0.022155318709029082,0.028014590884644117,0.012482924722395343,0.015001757485111036,0.015793938182892736,0.011890637625987638,0.010531486190402168,0.007825882134243754,0.0100791514203157,0.012867879731224413,0.02193417765132202,0.012310556906742478,0.01583657511974361,0.014273353858213628,0.011995985565084539,0.010898404439018012,0.009620171829136664,0.016196387343617644
0.02424926457307164,0.02610420235257279,0.017520579708498508,0.025270649352399636,0.013798958240444616,0.03409330206722704,0.03446908978021976,0.023228995946541188,0.02334497675883809,0.035036797081610054,0.042598784753241074,0.028808150176311303,0.01733074500172984,0.02663925976568087,0.024274590884640304,0.027103453641800578,0.0005114656616928091,0.00764194341593256,0.0011407237415851457,0.02835017075753385,0.03608789598164588,0.01031269472154608,0.06849351907898923,-0.0032395335901960285,0.01931241926116699,0.02629684708800951,0.019487166697230995,0.019662730069784307,0.04190280316368007,0.04291332214321526,0.02722515081944672,0.03339298937280789,0.021174507837958313,0.049223796904303084,0.019616140376108482,0.04150496653068609,0.018458822376061605,0.03712199634863023,0.013113021985731669,0.03623445579238382,0.04732080107103497,0.018974176377181524,0.013035225107928065,0.014669729609170857,0.031625794425052756,0.007001742229153424,0.026334384139662652,0.013065158151645613,0.016507504475699413,0.04046178109722046,0.016259571442369062,0.01331352034907599,0.032510414502325516,0.008498500479263925,0.027665215266665846,0.022950873469971222,0.046767882549775645,0.02696168939195694,0.03203828173418731,0.013141606376438316,0.02178215350061342,0.032902059112774426,0.01738722539662747,0.013521008022682055,0.020973993485404546,0.06596800631848115,0.022655690704864225,0.008591521331626802,0.0076819599658999585,0.022221832986572324
0.02137914430961869,0.013598377877384334,0.008789973957202274,0.02220281494536692,0.0024203870896011143,0.027501716878997485,0.024681175650301052,0.02713539306297536,-0.012024520695545455,0.023149568126660535,0.0048236262453930446,0.006932514779928647,0.0002226418299466768,0.02343862433322372,0.012687538170824637,0.009897190873252436,0.00387960624175755,0.006874412836228943,0.00018207398498808972,0.006425634007037522,0.04196052367132981,0.011917849852064365,-0.0032395335901960285,0.38818281065221366,-0.02159416510298191,-0.008137351422052547,0.00857060866225488,-0.002199719393518225,0.03725786444623662,0.010509132551445553,0.00573474404399257,-0.009455115354342538,0.016855171536785427,0.054030987155777435,0.004834122284491243,0.004362940823080584,0.0020312846188884717,0.0027842875652138092,0.00950403881994776,0.0035350159608863825,0.05723445370815507,-0.002084914933883005,0.055581023909638254,0.006451429232664937,0.007450780167945304,0.009431268809101568,-0.013133189142651713,0.008615200236024483,0.009619615390048639,0.02467723469435463,0.01654180467358151,0.02562025143962356,0.013132457835105266,-0.005821889474736442,-0.00012071215638730962,0.005440070848816691,-0.008118528548490832,0.015622878833014086,0.0040779595395614016,0.011438791812886819,0.008525457247411881,0.005199858670605744,0.04199069383715575,0.006384428025130843,0.00948081464808079,0.012566584499368396,0.012175895554217964,0.009066570399091232,-0.0065778741332924206,0.009013470990078527
0.028412048083271267,0.0013598339877719653,0.01017190939350545,0.056267013920454655,0.02427725471731325,0.08805607546574132,0.09791352208880688,0.04615048275008966,0.011086163463700982,0.06323292679842901,0.04545928903968963,0.03009427043637472,0.0023314655547531497,0.04221879986143863,0.03568934920143685,0.04006543524742339,-0.00039369976659950313,0.03302273589851534,0.010779392117024635,0.04963726380478557,0.07549516300224006,0.005428226634720184,0.01931241926116699,-0.02159416510298191,0.5842036073882947,0.10613754878336244,0.01907035885828973,0.05333906043117562,0.14910174056451456,0.04871694309828886,0.01937370244116347,0.03769788272896045,0.06980351208574799,0.07111237152380952,0.03663740898920005,0.08350072348735732,0.027208906665785737,0.02801039878542207,0.01708497504151504,0.020325701279978632,0.17939924296817922,0.0047378788324551665,0.05025372756030235,0.03658698978318269,0.042509946791433856,0.01666751191796637,0.0035424728625704886,0.016953699363073095,0.014491341463365377,0.15684335602373328,0.01875222100974769,0.08903398782540888,0.06481137148469564,-0.01443166740322713,0.02422698197263776,0.010358593293562169,0.054832923096435594,0.036148654004639645,0.034709642933916963,0.01661724178672034,0.03933888453743006,0.06315711823843856,0.035282591539854635,0.017642580127907953,0.02502455636598587,0.20597775673140173,0.03976434737431129,-0.0010950127456154234,0.005975361034824507,0.05583233026842139
0.014372525012934895,0.030657518992311294,0.02092030449283053,0.04379658502864281,0.028007516224650905,0.051910530468742506,0.09497442681343361,0.0281474994766328,0.022845992066046896,0.05487952648403669,0.057613244402180436,0.04518837056496172,0.0205021811678354,0.04779355616722348,0.017777034218267707,0.021277544107101504,-6.60808055256764e-05,0.02074895486951376,0.0027659791503393573,0.03854331293996266,0.07208344626412759,0.003875019680696635,0.02629684708800951,-0.008137351422052547,0.10613754878336244,0.22789812416643834,0.006945833985324382,0.029037022529533673,0.12677303810617696,0.07693476676655349,0.03260238172616743,0.044373493426087214,0.09320221386894885,0.01950742236278368,0.012610901027447526,0.09884802384493009,0.02286048833889327,0.04818346264646291,0.010229810758859894,0.03852003247150073,0.17530076337945558,0.018702812558282756,0.013919927663041965,0.010308231901484525,0.046639498426607785,0.011697637241523194,0.030148262911618623,0.016876149079828495,0.018852701137319235,0.10948321008233874,0.02247724136662962,0.0835294738623369,0.06870325450770437,0.01986880646619507,0.037694249452566005,0.024477256946515386,0.06068485820849898,0.03873896403835873,0.04399705494692278,0.017384969892572457,0.037854234004295315,0.047683835516943635,0.0361355077574877,0.009851729225777867,0.02943241165897589,0.12414577244273162,0.035596666344332936,0.005530543269512911,0.00216597288860196,0.03999998219995265
0.021497449650638656,0.017249081199019897,0.014068789779852679,0.012942356367373245,0.007013264234317567,0.017006187668918888,0.021642821189651856,0.030474852422881348,0.008735966777106587,0.032504102000282545,0.02075667715926849,0.019312716746540202,0.004289410145057046,0.014869681429448148,0.016565736485199854,0.02676580231928152,0.0006722961168900219,0.006385434966447814,0.0015056778773845786,0.02044181676228476,0.038519227725729056,0.008989842699334573,0.019487166697230995,0.00857060866225488,0.01907035885828973,0.006945833985324382,0.05963625346811658,0.012536829742226582,0.0269455613921633,0.029825911689094656,0.017350305719631358,0.013046210174986115,0.01253692981590809,0.032735565459682835,0.0108141019336504,0.049816306857986145,0.012546640183753685,0.013344740507307261,0.0123688327290433,0.014947491271240964,0.02966314937355666,0.012379767128126181,0.03342344518051115,0.0088116304146341,0.020876417723404327,0.0072286709236814945,0.010178286067884295,0.012298398231127113,0.012806555654702253,0.019344774690517354,0.014769998702275482,0.0319415783398265,0.041054042959893206,0.010328730445262235,0.028653023295446688,0.010087936880648801,0.017718545024248824,0.018365027113527544,0.02126973427744419,0.006893349935845395,0.021215641572427963,0.0180508247688019,0.0272441386639905,0.014225096541378388,0.00942596708946805,0.03776460880639538,0.017463811769704348,0.011207444961462618,0.008967484788796186,0.02205009929750208
