0.054187695547970434,0.047717855191154165,0.030243657397051774,0.026751544365190946,0.02761286524737915,0.03331608130179655,0.0460621409850201,0.03351540703380607,0.0036289118056928274,-0.01753029964458719,0.05534222934562425,0.007039334844372817,0.041939111238854576,0.021714044395872528,0.026762914458851487,0.0071522389888404895,0.018727889274439226,0.023948853552763324,0.018475471999140895,0.056383664382226154,0.013104039551828643,0.02239719616856048,0.017500410337087522,0.020015945006325878,0.030076357894772875,0.020243861670924384,0.03964266872316892,0.009878871089899164,0.04551313467946583,0.025844031284573944,0.029318651091491222,0.02763751067211266,0.03041994211232022,0.04251701775653675,0.03415239791777391,0.02175469192182209,0.02162663102607533,0.02098353878050882,0.03838320710042206,0.07324192824681071,0.024923167362531105,0.018182618810777505,0.03361396648848429,0.006018561648637417,0.02202690600057877,0.0372238498882575,0.007099866419709046,0.01965166046751,0.020620776791761938,0.04963271149327378,0.023827470619032072,0.01686978591301371,0.02054093760558406,0.044328960031455034,0.02337224152326345,0.03907076164597725,0.03342043399125427,0.03178849549253959,0.0036371681794068506,0.005031666428795915,0.02380801594626457,0.0284829011571901,0.05101252360849304,0.01457959840997613,0.0265639876010401,0.009640635425570308,0.03445923697759289,0.034478308254408625,0.03781699303986568,0.0073940183225789935,0.042703389100534325,0.028052677700405964,0.01625088473777191,0.03381314557524708,0.018439284420538753,0.03134437861790322,0.009577249192422142,0.0349266349165032,0.004148204121398492,0.018308346953723135,0.030044349251378177,0.030992650131289892,0.04137842624641688,0.021094652110938604,0.027137354972304326,0.00839755923631892,0.03564149754322539,0.01641675589809317,0.0518050671315556,0.03187512119130551
0.047717855191154165,0.6720809779819613,0.04449037968394701,0.05300822396878788,0.057684586996839045,0.06184638546442262,0.08050399042733293,0.06964111207189697,0.007968730614324755,0.03977422130536417,0.11278229199984513,0.042818016711677016,0.08000637666215632,0.037875292787053226,0.01930723406227216,0.010484424553617927,0.10427778104272625,0.02616061921732372,0.026169358301981735,0.15220622816950483,0.02571410735813063,0.05411100867428842,0.02783866118345721,-0.10075702789771712,0.05042902254760398,0.02961247980063647,0.06916872895472098,0.01719836145249077,0.0994941780031777,0.040046507282993936,0.05675266693158048,0.04660676365612828,0.0533554698055971,0.031060600992135923,0.07918125361671399,0.018952608977036572,0.040079069375277936,0.035843189288654966,0.07235204304859941,0.37604332824431463,0.042742264941908484,-0.10461546214438507,0.01989138725981974,0.00457816880452839,0.07546801902711457,0.05931438329683335,0.02195240430134653,0.03625998793859504,0.043937179151195334,0.11090264312620082,0.042690794023897194,0.059841750933584056,0.03646768963635224,0.09763872911192638,0.037937349660747605,0.06541742333664602,0.07223338783590126,0.08520107868988898,0.0027338496201717456,0.012124746747108468,0.044162323574539905,0.05486149158714222,0.04533375555692778,0.03755034655850684,0.055287602804595645,0.019403999937237987,0.08081974681345876,0.07195424992714979,0.09970845840557611,0.006539745325687956,0.04806735244465404,0.062030460559148966,0.029376453816762696,0.029878066176572207,0.06587492321455836,0.04272979839366142,0.015519786837381585,0.0324642651319236,0.01620211576299888,0.03097393048046252,0.07951085143679587,0.04805419804597804,0.10371178582382676,0.05584263005000454,0.07191875296780038,0.006758124163719431,0.05911293148963053,0.0426720118051035,0.07655960316301455,0.06440792879652732
0.030243657397051774,0.04449037968394701,0.054974380295853886,0.022582516843901515,0.02942834810323222,0.026247906004622373,0.04504546474477429,0.028406495796088352,0.006334138265132723,-0.0009604551434007681,0.04624135492969032,0.012305218108494678,0.04034041035668145,0.020608718659436382,0.01902595247046502,0.011353756100046016,0.009439856053916302,0.01953598288010632,0.02561929879589712,0.053354886634494864,0.003957996282909632,0.014707301280429814,0.019026186134392633,0.04413829509994225,0.026773079552008004,0.02356323612601541,0.0308444631079003,0.012905132113450934,0.03187502722791636,0.02308160190464179,0.024397305679153967,0.029274861387141738,0.03539459513921774,0.02990964344589199,0.026574024632376844,0.022838978827436348,0.025522404951607288,0.0199866456204975,0.03768056144545669,0.06907540024234325,0.020235939755728048,0.014980935792125399,0.028115328420202392,0.008754737211555225,0.03141995070244304,0.042407580839265824,0.009506458989059902,0.024769003969595877,0.020726137549300905,0.04606840971263284,0.02108650820038942,0.025294879730736942,0.022585024723512648,0.03833051190143186,0.019247671658974046,0.03975583719443705,0.03666804359503078,0.033600020551581844,0.0025165196159439894,0.011275112103956132,0.021044677522717735,0.026109240366646108,0.05394275035523878,0.01429528819237655,0.03049608287766094,0.0094079167274976,0.06091513478251377,0.02858098080719649,0.03834521745500637,0.011559585565442012,0.028825696123628865,0.03167051341169459,0.019705714433383436,0.02819991567402688,0.018163486445713587,0.03534040734552353,0.010309084394348803,0.029186365096626355,0.006905905283097063,0.02137131406571253,0.031114392298037617,0.02763509165983461,0.04300274393533607,0.023780738520020404,0.025628392472898623,0.009439072760548674,0.035191787812746525,0.016803697124579093,0.04873738100329682,0.03863718412474238
0.026751544365190946,0.05300822396878788,0.022582516843901515,0.11563250157314076,0.026111272167315413,0.03446659573220158,0.05496655850996027,0.046344978180795804,0.00985929779511917,-0.011578187370410581,0.06698280104210959,0.010457570204657013,0.03668622713317877,0.0174349313349351,0.019018263544754777,0.005617104534742866,0.02283328761549548,0.010750381129254527,0.03367577791544104,0.030860905064594,0.013896696476237569,0.028107413179312694,0.02282276367552516,-0.014844207869762377,0.04639368622093345,0.01880759822753525,0.034315048133384804,0.01834372858019804,0.032918425187074565,0.0107463618583096,0.022056534298689215,0.027954276123292574,0.03154949326668237,0.03899888486622987,0.04153507603401575,0.025570908854801046,0.01950282711326895,0.024636961500374293,0.05362860629512996,0.046528745141280435,0.028053955485471033,0.015261367118425932,0.02330288403254634,0.013949059322377066,0.04165851207800951,0.034954456662300196,0.012391520412850994,0.018625871009592423,0.017853026285824077,0.048945711069180775,0.03157248482374888,0.0012361499844760876,0.02002515456506936,0.03522811583573865,0.020788877586453574,0.037627795000405355,0.04245644433729036,0.03914158009429109,0.01806063925309292,0.010160337652675681,0.029462357036307507,0.0403069023377754,0.051380325608944045,0.017325088398347788,0.04108428041201064,0.006754726071096387,0.023534491688263194,0.03593895069533532,0.048072248687493616,0.0090018847027172,0.027768871063920418,0.028590199221497865,0.025392613463304733,0.03970953216003635,0.024783587014566698,0.02931406200798757,0.011482830038506545,0.04250274401786088,0.013781337814779387,0.019498705957668862,0.02740084958976885,0.0241649609277689,0.04392238028971731,0.027928791850665918,0.02019026715697012,0.010440562582493295,0.030035674039000294,0.028132768142346325,0.03886216360030751,0.023794019965187242
0.02761286524737915,0.057684586996839045,0.02942834810323222,0.026111272167315413,0.06664713912467941,0.023844167210053415,0.03738927695208515,0.027198664977978883,0.013140564738543605,0.0006000152107923173,0.06070872431473437,0.009908039702765015,0.03188138665015549,0.017420935770704638,0.016540062955212806,0.01474320216665666,0.024148797389141947,0.022085488759935035,0.027146275330023284,0.05078443226386425,0.00667109222971796,0.023436688619410315,0.019265947624553793,0.029149858796203926,0.02566177356914902,0.021937077835946932,0.03773408119525748,0.019672535309233085,0.035637024245386506,0.026146729418315313,0.023600808715429293,0.026642642911438655,0.022826157054575986,0.06016581965828596,0.0330918238608745,0.031509531779734916,0.02545601806823847,0.021400805239070505,0.04244810101594638,0.07564126439768067,0.025717833817503342,0.006779062982841103,0.023378781630164703,0.015470029645647285,0.0284840053072921,0.04277291491774641,0.00859577929167393,0.021679123661104457,0.018583776606561034,0.04819941591979916,0.026201135226644436,0.024762387222636167,0.02043823726173217,0.04386129936399297,0.02056543788401748,0.03659294329078874,0.04121518303015467,0.038514703242731756,0.018780350042021447,0.011610110381371138,0.032258036675876414,0.03301067277190793,0.04960339763735782,0.024600254827541607,0.03852701579919272,0.005125289326584815,0.04509287472988883,0.0364843455617201,0.04551390040258287,0.010147142116779927,0.024958440352331766,0.031285127942211936,0.017571204636927396,0.04396756847118923,0.024706330417383474,0.029456333451737687,0.009817181796935075,0.04164596068127465,0.010187309666073549,0.020994458455648863,0.04172445117126027,0.025552751179377043,0.05043443508317389,0.026287920333037253,0.027437291358034733,0.010357435697147843,0.039297275966354205,0.02939830574374644,0.06441352574906342,0.03612485901411268
0.03331608130179655,0.06184638546442262,0.026247906004622373,0.03446659573220158,0.023844167210053415,0.12440464917464576,0.05587827118775408,0.045206129366179425,0.0027175279186907168,-0.013499230248669648,0.055278377177126616,0.006484388914341022,0.027918853074325924,0.027673153897601215,0.0266791360899236,0.015277187142436532,0.00492848327251883,0.021729948619382832,0.018375138698672258,0.050034622245436956,0.008796537669552653,0.014466325309558329,0.014559375924585774,0.10987625287530645,0.050181056921617784,0.02842643509782053,0.02874759843013733,0.014296772424639318,0.03863711315575459,0.020422780310594083,0.026985024318586223,0.021617824463648756,0.037913559328268516,0.09431438331205523,0.010692251340820537,0.018408497248060544,0.016789582904683558,0.021272801893574316,0.009829296054675635,0.06906811386348043,0.0529357673902849,0.03467284861086168,0.012993348131942766,0.01284703410129724,0.014663403106258967,0.040019620993571606,0.0175253466503945,0.018556350534748762,0.013277671672811039,0.043683677594288865,0.010591381199929696,0.021134431625527226,0.012513999146333141,0.04247316315191431,0.02539056306011799,0.037649479023656195,0.029622889155710014,0.029717437699507885,0.0068048468322982345,0.009186756445221888,0.021165452308070567,0.015881024151452528,0.03779705745623018,0.01139056419906693,0.015265597182076027,0.009594975057234938,0.03441219143165077,0.023804281553586187,0.03620516626841454,0.008057838151056977,0.04004493794458113,0.031209677388892677,0.021745525307026472,0.06332751891443798,0.019869798336223498,0.023972675605153537,0.010621654043636991,0.053417293671550944,0.0021997623509339716,0.018349100899661692,0.022703082340798274,0.026382604941199893,0.03410192174203852,0.026976586778401406,0.019946742840392464,0.005491847926697622,0.042664495079280156,0.025326469303760323,0.0427104976459214,0.04034344063993833
0.0460621409850201,0.08050399042733293,0.04504546474477429,0.05496655850996027,0.03738927695208515,0.05587827118775408,0.2222653528389724,0.06138438158503982,-0.001733841213770357,-0.0007571680843099857,0.12705342716149995,0.024174115024190958,0.04857035137881915,0.042192592789273814,0.04292149861944229,0.015961047537924353,0.013522276155291424,0.022297354481023646,0.040658535129925635,0.10543864255396519,0.011683744675835241,0.05626382863535226,0.042035159199252714,0.008197665902523068,0.07024695629529377,0.011404328838497442,0.038896132417185675,0.014113865863306306,0.08706198806108378,0.044370192011183474,0.0647063941582303,0.05366685253511727,0.04844793042137328,0.011101733541124892,0.06986009340903084,0.04972726989004289,0.03093434395356667,0.03097482417454168,0.05399357290078675,0.0745517014735516,0.03887416190762375,0.044525386632044354,0.05187908555008,0.0007184946168676892,0.05044092449459838,0.030324113940947948,0.0013900715342263002,0.03361270977516806,0.04480709535945993,0.10112790250968703,0.05931646478712996,0.03892042638681333,0.04073256960118459,0.05078819014387431,0.032465558332834495,0.07177040453886925,0.08661523452602689,0.07156602262068343,0.007104467829800499,0.0029653185986512733,0.02337407203206151,0.0587479215599047,0.08966691381889075,0.025049999885512615,0.06286627265776665,0.01655305166376495,0.04805633820529267,0.059542882661844536,0.09350369743453216,0.0076453876536928,0.047112186371092935,0.0428267903195615,0.03347076772926349,0.04680928212834887,0.03801675364271483,0.057777767217840496,0.016995159692673092,0.0479774691130007,0.019349446028475163,0.029653947681732712,0.06722652222605563,0.04105779378604853,0.09738637301175705,0.03215057369959119,0.023769226533138642,0.013830075794060592,0.0678264741854534,0.03270093098964458,0.08727534174164309,0.030136936676271552
0.03351540703380607,0.06964111207189697,0.028406495796088352,0.046344978180795804,0.027198664977978883,0.045206129366179425,0.06138438158503982,0.4610598904297916,0.0065931312225900604,-0.04212533565804223,0.0873104494757671,0.015332898694085988,0.0795573601271686,0.032583186330945944,0.03210132367521679,0.007238428322598037,0.005148563936545601,0.02489176443579252,0.05125582549680354,0.05853598013541216,0.022217614580865963,0.02547397106431174,0.0272008184568278,-0.12789052395168474,0.036708608356355,0.02045691505012794,0.053361241791348324,0.019339495839998746,0.08904374585953469,0.028154449001053985,0.022971678265016664,0.03440531939661154,0.031671749193499986,0.1618715897308192,0.04177915042503757,0.02583134751320484,0.022392697318082733,0.03241280302857352,0.07161088169105659,0.08468292227447115,0.032984117108921074,-0.027096197290875517,0.026958243311899648,0.011018708967130308,0.03598910155773977,0.06196744712198536,0.015346271029517874,0.012960065100719604,0.047235703442275484,0.02937139112290924,0.03866260080332999,0.025236533050541993,0.025770533602850563,0.03947881386996131,0.029720253209624868,0.03090233027570166,0.04257264654951755,0.040371453261957894,0.0008841897329498431,-0.002806401769550389,0.027463555844814774,0.03174291324127209,0.10652307580688879,0.01703935741584,0.03696784415145837,0.012310373098480428,0.04565376929756075,0.05822199256365848,0.04566719815736927,0.011979268782122297,0.04033053192468233,0.03816102398812412,0.03231980144037948,0.09707885079645116,-9.70289171366911e-05,0.04230675649809134,0.018387161964212154,0.08108062197936347,0.015314906724633563,0.02202862472991265,0.03563850209804574,0.040473045107314504,0.07490738921600334,0.027883986013664347,0.03068824765370509,0.007783372449416975,0.05193178443115983,0.03433510919759329,0.08148012817353047,0.028421228784864225
0.0036289118056928274,0.007968730614324755,0.006334138265132723,0.00985929779511917,0.013140564738543605,0.0027175279186907168,-0.001733841213770357,0.0065931312225900604,0.03938225968528977,-0.009614664346749542,0.007383369660187282,-0.0005207543505666708,0.011655222403259743,0.00012235307286605413,0.003832071986942286,0.014420058750326177,0.022484036522521393,0.018179003173525176,0.006672312018516791,-0.010053882424518388,0.0019051755310054855,-0.0004652130703327505,0.004782935363798266,0.006250042723549199,0.0073969965383347686,0.016658878331230458,0.012059245544894955,0.02297283805921822,-0.008709519094928899,0.0008279039551856325,0.010405604481696872,0.007277943798262875,0.016761637988099112,0.003734500983314718,0.011891674730265828,-0.0002718314367963253,0.011712451580100054,0.010082476536407809,0.008374207121730832,-0.019696017243798332,0.0055282159216079275,0.010693969826381614,0.0029911754116898133,0.02319077968901139,-0.0010738768681153256,0.005615817580236487,0.01757059489617346,0.006610187662919852,-0.001575686085094316,-0.0053005654637284716,0.003557457131231668,0.0026032577231024107,0.004170125757789787,0.004783411386999709,0.003567978716877911,0.004502738435417348,-0.0001768306023687535,0.006163254318548124,0.02850269506209455,0.0204466665867757,0.021884857437203212,0.008226230721841704,0.0015431882499156524,0.020515490819171422,0.003537663154776688,0.0004023719461653583,0.01868879738769011,0.0029203500249270387,-0.0047288982947207465,0.012269871634634935,0.008173918672809784,0.003295094375551328,0.0025691470245906957,-0.01679203324561979,-0.007303562045020306,0.002365248652683833,0.00663286098252383,0.007340943687705631,0.002479775113605507,0.0014703478299125494,0.0047523866141583795,0.010379752934642864,0.005174163483432027,0.005425102804605476,0.007965358722000696,0.014981095420645556,0.004927286039913941,0.02000505437339905,0.013812408013004047,0.014212755421147506
-0.01753029964458719,0.03977422130536417,-0.0009604551434007681,-0.011578187370410581,0.0006000152107923173,-0.013499230248669648,-0.0007571680843099857,-0.04212533565804223,-0.009614664346749542,0.3527134686399752,0.0014608081293768194,0.0038520252188133613,-0.01742667909739479,0.006320252101478394,-0.00944815899536326,0.006060070131528183,0.00650749766385604,-0.0046101953022600764,-0.0015561538528895398,-0.04495511988262337,0.0011373564736503756,-0.005529685148745507,-0.009782132964255069,0.006031714763136732,0.0027731958400569533,0.0033960322228508647,0.005222672692264171,-0.010249280393232103,-0.020690711699357763,-0.03567090764352546,0.0006523239216537041,0.002043001660361766,-0.03058056508984654,-0.02591684756918953,-0.0194655716490035,0.01950899142935912,-0.0026447246105671873,-0.008983232657629838,-0.010855862091686113,-0.08118036792870227,0.0016189759201419038,-0.0655106607532494,-0.01280910510634731,-0.0009877667904682628,-0.008461727555724743,-0.011091832464295561,-0.012478365040691495,0.02095953723256713,-0.012356256889537285,0.01426116153106031,-0.009317618103603908,0.012989641153050449,0.003633543769875535,-0.03254225643351253,-0.003229166969044222,-0.0015767205443318216,-0.011299564153931676,-0.005712466792314085,-0.007636378499964404,-0.005887891501826869,0.011184038459271699,-0.005821771688672333,0.03292497149026874,-0.01797268340983083,-0.0015884076221397416,0.001547861080672243,-0.018395622725265487,0.0065150956757093524,0.005518798022924948,0.001100733177072602,-0.013265081197467946,0.006300309928837086,-0.009509278531693725,-0.025580101035071627,0.006976531551027288,-0.0038055544200257707,-0.007279916542150829,-0.033495373392746546,0.0049161117101631825,0.003251030113252823,-0.0008825635544544424,-0.00511565665522067,-0.017288842676093034,-0.017898493969461728,0.003758570164007003,0.0006170352643270572,0.005823557755543161,0.010034259098277513,-0.023273551124849284,0.02455542145373592
0.05534222934562425,0.11278229199984513,0.04624135492969032,0.06698280104210959,0.06070872431473437,0.055278377177126616,0.12705342716149995,0.0873104494757671,0.007383369660187282,0.0014608081293768194,0.3915003728240709,0.006960831518252561,0.08183951201726869,0.060083254176264755,0.038860014555709955,0.019215630484030126,0.03295314698532942,0.02566079351593267,0.04677189656565641,0.16157424515038285,0.03634774877341621,0.07802054600827461,0.057182965700422306,-0.0517128965193265,0.08434265689867775,0.017794996163218647,0.04413160037579788,0.030217488963970203,0.12668972344940546,0.04912516299917639,0.05955573581639012,0.06618653931647661,0.05044925571135116,0.14657535807563207,0.05130532032583456,0.04261677102711357,0.043110761219881964,0.04345125445178903,0.10591696098038453,0.14266254557233374,0.061071968406546995,0.06152717293978727,0.0632533028480186,0.006438818103496624,0.07388117295549283,0.04859185480824393,0.024684707741884523,0.031091646335267592,0.04526492942839682,0.09467955780556374,0.07538677379354705,0.03927070422150905,0.03973136400526265,0.0963241021201875,0.04454646241062462,0.0949994440351358,0.1164424413648786,0.07142661597847219,0.011730731876917687,0.0050041947612344696,0.060222462237515186,0.05365021189825005,0.06517017581531706,0.04452258023584987,0.0663326091133558,0.016859342535346107,0.05665903925582899,0.1167701885149557,0.0933078715194338,0.0151922253775322,0.05582932452742685,0.055239970912526956,0.027810933130838544,0.06921105183663473,0.0398690301228585,0.060020639793158644,0.024310950075603424,0.09213890231275701,0.024919173498398343,0.04625715844069849,0.0837292377302614,0.04412986665224958,0.1507820184316573,0.06576527414369317,0.031029674353299796,0.019437879249695394,0.08584850558485922,0.05042354331894391,0.10461161133244481,0.028465947035824023
0.007039334844372817,0.042818016711677016,0.012305218108494678,0.010457570204657013,0.009908039702765015,0.006484388914341022,0.024174115024190958,0.015332898694085988,-0.0005207543505666708,0.0038520252188133613,0.006960831518252561,0.04974597760190342,0.016393239049040425,0.006834157937080499,0.01864196230876655,0.0023450431894583203,0.017067588080283455,0.00021626901014571914,0.01910879329836794,0.03052500371448143,0.0038090611974180943,0.01266635449190027,0.007988463215426435,-0.0065093508162861,0.011780863893897622,0.006597638448810458,0.013739996989645478,0.0008496462865655785,0.02040988830394759,0.010361605107738267,0.014912235852731697,0.012523393068411206,0.015975426949425484,-0.006716087382059558,0.024263406299222526,0.01817502120608821,0.009999062981094976,0.00971226634881574,0.026045713059885418,0.036085094296056316,0.00565814178540961,0.007200545944930574,0.008436431855469256,0.0005351517423186058,0.01694438947980223,0.016646368573652478,-0.003117591336349248,0.012207202349114663,0.01706535493204441,0.022175503493873712,0.011918552145827486,0.0037312825722074787,0.008694957601366063,0.01799803793975376,0.012424618625487053,0.012851188941837387,0.021017615788580832,0.018514281211982724,0.0012901641162609816,0.002070807356682615,0.011202816102721147,0.010070123384111278,0.01976284309303186,0.005740421405120233,0.017869796380348205,0.0036640264300590412,0.03503380942605054,-0.001389868941337053,0.01784497004825093,0.001947907004403816,0.005761623782835387,0.014755018627032847,0.00761737050533755,0.016653835837050112,0.01079133307621999,0.008390012997742046,0.0018898588268416291,0.01254182885728119,0.0056145492124041844,0.008310786460672837,0.018169580582495713,0.01082660960015528,0.025993384080436832,0.004530053072854786,0.008085682513530692,0.003824436427682653,0.01846276842236842,0.008509868137500405,0.007529321429793009,0.009716565345481437
0.041939111238854576,0.08000637666215632,0.04034041035668145,0.03668622713317877,0.03188138665015549,0.027918853074325924,0.04857035137881915,0.0795573601271686,0.011655222403259743,-0.01742667909739479,0.08183951201726869,0.016393239049040425,0.20613631885007783,0.03422673371140412,0.02413961470549728,0.014554688316463588,0.01764478178927661,0.024802595402298875,0.0326962029364748,0.10044150526357322,0.027109498994779532,0.009590640934177814,0.025884427385165453,0.07538460680274647,0.033477587800374256,0.022261098250816774,0.040589052156544195,0.018643607026215238,0.09165848344148649,0.03223205397348768,0.0210347625159313,0.03539116874027563,0.05093771522904146,0.08608470439466472,0.0735152761676077,0.023961020371346117,0.03205461440444533,0.030026167937263974,0.06828553807387787,0.1239306440394519,0.022730427824354287,0.0526552487217037,0.022509386287945434,0.01662332075517352,0.046728163226119016,0.07229664353664154,0.012896069366074459,0.03701703683151535,0.0327513346925623,0.04200364501287917,0.022688187942281633,0.015075976756415106,0.020408296594699785,0.07150380827155052,0.030390160631384697,0.03495539760872758,0.056866985287089326,0.03433380683946802,0.005803560493367214,0.007334806171875119,0.035820499915911616,0.03986677558427723,0.043312520671193476,0.02285292300735574,0.04423552993983455,0.010558393534332314,0.0746280653667677,0.02567400809748588,0.05624801640583116,0.008436597684975886,0.043553514801712476,0.04156317820342784,0.018834144505204282,0.06849516396081028,0.013996650771797273,0.04720353507177529,0.016817244580092212,0.031280077510865596,0.007052311467811261,0.020864178114955303,0.04897009540985103,0.03338176737784525,0.08806354675710855,0.025325394535839516,0.03303900421472163,0.014692437335591077,0.05603861636600714,0.04199781051786921,0.07809174115764092,0.05527263289627107
0.021714044395872528,0.037875292787053226,0.020608718659436382,0.0174349313349351,0.017420935770704638,0.027673153897601215,0.042192592789273814,0.032583186330945944,0.00012235307286605413,0.006320252101478394,0.060083254176264755,0.006834157937080499,0.03422673371140412,0.0905816791974716,0.015880960944035474,0.014146619549582967,0.013355996268399884,0.015436090896944909,0.01882301811079314,0.039031101225535554,0.01583761355662494,0.017237498984006082,0.014912424927785778,0.013671171941704266,0.02148032293560677,0.013068268416875037,0.024236075141053977,0.007368656551111757,0.032238628501407386,0.007189278540905196,0.029938167523865758,0.025325737436257763,0.02127130238265866,-0.014635737544784805,0.02213446467801662,0.020579692992909217,0.01657159689830317,0.019564492693171384,0.020767058095260818,0.011352103830101452,0.018329072429832904,0.02276579522288958,0.011845719778174769,0.004297313363600734,0.015103680709831481,0.023468926527286972,0.011486769643508674,0.021489981072186172,0.014998802859635035,0.03818378901368102,0.01817971963944412,0.018414389798036383,0.02261568021308948,0.036479077897285786,0.017088735701312974,0.03509446717966566,0.026729078744978586,0.028086223249071625,-0.0013432932678640313,0.002559627210791607,0.01726124457640961,0.0178880043329885,0.04045265851936663,0.00732525297335921,0.01898291456329186,0.010024443339708944,0.015952921729095657,0.022709338286413916,0.03407876325483632,0.0062402018567409255,0.019974669105035557,0.022608805401075963,0.011335152918410018,0.0261939016466172,0.01153666812437499,0.021121303374760998,0.007039855716782587,0.015163710832039006,0.0046840290761544405,0.016321647312657006,0.018683209580149338,0.025367607769304103,0.03858103577889837,0.011099155494402446,0.019848177166557103,0.008240679111347146,0.037148611509988105,0.012855234472445928,0.039196252093645835,0.027939438519826585
0.026762914458851487,0.01930723406227216,0.01902595247046502,0.019018263544754777,0.016540062955212806,0.0266791360899236,0.04292149861944229,0.03210132367521679,0.003832071986942286,-0.00944815899536326,0.038860014555709955,0.01864196230876655,0.02413961470549728,0.015880960944035474,0.06801617924330224,0.009306011832203405,0.00019372310933005743,0.011253198506198455,0.019643175086563724,0.041474467281528975,0.007385834035363749,0.02042024664334694,0.01978840785402464,-0.01436263028991543,0.028838268546700612,0.011808434926961247,0.03098844577064258,0.0048822374401382524,0.039553267346362116,0.031761453570255144,0.03009832126765759,0.019594544785936134,0.021714506547359954,-0.0010272047500360568,0.019120484325334905,0.026764649074388226,0.013919757062198819,0.020091470979523945,0.03999990054954867,0.0549707363991216,0.015342199275987048,0.017426901632724433,0.016898353919660554,0.0021755962991528953,0.015729834457161307,0.037163189523113135,-0.006243611555786542,0.012137572138273897,0.0177058688944535,0.036172727444512526,0.023655614646961316,0.011437541094782665,0.015257622432547168,0.03878531481800841,0.019241006088125293,0.030497190457216234,0.03496926104543453,0.026514135480678602,0.005799250397675306,0.003756210632858929,0.01866001817751862,0.014799545072763777,0.04985593984952343,0.014193332813135682,0.02657252806787244,0.00563346182216408,0.027693692787537298,0.014423382243559605,0.029237490284418896,0.0051007000476726815,0.027986436055534396,0.018693931614751923,0.012521422297484389,0.045291490928012296,0.01833003211812466,0.013617860624802068,0.008092855083498909,0.052102226179332634,0.005917637841691379,0.014517477189594601,0.017312482126420777,0.02553174268154886,0.03338455629594108,0.016304962091695022,0.007976931197675735,0.009430710366773594,0.029512639646063148,0.013530561367680364,0.030583909103355192,0.02299815275588019
0.0071522389888404895,0.010484424553617927,0.011353756100046016,0.005617104534742866,0.01474320216665666,0.015277187142436532,0.015961047537924353,0.007238428322598037,0.014420058750326177,0.006060070131528183,0.019215630484030126,0.0023450431894583203,0.014554688316463588,0.014146619549582967,0.009306011832203405,0.07033647123802855,-0.019028681465582693,0.017093113929089746,0.011296213633548364,-0.018860208596804987,0.002982565196970048,0.0031518742638338617,0.00929021603618818,-0.00718221696950792,0.013705010407488415,0.018126810413617783,0.01776440210646235,0.006832293364392155,-0.0005807923095065005,0.003164760103041456,0.009385825782740926,0.007831698895678628,0.013295562075796555,-0.08905217293714424,-0.004889402798945184,0.013726984217130854,0.022646059008901456,0.011842675949323254,0.0037496494603011807,-0.03711330177810415,0.011445880207802572,0.022417551287583517,0.015902050027464767,0.010056077902422767,0.00568770462515634,0.015026641062590933,0.007327654651583877,0.011919577377474577,0.005302279905968744,0.012275337372492756,0.004113661590436654,0.018509231999871017,0.007066363682677987,0.0046618349788424395,0.0007635779270683275,0.00865178498406829,0.008382955381902868,0.011571131876865419,0.010661214633517806,0.013169886385763692,0.012344654848873659,0.01429988034592398,0.02099311153163246,0.006140606597906256,0.004861596890907851,0.0035300422055444146,0.025560625649101304,0.004048721169547441,0.005861671372601383,0.006946712597393105,0.013896155964451658,0.01085599058491684,0.01078415620888034,0.024570881420645653,0.01369363751244759,0.01319476893714794,0.0065441516733450444,0.01638575800359373,0.005210321766440823,0.008521481667130916,0.010311675172053012,0.014270490142051251,-0.0033248134061595884,0.010642785226889002,0.006607058461237971,0.004872928086233119,0.01939933669691251,0.00550285264094726,0.026947421661125667,0.018411867115968025
0.018727889274439226,0.10427778104272625,0.009439856053916302,0.02283328761549548,0.024148797389141947,0.00492848327251883,0.013522276155291424,0.005148563936545601,0.022484036522521393,0.00650749766385604,0.03295314698532942,0.017067588080283455,0.01764478178927661,0.013355996268399884,0.00019372310933005743,-0.019028681465582693,0.5099610366393056,0.025975826737676184,0.003609665776537296,0.10148047505652845,0.007646975195535141,0.018251385489150777,-0.004366695182266793,-0.0038014537909355243,-0.015915507439384226,0.019104368572851332,0.04138561476843747,0.043909108927885104,0.062455284383592206,0.024712949536003375,0.03593923393192427,0.01244401555744413,0.013142472746295453,0.3754595949221994,0.031059167161876424,0.027165137482140077,-0.01719832771974456,0.008169629865418873,0.031720798062698036,0.196056621587891,-0.0004938580155537158,-0.12086679200359778,-0.02225381322676391,0.02901379553965672,-0.01506294910697989,-0.0380684604608138,0.015216145241617567,-0.004941893221404544,0.0031693872840235244,0.035384178378347265,0.024389609469560047,-0.015374279907715619,0.013700378815866497,0.07066579170820059,0.02709464262079023,-0.0035945019218776497,0.022287673014151875,0.008924566518370508,0.012497315589586536,0.013264017960308303,0.0298196985922259,0.021460937781347972,0.08726192863375656,0.04926098697844453,0.03789331836077636,0.0070750011585022695,0.03745915021105638,0.06469953898562561,0.02590329287509207,0.009843658359625009,0.008067499654213292,0.0033238748649678193,-0.014421736572063758,-0.009000596226598552,0.04548584056945767,0.0022103730491391817,0.010134844348383836,0.040635126994108144,-0.0004600630857494944,0.0012877892301266264,0.04990191429022909,-0.008959303173115756,0.11234104086667629,0.024970293921045075,0.0006039539323460012,0.01995437687279474,-0.009647345330480209,0.045266332346496886,0.06694570614728886,0.01681376423404777
0.023948853552763324,0.02616061921732372,0.01953598288010632,0.010750381129254527,0.022085488759935035,0.021729948619382832,0.022297354481023646,0.02489176443579252,0.018179003173525176,-0.0046101953022600764,0.02566079351593267,0.00021626901014571914,0.024802595402298875,0.015436090896944909,0.011253198506198455,0.017093113929089746,0.025975826737676184,0.06281297515744466,0.011019424490579738,0.012253483256191995,0.004042319418129716,0.005146465191472594,0.010292569194049134,0.03282855857927817,0.015521636212974256,0.030597718815431392,0.023473298451593013,0.021454252914831533,0.017086346509600316,0.012018093014326782,0.02708765230451974,0.018061118623102782,0.02235783719154005,0.012682075689496747,0.013562497012766619,0.008626510462527026,0.021088689783356523,0.01696053430418381,0.02400523525538768,0.03437419729330756,0.015733411719880182,-0.0001807546522946034,0.0062449044392866365,0.01731815295420475,0.006535120686337862,0.03073997224160178,0.02013753506420089,0.014835486968237577,0.006606475569402148,0.026900288838077484,0.009463142957208038,0.010277934669425323,0.015809270163184255,0.026011896053105214,0.011005456097395522,0.02442862484234528,0.011772618679340286,0.015330972633578839,0.01192639603615508,0.016555486960790775,0.023780026508072722,0.015168632756950141,0.039471521660294114,0.018278202490883102,0.011836057498651667,0.005770059889731671,0.035851201792693924,0.019407464912549476,0.011925860651438745,0.01338287720914301,0.023771813791398023,0.014672280084446947,0.016791679163843724,0.014118718329885968,0.019845462348877716,0.019752365270795522,0.009854224314565037,0.012590812907441103,0.0034850347591583062,0.011215354131372231,0.01854612182050007,0.03425356111696727,0.021738100152047198,0.02080518924349583,0.01922923272929378,0.014654367637773157,0.03183690126289065,0.020275197033933247,0.05760610155221051,0.03458982519166597
0.018475471999140895,0.026169358301981735,0.02561929879589712,0.03367577791544104,0.027146275330023284,0.018375138698672258,0.040658535129925635,0.05125582549680354,0.006672312018516791,-0.0015561538528895398,0.04677189656565641,0.01910879329836794,0.0326962029364748,0.01882301811079314,0.019643175086563724,0.011296213633548364,0.003609665776537296,0.011019424490579738,0.10779992974368498,0.04071148341272583,0.0015027511611910576,0.027535448851129653,0.03132666754992448,-0.010443789615625879,0.025953787221188764,0.01158950985264615,0.03870936295042332,0.007477831553283,0.02997241654469133,0.030221853619983953,0.022012605926365014,0.02400157787333521,0.021774043701709395,0.03176536199161085,0.026282858528949973,0.02000489855529769,0.026103695557831055,0.02137812549997434,0.04650809489218309,0.032146830250997536,0.014066187994168986,0.02467999007724111,0.030138462887084088,0.006784486428701743,0.02814154910337062,0.016752373121024844,0.006764819703147701,0.01380512601534221,0.02296015963222879,0.039702163440529556,0.02797249370608057,0.018125378728271625,0.0198237105717245,0.026682676380717234,0.016157585263866354,0.04150979911849998,0.03765810750576766,0.03069706227742518,0.008807270222268293,0.0026857115586499105,0.017557192500022842,0.02894489141703728,0.060301795452539435,0.01651425705069234,0.03969345423753675,0.009246701846530925,0.03562894249463824,0.024735083719646247,0.040129915106494156,0.007165418918027359,0.02043257214579124,0.027612485484936344,0.024460648154499425,0.03586496792150684,0.010366883742673859,0.03225848402688488,0.011329474565728947,0.03706026825044066,0.015725929198039963,0.01479460823659266,0.04113243138566555,0.021249874024257938,0.06512319004993736,0.02314235978050893,0.017201664828351674,0.008481131058413739,0.03127094193399452,0.021186043035131982,0.025185511845081332,0.027273330142961873
0.056383664382226154,0.15220622816950483,0.053354886634494864,0.030860905064594,0.05078443226386425,0.050034622245436956,0.10543864255396519,0.05853598013541216,-0.010053882424518388,-0.04495511988262337,0.16157424515038285,0.03052500371448143,0.10044150526357322,0.039031101225535554,0.041474467281528975,-0.018860208596804987,0.10148047505652845,0.012253483256191995,0.04071148341272583,0.4760866822133126,0.0251970142599229,0.08349649429743307,0.02706021242390902,0.1023959487525274,0.03361146923712494,0.013422447470148388,0.028870671184327727,0.03234393639070031,0.14718361999093152,0.19131704927559778,0.024482369234125098,0.06286240549498615,0.0408549573243634,0.293241512760762,0.10410529192133604,0.01297910371891806,0.0007363957688010652,0.01998256555469719,0.10814166189312446,0.48174448202954256,0.04808753473199729,-0.029996115780541652,0.03250292962830223,-0.0038383441053726247,0.10266106446802127,0.04998203903490644,0.025646522442747142,0.03758091805464549,0.03551787639010091,0.09859024132886895,0.06657401090515139,0.023846988294007478,0.028224866448390548,0.1851314291802255,0.05681533554911122,0.07558672964115876,0.11294468930661349,0.06241472371050393,-0.01176116065190069,0.0061726173529901415,0.042069757307189794,0.046771764585136426,0.04781834576735566,0.0698788117971759,0.058613246616943525,0.015611512084662356,0.08041902392484333,0.0816621286374424,0.08133121432480789,0.015590575038303552,0.040165466886992074,0.054817583948185096,0.015704398448972,0.04326715741640158,0.024638869239374084,0.04599076851693659,0.026864044811874786,0.03211518345892941,0.003978260991207706,0.02518759598385694,0.10823769001341059,0.03332557952950634,0.2705391791195308,0.031187515047295365,0.03364585040909857,0.025725958989744654,0.08119586360460505,0.04550210831577606,0.06343006491505417,0.04589055509548347
0.013104039551828643,0.02571410735813063,0.003957996282909632,0.013896696476237569,0.00667109222971796,0.008796537669552653,0.011683744675835241,0.022217614580865963,0.0019051755310054855,0.0011373564736503756,0.03634774877341621,0.0038090611974180943,0.027109498994779532,0.01583761355662494,0.007385834035363749,0.002982565196970048,0.007646975195535141,0.004042319418129716,0.0015027511611910576,0.0251970142599229,0.10171236959844984,0.013687473438594704,0.006259497093877683,-0.03715864174289521,0.01123823693991403,0.007866723315977934,0.0020355121817895367,0.009134360528217774,0.02623064452010734,0.0075001150576161305,0.006216455469686037,0.009248862838775209,0.007070749264205135,0.1046612763989656,0.01777882387597519,0.0006297700983340257,0.0006864829637174913,0.002533801928547694,0.013012537422527216,-0.01124902375974557,0.008312176805721423,0.026489034916372518,-0.006575209206326323,0.0035311366576785005,-0.0001259565591763472,0.007876791954044471,0.0062246986270777386,0.010961188962047183,0.001259810538623891,0.013373399092964823,0.015167186245756284,-0.0013433124381232555,0.006684286320574623,0.006326525407205065,0.01733128075486026,0.012405057191290881,0.0202606192001498,0.011482056227049979,0.0010812106388174846,-0.0011472184996577034,0.011985175176691098,-0.0016336368113154744,0.014820461171637288,0.01181704500992842,0.0033321549424959905,0.005651535429293354,0.007288381019744223,0.014197122551115993,0.008876800920904782,0.0035258768740994506,0.013328413724017793,0.013469502827234303,0.006419365834164574,-0.0029213849470170203,0.008542827048423825,0.00775475243697027,0.007975727351744932,0.01841398833047689,0.004176058976867361,0.00897425799848748,0.017725534078257523,0.008552632226911416,0.039835577700184935,0.00222833766448188,0.00767888974639617,0.009378949822975538,0.02434417155982823,0.008717943925000242,0.028215687458952986,-0.0033064701908746123
