0.6720809779819613,0.03664821048564786,0.057684586996839045,0.04749785252135858,0.09952213311756548,0.09762536724260182,0.0026870364384983525,0.06874821710017297,0.028579921767136033,0.030903835861570177,0.03374383926053518,0.11931375129263697,0.03256478105020186,0.033020427633866964,0.07911931453099119,0.017528847830539377,0.07030523263890341,0.046272546157743594,0.00459334785710563,0.0011688554947310587,0.021849013301678676,0.022629644973634518,0.02658814355056952,0.040267481976987145,0.060827631177208526,0.04131659063487146,0.0008408651610139307,-0.006161175484922011,0.014015899290192724,0.026359092328951693,0.13585097617023384,0.0994941780031777,0.04793462293227581,0.11386370650942097,0.07198141910078337,0.039302756470826705,0.04008182380150153,0.033495957737329815,0.051603295475799206,0.020818239756207644,0.03539861321847003,0.02834937389730785,-0.10461546214438507,0.08426043854361422,0.053174982626603626,0.03746654463698067,0.03822923531118464,0.14298669752978768,0.09735739121990188,0.04339831008803681,-0.002061055944420123,0.06546056662691571,0.09600048614551719,0.023919042457652383,0.021419286516008385,0.02842911470866896,0.038573757249342464,0.008534102225739944,0.06859625255579994,0.049699377127888494,0.01046687338104879,0.0975596222751607,0.09970845840557611,0.02955195011290197,0.017789475508163448,0.09137172910814456,0.026148176739143048,0.07643225787328403,0.051136509783036646,0.06909799923399759,0.01818019556324403,0.029318971924271832,0.037987167611456776,0.061768598441244986,0.018052188200686554,0.025737111221184106,0.07961229818166522,0.0876774420180467,0.053796954518272815,0.08485520807387355,0.06945762769309453,0.10083745726520858,0.07192286014644507,0.05652173890975754,0.028648962149011605,0.05234353949230969,0.049746716104518,0.12800791887762505,0.03405976353363633,0.08761508570324185
0.03664821048564786,0.06710510399738243,0.01599987833513439,0.017120979973766767,0.031796122032205505,0.04841283403692415,0.00458274133203618,0.030111482913805675,0.00520090810614139,0.013746021663017808,0.010821560981357448,0.043248604863614766,0.01244539565098794,0.01734814606126924,0.03604368912816042,0.009781690509761201,0.015049327517177477,0.014051242771807792,0.009435674869727644,-0.00028017662936000696,0.017250730793851397,0.014190495740325867,0.07061429272475934,0.03720689368183216,0.023346243537642697,0.009292524226614442,-6.445266999681145e-05,-0.0014006382391362601,0.007279285457766322,0.00845438305866102,0.026407750473840745,0.04393465697768391,0.01933450702354878,0.05777964028515121,0.013165205357864663,0.012170509726052377,0.009633571702308366,0.019270289675348936,0.014975421787980388,0.010570453682888503,0.01593129562543889,0.018550543902009272,0.057182021741736935,0.02382875499970866,0.012788801027387593,0.01474938682514331,0.011905307981741322,0.04401549389879395,0.07398838725765283,0.017233299204527583,0.008535524665943655,0.024955486654168753,0.0491811425873113,0.016567343978209727,0.018690787229364847,0.012259399223232213,0.0190636072520186,0.013457814821556757,0.04493613628049264,0.02335552207276388,-0.0010906824041465122,0.025511193165557795,0.01778748174827668,0.006913522300305537,0.007399985209532377,0.027537546687493496,0.018466794951026252,0.02308650971733789,0.016369634464228854,0.022889511945424098,0.012081858453272564,0.01837082114194707,0.02294242619004974,0.020446173411231915,0.013919209079168455,0.017153022101931144,0.01926700334131734,0.02665058109413827,0.03226697635369113,0.035543830414688095,0.017129643581802884,0.023952160330545747,0.024009873488838176,0.023274498771283104,0.014314258605873782,0.027326905526323553,0.02705854893631367,0.08501785159781011,0.018393419497817833,0.031668090326249475
0.057684586996839045,0.01599987833513439,0.06664713912467941,0.02683579877818002,0.039124142753117326,0.06006530564395849,0.013784191037198605,0.04071959070121435,0.02819699130367844,0.02005582444607106,0.023953657713034707,0.06549997823096633,0.010191737067397955,0.028787525731922153,0.03883625171775849,0.02321811243143351,0.036020139649184074,0.02871764141244445,0.010375689758399163,0.003946132740704933,0.01891530495258647,0.025365137487002254,0.025934719165047023,0.04392116468162534,0.03265887561679822,0.027921462363532993,0.0062340334914462395,0.00596559778666548,0.016837433445292236,0.020832378902066222,0.05621771774023805,0.035637024245386506,0.0342434834121213,0.0586951929096819,0.03493071820499952,0.01344688735439831,0.029122462998466145,0.034319153619992895,0.045976770523641734,0.019339514909862802,0.023787040008442596,0.024274100849586356,0.006779062982841103,0.04006963781897548,0.014193041123870568,0.02491681887304201,0.03044346353662007,0.04243049186801185,0.045421709305892684,0.027412991198071224,0.012350795018925019,0.042286291983671016,0.07134652118769672,0.01056632455285137,0.0419997469973138,0.02282175372937731,0.0453625299934217,0.010486957019446652,0.0753144554614631,0.035189765285420074,0.01507853202999846,0.04120371463815422,0.04551390040258287,0.004223764892898487,0.009656728852651007,0.042500301519882024,0.017506222946412298,0.03319417004976806,0.03309774108983838,0.029883936374253267,0.01245613373185409,0.02853740204994878,0.03398089099312088,0.0348612580523186,0.01872826861512688,0.010849470074157905,0.027157511959743252,0.04342119816365585,0.018282454939500776,0.04076312015008819,0.032266456106427956,0.03154588024570357,0.03739863010166209,0.03857722073982007,0.02623378591903482,0.040309361809856996,0.024358117644359675,0.05464356220254894,0.038148279066021126,0.04576112017253075
0.04749785252135858,0.017120979973766767,0.02683579877818002,0.07154981978936156,0.04019862126962505,0.06084190441069138,0.010333042013370866,0.0438072387581726,0.024071356409196974,0.020057846395094725,0.025336245409546515,0.050669109696260234,0.012624111283404679,0.023419066248455942,0.029305877906931472,0.014798582832477097,0.02916687566436635,0.019585087022888276,0.010590323943294119,0.00218317676818939,0.016139570122661276,0.011220077703027166,0.0195659220552599,0.03202554111962115,0.03022496055169447,0.01598390794377716,0.004575750264190388,0.000583105599145759,0.009647752927240356,0.022602931275632156,0.029129546733317864,0.03913484762037961,0.03411377615156856,0.04811116393126496,0.03002043657165256,0.016317542206413613,0.011080600252404602,0.012613539435157063,0.030043989095526507,0.022478851464818556,0.02717222214473375,0.019115230035065822,0.0279487953960315,0.03980370303388504,0.009203128172566345,0.023755228536657295,0.028334367503081485,0.02854659041065214,0.05299042389328691,0.02317780051797699,0.014173479445010455,0.031330089382255816,0.05981255294852455,0.014049225098245488,0.019706947419651764,0.017916561930070456,0.01671783282866208,0.009034462208390258,0.04399695591664996,0.03897351508981993,0.005446838346765298,0.03157050116694895,0.03378507995092803,0.012747529397433954,0.01290090214581773,0.03716063447759672,0.01816690383099569,0.022920368389707842,0.03051239590966114,0.024742465437409444,0.005750643371793297,0.017341997197906033,0.01903228800252153,0.02544291271644942,0.015170697502577718,0.009621529300148103,0.02836515012341573,0.03556166293265125,0.012601926804502263,0.026500481916122823,0.022465302915043187,0.05028427895895568,0.026185643998247153,0.035384380620542236,0.022521462074046154,0.03674241972260018,0.027437364805944494,0.06634964137764567,0.021923421722951683,0.05684040743706527
0.09952213311756548,0.031796122032205505,0.039124142753117326,0.04019862126962505,0.1500200229826466,0.08213812851956433,0.0042813337929695685,0.0652646876222786,0.033130208772676736,0.025473357189303818,0.03905029191544352,0.0991323624786314,0.0014059365901814777,0.03734214228445146,0.07073258247829252,0.021801719600693135,0.03815112487495224,0.034617581203025924,0.0037504237084768975,0.0013680211489146695,0.01548137099401422,0.012808622201326298,0.06074003618561431,0.06647813463001884,0.06051238442891474,0.03173942545995291,-0.007307926676596643,-0.012923473488995077,0.004629613663235604,0.026746397873591662,0.07861180602736345,0.08286398835264518,0.04700013365256731,0.07612238021338719,0.04506033260089339,0.021165951197754457,0.022548534204590825,0.03081988250772251,0.03642606438860954,0.03042735549801661,0.03488746520530919,0.027569700386472745,0.0021523090897411683,0.04949165949443712,0.03368910095048939,0.039946072422333986,0.04648320388608423,0.09764374605948725,0.10432789843987429,0.03723116665394129,0.008808766592821584,0.05031167869619879,0.08969193285954305,0.023851011377240015,0.05621988034004044,0.020127475082289726,0.03007787666035996,-0.01599838807919472,0.046319307323470775,0.048140384989064644,0.007258364716763108,0.07394376898061174,0.07155216153322401,0.017791030754373133,0.017282404855119476,0.08261364074388768,0.0193046195066058,0.06928445987631011,0.04504361557260327,0.05606785379402179,0.012238143423729203,0.028990538659583787,0.029930477867194428,0.044272954017915964,0.016474486870053456,0.02368852787348567,0.04399481778352303,0.05578529684919265,0.04352349448701892,0.051386209905388364,0.03564008789973242,0.07437540314424723,0.04702902188017846,0.05252192532182506,0.020513951952089573,0.051454791961934095,0.04901945709299014,0.13248335748448312,0.03614699769070716,0.0884822579717255
0.09762536724260182,0.04841283403692415,0.06006530564395849,0.06084190441069138,0.08213812851956433,0.6220250941873614,0.004455894042138638,0.10068470858869585,0.04451103090642267,0.03158997251645465,0.03718517667574003,0.13568200760834206,0.030385275281265268,0.04624723487409259,0.19840311210275915,0.04116671106655059,0.06028032948149384,0.052532781480659124,-0.002203918625739542,-0.00042432613238700255,0.02051621942526516,0.015433134829697628,0.19532144663011997,0.128314956689245,0.08995188233990027,0.037709013258523015,-0.01582845064536672,-0.01981896188975582,0.013528343269206902,0.027692658871352128,0.10935787229624104,0.1964049212404215,0.078246317513951,0.192278454191016,0.07824130632104598,0.029395028057627857,0.04198669283015519,0.0333730839254822,0.09306855653620126,0.04340453022298298,0.04743339318356414,0.07051141105667158,-0.003788803099000647,0.049142068102792466,0.03413566706469554,0.05265529730402204,0.07929800916091229,0.13611157900427098,0.18099656003119613,0.05440746761683576,0.021430457256346562,0.0669099650473938,0.17222200489241785,0.03356078038900176,0.1350445124018238,0.0409723702990143,0.052719977263741134,0.01923711686529066,0.1788625208391315,0.06056191613106332,-0.0017331406035897255,0.06967914703043698,0.10733458645186217,0.03527658614098348,0.02918618084890824,0.10932840633085086,0.047291200459437105,0.10527056782080155,0.07251158701211767,0.06314716470280786,0.04684405154785832,0.05761312621859836,0.049265139657032456,0.06954161079255704,0.03457761537480374,0.03697455181076812,0.10673581069387163,0.08529159480913992,0.06094302305470703,0.12767515411955532,0.0694021199549605,0.07025800814310074,0.09155605048701068,0.0800826997060215,0.05079588069979631,0.11895603201147179,0.06183372119232361,0.14749088443632918,0.08927990065676501,0.1618089349141668
0.0026870364384983525,0.00458274133203618,0.013784191037198605,0.010333042013370866,0.0042813337929695685,0.004455894042138638,0.03493113348611874,0.007091047617739118,0.009887096936281628,0.008287265091184328,0.003979202319340321,0.008133673152964321,0.011000170243940822,0.00018605354017994671,-0.004305176992962272,0.011142012630021438,0.009424116250269057,0.012374128618448183,0.014278183682410102,0.003051569470967693,0.02311227642151871,0.024531269845734813,0.0030175171079006445,0.01641925709688231,0.008669512811919846,0.004984402645869445,0.017190349412674284,0.024937950118386766,0.029044319801070733,0.00803974404437274,0.014615897522092752,-0.008128285681285026,0.0060849365330334325,0.0009091625239252023,0.01482238278095546,0.0023251374818520723,0.007090554013505031,0.029645336112535944,0.012494183299703216,0.007989142402874929,0.006676463183858939,0.0058410775657924425,0.03332752956880274,0.01840647347442509,0.010912480929900666,0.013515280156548421,0.012396538234323134,0.000261665960312987,0.013403949687437695,0.005647583713064018,0.006455423989481143,0.012650123474078104,0.00517539945231978,0.005166856066430424,-0.004328287975441255,0.01229685907469049,0.004467757121729664,0.00399123927630017,0.01078252762540258,0.011291647545617088,0.009632384898994598,-0.001706578975040833,-0.0016644135440408202,-0.0008514411440976622,0.003328464075544725,0.00672160192480975,0.0022606306245977173,-0.0034981561023100186,0.007820256048679967,0.00505719569368374,0.0063770364464447735,0.006078683169459957,0.0052199257802471545,0.005358065563326435,0.008759708110247432,0.005443120596024146,0.0009879646064502629,0.017959566314479744,0.006285360308636824,-0.011749831799906452,0.0036346858444351025,-0.0016723115757575424,0.004397817955797605,0.02011811576926633,0.012757436994863284,0.007077096011423216,0.0037552780244933205,0.004353146951529512,0.007285662019974823,-0.004844953184091977
0.06874821710017297,0.030111482913805675,0.04071959070121435,0.0438072387581726,0.0652646876222786,0.10068470858869585,0.007091047617739118,0.09633239837063748,0.031306391435837265,0.026423147916348123,0.03576980547866012,0.09187834225023693,0.016747772557405904,0.04843805209556282,0.09250323572716684,0.026831473300683736,0.038623631130220805,0.04194336550020333,0.007931604635031234,0.002534084089754092,0.015815482794511154,0.01721768781752928,0.09462114278390006,0.06038383136720591,0.05385842927733553,0.024600471513489156,8.777966188906732e-05,-0.010205281402087988,0.00450574083847337,0.02888951117810155,0.04926825332911503,0.05653529975040801,0.055358258582884075,0.09668013212328161,0.04069512947484103,0.02209577364912269,0.01813394436015726,0.025881905205126156,0.046780091723088654,0.02793577509924585,0.033305987109210594,0.03331640883597651,0.020430884508883734,0.049583277822240486,0.021251340196741676,0.037031600113394174,0.03981569849151022,0.0757266928450336,0.07160793731035839,0.039607122551455355,0.015883536709992967,0.049489164015919955,0.10350350367431453,0.020722082034056285,0.06350717455527839,0.032246003603453116,0.037987486410703944,0.010463600122126656,0.12484896765305221,0.0492841872147602,0.016736407278396058,0.04972746914168566,0.0694358968573143,0.008283562729164027,0.02444364483230051,0.06236391537399742,0.03495836411663673,0.05027757284107162,0.046382351770555816,0.05304763298737688,0.01491571695011752,0.03528118117150685,0.03041971429424738,0.0450052198965763,0.020448530640594684,0.016221109552541274,0.03996787416172644,0.05305181127816941,0.026275075803460408,0.0688047965618899,0.03164532870516129,0.06765346549252549,0.05095354433575687,0.048549532353900034,0.03625200495978627,0.05996050937958464,0.04684948418215773,0.11607537066197093,0.04092759750090654,0.07136912424165998
0.028579921767136033,0.00520090810614139,0.02819699130367844,0.024071356409196974,0.033130208772676736,0.04451103090642267,0.009887096936281628,0.031306391435837265,0.09669203302849994,0.014829846151213692,0.017921942353524695,0.03364935550310793,0.004110787628097721,0.022945555587412125,0.024803084021972364,0.016283761514655336,0.029285066219590712,0.023723587970318965,0.007352234443150577,-0.0025168179278459613,0.010998611552796096,0.01615152199116448,0.04697803869644052,0.04015535729016948,0.037284085723859155,0.024471456269721182,0.0056155958006342665,0.0007066566183645377,0.01504530320501687,0.018947544477503832,0.0646846060066517,0.02277175512046066,0.02360258963214286,0.045515196898443314,0.03584596185307218,0.010785602269275335,0.019975738420510047,0.020997520820515887,0.025817616858877183,0.012078328009047326,0.021540478938825398,0.011792257569078748,-0.0287388942915686,0.029884415654679246,0.007276528371331584,0.020134710910079803,0.02846537766143906,0.016180733899477415,0.03537768823703688,0.02285751678192584,0.015385572809507177,0.03824983143956566,0.053965935555032395,0.0068812331433291685,0.03645656077712732,0.015261821360860997,0.043245226081520025,0.015483394039333338,0.0637184245989218,0.03268172851881808,0.017753959919023902,0.04482650005706576,0.0433012361421957,0.01188146960751865,0.012584720103192195,0.04525759824106314,0.017924480307423885,0.03587807946926564,0.028924388281580955,0.022472710147152037,0.0038541583707322846,0.023182015012127424,0.015055344045484824,0.03754424079464514,0.01696212550914186,0.010828533078647652,0.029304236369620387,0.026436461986161154,0.016645157957679842,0.0493947677089553,0.021065993525867806,0.04190577164243404,0.028165379002053736,0.03330142817334471,0.021939348201265425,0.029959990965312596,0.022947284632140182,0.054243579846612815,0.031975916985838265,0.05517716972115202
0.030903835861570177,0.013746021663017808,0.02005582444607106,0.020057846395094725,0.025473357189303818,0.03158997251645465,0.008287265091184328,0.026423147916348123,0.014829846151213692,0.03047397880756087,0.01867642035811778,0.03847516830859487,0.008315664244660298,0.018714847357015753,0.03644535407112364,0.013166062364696116,0.019165861393732532,0.020511904721240055,0.008187071457637312,0.0013650501908183397,0.013032436208053543,0.01368412831006585,0.027657016408263596,0.026028050549044526,0.022016227075592237,0.014413769821385786,0.003752182958757378,0.0002557861591500105,0.007078401800407072,0.014963189534076349,0.018293207456990226,0.02153905793920561,0.026818499009545256,0.03993081364965992,0.022540348009730427,0.00921636835670853,0.011404522433160003,0.01533242696213554,0.0185467442945419,0.016603609166370804,0.016375658120665854,0.014194768844631807,0.031285189603846866,0.027900155578954592,0.012902044356259412,0.01690590912808014,0.02051127363438817,0.028740113504488633,0.039938862635575535,0.020536111144744972,0.00579074342271319,0.025102665436368823,0.0404628183847563,0.010222332002462201,0.023456162797343836,0.014292523577219048,0.02400589625461056,0.004765804817442837,0.038942644755961056,0.024329390804174202,0.00823156217994102,0.028809286824477143,0.025916097454792866,0.003156194493863578,0.008500792289887009,0.02411735971231973,0.010848095894793712,0.024598159285106273,0.025378507591797304,0.01971836036547954,0.006176918640161477,0.017354975628472737,0.01639238466944059,0.01992919965447808,0.011349249058494769,0.008479344700213077,0.017653187897551357,0.030221817869638724,0.01132494092354095,0.026350971038181997,0.01208370932097037,0.02914561891675669,0.025411412390527324,0.02390184491611918,0.01554949707739673,0.025734685670568185,0.017224619162788984,0.040736931182580746,0.015074038221681959,0.03057681532942732
0.03374383926053518,0.010821560981357448,0.023953657713034707,0.025336245409546515,0.03905029191544352,0.03718517667574003,0.003979202319340321,0.03576980547866012,0.017921942353524695,0.01867642035811778,0.07075092339587712,0.03400038958558917,0.010308560992496515,0.025677001473281568,0.03589068141117702,0.013996695117237572,0.03366490238566923,0.023131196238558468,0.007266518949933278,-0.004650922365849814,0.00303895479570372,0.015299048419668384,0.03092926456196888,0.03657924631426135,0.02291000448578703,0.022149462045604966,0.003712155436477871,-0.007328951520102264,0.007713350708450958,0.01914575061931066,0.01470294503605735,0.027144480338272135,0.036235587299322705,0.05424957353854973,0.036584213743763645,0.015708419851698758,0.014355973173925417,0.013078220138318832,0.02548322281276,0.025320189464100383,0.0193653685277836,0.027923673960609893,0.014904216749386768,0.0287106330974064,0.02502768233076073,0.018363010844678174,0.03095382473766421,0.032883444660707285,0.039033191741046025,0.022269833499347857,0.012079746455188037,0.019163533545127374,0.052664577805688464,0.005765598967252549,0.03140747706557031,0.014281040227991268,0.030669086535786993,0.004343529593448269,0.020609845035733373,0.03144750183799796,0.010579698363868007,0.057030724853927565,0.03368292233226958,0.009522448172136476,0.010422877193999012,0.04354525848416753,0.013777138955780829,0.013191018790876759,0.03792019132176831,0.02066269749365575,0.010381421228308143,0.024790967918071456,0.025895416020049248,0.023540312253256722,0.010224414996320087,0.010574910591855887,0.023010178393731543,0.03431803197779467,0.011256250433222948,0.0441381421862719,0.025624573718446803,0.038846319860692306,0.027321228059781946,0.028960790804331872,0.01622016414219746,0.02175780542286716,0.03953479293176866,0.04387352492754148,0.028307297927645064,0.04044930096834462
0.11931375129263697,0.043248604863614766,0.06549997823096633,0.050669109696260234,0.0991323624786314,0.13568200760834206,0.008133673152964321,0.09187834225023693,0.03364935550310793,0.03847516830859487,0.03400038958558917,0.36427190926733743,0.009707674435932642,0.0541818814313166,0.11865624250614067,0.029271485507098387,0.06524404985312371,0.05086316808065518,0.0002892873843358741,0.02347375585143392,0.037763933963104075,0.027721866976143913,0.12756016627449143,0.10438832125727682,0.08732456883604801,0.033953343228560987,-0.0039349364466568755,-0.007881626004255415,-0.0008845784324066712,0.030370241507568965,0.07444517612305465,0.1280554248872873,0.06641232123931282,0.1496554835435943,0.05028460743629108,0.0308081073595103,0.03534934127075828,0.05469365568011791,0.05737777022152999,0.034733891499179596,0.056515761651065824,0.053415589248743796,0.025940614586599315,0.07799800360307926,0.039590503509664955,0.053297752290080574,0.05960663794261049,0.12271261242683446,0.10910529637709958,0.06064999784486063,0.019670038546460652,0.07410189095518206,0.1512803698762787,0.022984301265666054,0.10146779868044822,0.04785648943505123,0.07738689064328197,0.022737983989797414,0.0842976631595233,0.06843416986116378,0.014790515666722723,0.08521201357305723,0.09694462711015872,0.029784903645435578,0.01968025447297828,0.08378771847629228,0.037987473114640236,0.08380117618759853,0.05415280660405996,0.07565153241896971,0.02166570176595512,0.04437145394513577,0.04710883237645623,0.08343928974143082,0.03906030244276058,0.0369751512149461,0.05083692090750708,0.08420895111741898,0.037818565072542096,0.07829445331726949,0.04533292486035612,0.08688531743586447,0.07653774843931598,0.049021711311035755,0.040032410683110496,0.05535143106226884,0.04539442975886525,0.19327535386254593,0.05613860879444698,0.11326436264918308
0.03256478105020186,0.01244539565098794,0.010191737067397955,0.012624111283404679,0.0014059365901814777,0.030385275281265268,0.011000170243940822,0.016747772557405904,0.004110787628097721,0.008315664244660298,0.010308560992496515,0.009707674435932642,0.10648167523670622,0.012603026114448754,-0.001949770749466745,0.013163860504231744,0.01591146497391138,0.01704054543386,0.014474632305487187,0.0011792462613014324,0.01176390964026475,0.021467858308928018,0.027097584860943796,0.024546859180971034,0.00975971553304014,0.005120190623204136,0.015934629593320825,0.006875148023720498,0.014261374091504683,0.009201036940631685,0.012945304855283127,0.006419404932306126,0.016157268522235885,0.017352571654544003,0.012436569235693598,0.006973303278793788,0.010543320518421058,0.0169210311452314,0.01351197514951604,0.018805512112362626,0.006043851946926478,0.009716232101214266,-0.0193839606504943,0.01810597063822977,0.007480802473176965,0.009553378265197565,0.009724440324910192,-0.00688891060249189,0.023396448790977215,0.019867016085303484,0.007382420507379914,0.012422714082497512,0.004332290927286372,0.002029582091504854,-0.010094230573965529,0.013918045203748262,0.0190409193893348,-0.0006848397136807607,0.022580572048735082,0.0115201362613267,0.00991106655943779,0.028190838441410595,0.01717751028284265,-0.000772684896513269,0.0040552119730306235,0.025718675715147712,0.016704574599618705,-0.012159924157164834,0.012467040041254795,0.00942363232249386,0.010002346817369551,0.002603089648012339,0.022556094258393715,0.009130507368882494,0.01241963869109699,0.004122967718685836,0.010595187549113464,0.022781133785355005,0.0021664804990324258,0.025896111524728895,0.01024574029121232,-0.004228041336730286,0.018884910797729748,0.016469888629677822,0.014069802849742337,-0.00115227052838702,0.0018572872334803835,-0.006900803305745275,0.010213784861749647,0.0032679319577689028
0.033020427633866964,0.01734814606126924,0.028787525731922153,0.023419066248455942,0.03734214228445146,0.04624723487409259,0.00018605354017994671,0.04843805209556282,0.022945555587412125,0.018714847357015753,0.025677001473281568,0.0541818814313166,0.012603026114448754,0.10107495098249013,0.10962677561895989,0.02918821973888008,0.02111362726772164,0.026604560067605663,0.008675630028506784,-0.0006813321548258877,0.011136604833273287,0.003950570295132837,0.05339036992261928,0.045269110808582015,0.02592482956555903,0.021165863764060804,-0.0010263546972562384,-0.008297261401926105,0.0016152207978752569,0.01790405462073942,0.030483078490815965,0.038564444699359206,0.03359662622613349,0.12960281385444172,0.03328380539621184,0.009298086537208549,0.02643474862104023,0.0077161691417344915,0.04663634611652913,0.017282316639796895,0.024492907245405506,0.014087096213364292,-0.0015397475158695935,0.03621215945259241,0.021832361693862785,0.02009757041392273,0.023178248713736912,0.019763588276379553,0.03875745119029548,0.029390289558914203,0.009847425771330442,0.027318257839222364,0.13244259141767697,0.008644281301303604,0.08603194467902486,0.020148444864078324,0.02408539180629722,-0.0007818047548649792,0.11124910166115334,0.026047069138801966,0.0034680239987619306,0.07928319999938621,0.03746424430253028,0.008311660145882298,0.030335331215063918,0.05292588510524877,0.02777621413690341,0.022389487544803535,0.029218368168127815,0.02312101938152642,0.017057973537056216,0.019277767223699477,0.03745525259367881,0.022016543093199992,0.012457767935517047,0.009654172983722698,0.04655732574144275,0.043964566897922816,0.01234920248098326,0.10211195513385482,0.017838802089933124,0.0413308643473733,0.04051531677956634,0.029460238347735323,0.02141433838070132,0.05823626427083205,0.05622829221154069,0.06064835626642719,0.04924447907291208,0.0467870681998564
0.07911931453099119,0.03604368912816042,0.03883625171775849,0.029305877906931472,0.07073258247829252,0.19840311210275915,-0.004305176992962272,0.09250323572716684,0.024803084021972364,0.03644535407112364,0.03589068141117702,0.11865624250614067,-0.001949770749466745,0.10962677561895989,1.2051345436699443,0.07286161266003441,0.038243830886211756,0.07804275234580256,-0.004002928277868835,0.0077218433784277465,0.02153560943125694,0.018353775887274715,0.2317693950439797,0.12041494484614962,0.05779056493975943,0.036794407361065665,-0.02826509672744343,-0.035399579150588785,0.0014253963957207602,0.02284126377294043,0.049808476497007544,0.14033152503195578,0.07414869431262708,0.2696695751865156,0.04022970197905203,0.02605585731830666,0.03189150649934848,0.03592416880762447,0.07151293571003252,0.05954278982749371,0.03827329919356499,0.038775457024419646,0.03169325197600832,0.0440657024032916,0.014037407223430859,0.022071946078557017,0.04053717368225383,0.12628282149593098,0.08674239581267318,0.04275733943399309,0.02086600786915812,0.048899832751827695,0.3180458594716651,0.01879390909670123,0.19856231366985694,0.047336881466620115,0.025208010501396667,0.005869589786458869,0.33455940690102126,0.051027626112602656,0.0070297140377169635,0.12523108971654914,0.06620510630939651,0.036139341467490906,0.053283931720134334,0.09585000905325843,0.058847107262820365,0.11586722171659687,0.070655495144409,0.04971702224660843,0.058872451504791826,0.055252404405191406,0.055498249799424006,0.07141554376664923,0.014732804770353977,0.03409954984190785,0.08637066483418772,0.11015589053958783,0.03960715458968564,0.21648777930470223,0.03354770350845628,0.009007171781673836,0.11110721520063976,0.03680343361128806,0.044794809894250304,0.10565866433642324,0.13438252101817108,0.20424632201868506,0.1274400502758553,0.07786894282460222
0.017528847830539377,0.009781690509761201,0.02321811243143351,0.014798582832477097,0.021801719600693135,0.04116671106655059,0.011142012630021438,0.026831473300683736,0.016283761514655336,0.013166062364696116,0.013996695117237572,0.029271485507098387,0.013163860504231744,0.02918821973888008,0.07286161266003441,0.06483919336748704,0.017919664153685105,0.024320611105828754,0.010083863304117644,-0.001229498675288701,0.013800512173382627,0.0184349138982535,0.02825955278120182,0.018935850931630784,0.023556382801970106,0.010340456678165877,0.006422073824981435,0.0033266051713664747,0.010929023280501311,0.010467320515499211,0.010470090291638973,0.02078936559628962,0.0242288321076325,0.05342869693143553,0.01591083407288179,0.010520871042561178,0.027290584800080443,0.018503454601920096,0.03859905178867386,0.010703869611580557,0.008107274224201277,0.018678281357417604,-0.001689498810671264,0.019655175613651994,0.019145288734177222,0.015661670556956903,0.016087650632010866,0.030342886436437806,0.03191335491549072,0.019829859818542624,0.016436442869138528,0.02372048319159609,0.06701046499175378,0.009268931134505609,0.048614735194160756,0.02112923997562171,0.03173342924155457,-0.010955345592110486,0.07021269136449321,0.019251475638474555,0.012552614071363146,0.014385019520285862,0.01733282812362874,0.009215080497117223,0.01006771447243727,0.034105333550594266,0.01872134734461935,0.019420583262938728,0.017569707121514313,0.01685778193698649,0.008482566995962448,0.008796980462391631,0.020219403538411732,0.01985503386743504,0.014942816231933722,0.004158354712310985,0.03179366336766148,0.029728580692945816,0.00635963511000362,0.051332799822351956,0.014208100667475208,0.004841857438581665,0.03399638189063723,0.02399887562590721,0.021039922195633925,0.028951360062637797,0.02645602796924178,0.015007768166044908,0.041167398977006484,0.017941075107534964
0.07030523263890341,0.015049327517177477,0.036020139649184074,0.02916687566436635,0.03815112487495224,0.06028032948149384,0.009424116250269057,0.038623631130220805,0.029285066219590712,0.019165861393732532,0.03366490238566923,0.06524404985312371,0.01591146497391138,0.02111362726772164,0.038243830886211756,0.017919664153685105,0.09464538825703345,0.02999152251242737,0.012011153590113087,0.0068055126017717025,0.011393383714724266,0.024362938077568688,0.0404569034706978,0.059369252332051224,0.03510881502459964,0.02963403148922822,0.008134388278738393,0.0010135501843187176,0.013671617323735785,0.022546439154717438,0.04281774967053544,0.04350948032790333,0.03620785599720877,0.06921946572723459,0.03980683988452866,0.018146526515667494,0.029062374492464557,0.026408214908867633,0.024451344713586155,0.030720286696920725,0.025929284140117772,0.025050747843900024,-0.014607986360400187,0.04356721139174154,0.030943243003081333,0.029508285942223756,0.03458984834906491,0.041816042556109025,0.04821237159293021,0.022750933466074853,0.017671238639163093,0.03422536220588625,0.07809911114218653,0.00975246579283154,0.047059229010826556,0.021083177203587312,0.03683185509436167,0.008687695826714317,0.056706286253741765,0.03702329935753286,0.01727182873192015,0.053080499183128585,0.04530394844896198,0.013382202770154592,0.014407819758881014,0.05506836648493237,0.024263252904537375,0.034109861301832405,0.03764883658500887,0.029211480984886896,0.011860224599472318,0.028432438681150494,0.030988231654793617,0.038776301849780176,0.014275971738018018,0.011598535800011685,0.029691545316121136,0.03813427725679994,0.017286268220649333,0.05422710307038075,0.0357845629823246,0.04649038372369218,0.03434886814582545,0.043277516061279546,0.026997880634992488,0.03262758803744902,0.035854417510127676,0.05995131694299742,0.03732704752090504,0.051759536063173
0.046272546157743594,0.014051242771807792,0.02871764141244445,0.019585087022888276,0.034617581203025924,0.052532781480659124,0.012374128618448183,0.04194336550020333,0.023723587970318965,0.020511904721240055,0.023131196238558468,0.05086316808065518,0.01704054543386,0.026604560067605663,0.07804275234580256,0.024320611105828754,0.02999152251242737,0.12064813192920644,0.011205237547417883,0.000780656690210455,0.01013216599735445,0.02584653392440065,0.072347233654948,0.062049063047966535,0.03925724394459972,0.02519250966312739,0.005219870387974341,-0.004586617690674905,0.011087014456684662,0.01876872755275329,0.02957186865407932,0.028586338743194675,0.030533449531889693,0.08332657050782516,0.0318585967807399,0.013553935737631632,0.02505669284563004,0.025374668236504125,0.02705855835460516,0.012258009967579841,0.019586613929955286,0.023613265248149818,0.029184657948243382,0.041843715017811194,0.019743101479671555,0.018492916276601195,0.02734275560702505,0.03607848113654246,0.04292019510034473,0.03494469724770715,0.0131038280065302,0.03199626392663286,0.06779741692362785,0.00586843890089102,0.02353970783650222,0.024049987518294763,0.041844362779686006,0.01158914871093845,0.08014796425028467,0.03267741831251015,0.022087512028890328,0.02334856372814566,0.036306344015673404,0.009254023618589747,0.01234206550262097,0.0586742786890707,0.02170921557317287,0.02654241899895954,0.02894812900995764,0.029793969383711684,0.01818221631245098,0.014106040223060492,0.01948262035062982,0.03505626907900297,0.013821026360808687,0.00891349235629368,0.03268150349191011,0.0514158876086622,0.01595654557384263,0.052696437378865355,0.03404855338979834,0.028451602853179218,0.02797965443166536,0.033761028742263895,0.027881740822476624,0.04419081927090942,0.03928906764036644,0.016357454019724833,0.029461836286774658,0.025427934015788457
0.00459334785710563,0.009435674869727644,0.010375689758399163,0.010590323943294119,0.0037504237084768975,-0.002203918625739542,0.014278183682410102,0.007931604635031234,0.007352234443150577,0.008187071457637312,0.007266518949933278,0.0002892873843358741,0.014474632305487187,0.008675630028506784,-0.004002928277868835,0.010083863304117644,0.012011153590113087,0.011205237547417883,0.03670802936417383,5.8366271927519385e-05,0.011657426642696103,0.0179723078187287,0.012895109280821151,0.01860648980337459,0.0017296344963352197,0.002445981800469816,0.016851145391620102,0.009630431930037871,0.014488259556821394,0.006260320071694251,0.007543853501058475,-0.004568337992272056,0.009941405823781993,0.02171825203035805,0.010041819284799093,0.004573699087477419,0.006796929699844946,0.019381056137167424,0.011183843168204654,0.008893604607328824,0.0064874770499076155,0.005943899048545384,0.03187425547311147,0.01557572067493802,0.007670908601088803,0.008645873120130274,0.0044391371520491356,-0.0009031935336608202,0.01824322377568081,0.013198942388523456,0.005408525769640633,0.004622831996746839,0.017863496806517557,0.008032364740163715,-0.0005911247651580611,0.011250178655222964,0.011195259699952604,0.010623794439454706,0.03263458443516816,0.015028346429527903,0.009270508791839353,0.004524595618972407,0.0021988107365460987,-0.0015563600628101682,0.006343809343883471,0.014459903786586934,0.0011025412749848193,0.006741035288543143,0.0102516445532734,0.004065543740459134,0.002889446519440938,0.006318773380338953,0.013929782978883485,0.0038995691946277647,0.007057820385584604,0.0012936454443240623,0.005824224075013823,0.013713878290596875,0.009237013980626988,0.0012551202021255255,0.0048589293025503135,0.013719615537958332,0.008388990241462033,0.016176833312986163,0.009829709674211184,0.007291782143253404,0.007184161844467688,0.0071772089788095335,0.008753579252479321,-0.004736133342347369
0.0011688554947310587,-0.00028017662936000696,0.003946132740704933,0.00218317676818939,0.0013680211489146695,-0.00042432613238700255,0.003051569470967693,0.002534084089754092,-0.0025168179278459613,0.0013650501908183397,-0.004650922365849814,0.02347375585143392,0.0011792462613014324,-0.0006813321548258877,0.0077218433784277465,-0.001229498675288701,0.0068055126017717025,0.000780656690210455,5.8366271927519385e-05,0.03034536160523224,0.002240675480185585,-0.0018911892618854824,-0.008654307392177018,-0.008957834553559717,0.012959483705162131,0.0025575241427170064,0.0008090291252900187,0.0038057156925738567,0.002820577233930273,0.003361465698188722,-0.001364972186163081,-0.003990145948384345,0.0016204217713438665,0.00520819630297665,0.0027995909256504333,0.003920568494402362,0.0020303488019102066,0.004995013973938778,-0.0016220295234841507,0.0037741102640198565,0.004185470232726117,0.0014815787311942248,-0.001041639071868529,0.0025935986562453397,0.005699190689983528,0.0007990267212525776,0.004196899254827136,-0.005529645325107657,0.008449380558401727,-0.0019437387977154178,-0.0007022608029611866,0.0024503655745084863,0.004139066792959636,-0.0003218318579578082,0.010786169884903381,0.0030222442350668986,-0.0028966625366315902,-0.0019778774501630616,0.004368020368316611,-0.0008727776909020827,-0.0004892945518972577,0.0025242239430432615,-0.001112259961541734,0.0023850984405870026,-0.0005244380368618766,0.006299636840346834,0.001406248771129469,-0.0005000781748849853,0.0017716457045214512,3.0239094928909886e-05,0.00012551954039080417,0.00350673860113847,-0.004206122771101765,0.006574403685137125,0.0010580303998591267,0.0011119937108659524,-0.002768128666650573,0.0046820173811054815,0.0019280276042067542,2.6613061774712188e-05,0.008537718261605515,-0.0043529273186117155,-0.006003306625258993,-0.00026567006123688337,-0.0014693856446281242,-0.007427219237301961,0.00148908088379446,-0.002762295885974432,0.00037026833260724767,-0.005075278155832943
0.021849013301678676,0.017250730793851397,0.01891530495258647,0.016139570122661276,0.01548137099401422,0.02051621942526516,0.02311227642151871,0.015815482794511154,0.010998611552796096,0.013032436208053543,0.00303895479570372,0.037763933963104075,0.01176390964026475,0.011136604833273287,0.02153560943125694,0.013800512173382627,0.011393383714724266,0.01013216599735445,0.011657426642696103,0.002240675480185585,0.0425341257778126,0.020857196056098173,0.02931557413557301,0.024629259740022096,0.014420874748345391,0.0061784904993747525,0.01321099643016853,0.019971984488389133,0.027869378020133267,0.007655136146685719,0.03144057795843101,0.01500174580421692,0.011993148980374712,0.025510523820991192,0.014408787965421423,0.004507758848648231,0.013532038905965493,0.02872976144445363,0.013425897323032808,0.012913281539771468,0.0060889824960707615,0.012281402483052602,0.01591965169611973,0.0243397512923248,0.003106863315839122,0.014343387793124137,0.006988140860653403,0.028977195253999076,0.037404251323234855,0.013339913771912432,0.0056878765096060515,0.02016592290837429,0.023580524205684034,0.008057779064495077,0.0032403070243161264,0.012043038321847893,0.010951850803165453,0.002553060810431115,0.019953893946180908,0.012872852911931168,0.007587492826277458,0.014389746234786293,0.008494289875265617,-0.0005340113237611606,0.006023591905328041,0.01896958586654024,0.012679429393678018,0.00956213012655242,0.008814233706072613,0.012584928249228506,0.005861360397957855,0.005377705965876017,0.008039143745937402,0.01416174535374381,0.01410452531835452,0.009916290840857525,0.015821650666159356,0.018092522448809878,0.012990043157899275,0.0055160920614240406,0.007930097151146153,0.006949471706932792,0.01815055715574095,0.017139365218413187,0.01893572697152742,0.02333966898244759,0.010455187549160196,0.04676406042609715,0.015089930110964033,0.010620182070461866
