0.0668097895250942,0.010543086404957231,0.022230695112538664,0.01724656196438785,0.018410613023184353,0.02247075238726963,0.01174729983107088,0.014462517082704192,0.012162736180057612,0.021373634945668313,0.02247450207688714,0.006816111992685117,0.04841138502296716,0.02129183199871662,0.01686358092272108,0.004433035489878049,0.014525434389257076,0.022805059684428818,0.04484483380353838,0.014903953922880353,0.012392871523070444,0.007554117052669847,0.0057527522602279545,0.016436358333421597,0.019323306757840053,0.016718715056620263,0.019164418194063778,0.023268438516657105,0.027415011602119156,0.037463293266036604,0.016294518716284553,0.025909517520985925,0.015515479244371414,0.040458849223286165,0.023146652389614126,0.022173362348060385,0.010171823194077938,0.01765159737121714,0.022116955571336507,0.033073124595871445,0.04023553876213266,0.028409429897822677,0.02758680748425183,0.024997895892298568,0.021841269251793846,0.023003189473536658,0.027327540483400692,0.010391437212956801,0.05160685041843317,0.027512968256968397,0.028868671427576664,0.0228400104788396,0.004445296629360475,0.025752570740627603,0.021391596553749045,0.04140651080535413,0.023695854511445364,0.023051666801509423,0.018963802151129,0.025773493635829325,0.042634088978765784,0.0014030803225794175,0.018475344584792046,0.023315242136556898,0.03485038649340626,0.042875478217542035,0.030025734694440247,0.026160012012140393,0.044591414704513464,0.019073395128023852
0.010543086404957231,0.09829780982248196,0.03441005559757038,0.030729162361521203,0.0296564647723503,0.029771168046489927,0.020002907356300167,0.02806238682089808,0.023351092265722222,0.028809908344344222,0.03822143847003305,0.01920527464418358,0.06638434397276735,0.0212935959861274,0.02433412695620434,0.02149790229822554,0.006739097631297233,0.018865634066863198,0.06300328900949585,0.026813760826716493,0.037719638553788515,0.0027052004765017973,0.00787686392161281,0.028909535928119953,0.026395598761963405,0.024924681779354342,0.02392071178903853,0.036439859789674935,0.03839043097502878,0.06708982447661163,0.021470054900197866,0.033726096290912326,0.02829241880438802,0.04748986271127113,0.048541769209183815,0.042436995321509866,0.010057931964495077,0.03501614170874716,0.030676723297663595,0.04945671569284287,0.04436633859783927,0.03822134919792632,0.03681095680765092,0.04514532275737037,0.017163524186154366,0.02504141085624496,0.029755698798264046,0.021284858830818588,0.0597964938622817,0.03589367565598673,0.04442111746028125,0.013397330331158697,0.01014268659802382,0.02614641697009788,0.031238695352756456,0.04206726159406312,0.029182474768049492,0.034832016751452616,0.034576067862741464,0.04313748100835387,0.048359110273523326,0.0014228175824524713,0.05052518748914518,0.0354258061753844,0.05595172901175881,0.047035205600134446,0.061810585082739046,0.03375145059589141,0.06010374359361251,0.023614418017967227
0.022230695112538664,0.03441005559757038,0.06664713912467941,0.023702375036142864,0.016337968513912723,0.03698869982974175,0.018071668285652025,0.023416175106850224,0.025081675772285133,0.02718717592278048,0.033396262914736775,0.023641701374380313,0.052651930003632885,0.02817849182449027,0.028658868410848366,0.026865851363533026,0.014548845563475332,0.01955871076050785,0.06591709402703723,0.01893748344491747,0.027070984060150453,0.003388105550121748,0.01310609470522719,0.02525630314401291,0.02458707599377117,0.02159296609218167,0.018875849440208686,0.027371718555526888,0.03797576524141622,0.054866010101498754,0.021035960311162324,0.027464585380540453,0.02756964425347475,0.036559650084992866,0.03659294329078874,0.035535383902290704,0.008544579015733907,0.026315692685334152,0.027906017632408294,0.05318599366846926,0.04079116010680535,0.03751545118655317,0.036125915192610644,0.038336146774348275,0.02887274101821685,0.024943728469829514,0.04229455562266589,0.023538472498810567,0.04805047152974026,0.02894434391712954,0.04463894996541327,0.021854809585858805,0.01245613373185409,0.031021370805477868,0.029315855220973283,0.034793275076511386,0.03704494053243715,0.02928446306507091,0.031041079281382934,0.03477192629478086,0.043218662210199266,0.0005797368755343296,0.034294596258059945,0.05298456958037705,0.058376607257687535,0.05678604331884152,0.050838289208544975,0.03490852301037599,0.05464356220254894,0.02757493491605917
0.01724656196438785,0.030729162361521203,0.023702375036142864,0.05206089099004531,0.026136136403636552,0.018846456738917307,0.008884605215381126,0.014580099914096933,0.011316964055847733,0.025928478082748674,0.026018160593986858,0.02023432857850678,0.056425157697941736,0.01954883917440719,0.024914369405805218,0.0007182002032508274,-0.00036249701773032094,0.00774747027349066,0.07394474578571975,0.019555005085279832,0.02556852721048975,0.0052726797955657875,0.005367479821919521,0.01634169250785208,0.01834954777231606,0.020384749883796724,0.02038397514202198,0.024136171208866162,0.040632696946219134,0.06157724947001948,0.021661040555827914,0.02695683602806722,0.024803720987975716,0.050426639509198734,0.036209626572584606,0.04028877000064726,0.005457641206271028,0.015804381380630738,0.021689276989180953,0.07324851957260876,0.03645217613845776,0.020771986126071146,0.029828022257577896,0.03434910135753552,0.012244539777052602,0.014745891797212828,0.02153168879524224,0.02984070966051751,0.04680976010784287,0.029860605101012495,0.059728057285101034,0.0326055551704296,0.009920233477384015,0.021397998280858293,0.021250872386598656,0.039602343911089945,0.04857167513288748,0.022284668426865276,0.026148195580858413,0.029769508112936757,0.05213478253150544,0.001541734204621198,0.03646092945037669,0.06566251009005176,0.089448090542331,0.07337300074171675,0.052737689810887216,0.032650656398847025,0.08790732649849267,0.01762265844355068
0.018410613023184353,0.0296564647723503,0.016337968513912723,0.026136136403636552,0.0945310053837866,0.02659335249614364,0.014407101241778726,0.018134662607075403,0.012310636743254529,0.026450766573012395,0.017281568308411675,0.018196193533438203,0.04369065414792004,0.024015628447663754,0.01433122931811663,0.004784865691057595,0.0036027611876351864,0.008697030255886407,0.012131344981261507,0.02603498225446463,0.03238076609719518,0.0077030979988132325,0.011863849296824597,0.01896265674763937,0.020470719857571235,0.014518175367365207,0.0190301561739293,0.02538400423293144,0.03968825177335513,0.04067451308529879,0.017706969971260755,0.02765899414472194,0.01948913668309649,0.04431958401746992,0.02916301308787077,0.03097911511279674,0.005005738166987087,0.02086910876077972,0.027614645047023118,0.041421778266373624,0.012130108406153852,0.01288158665535341,0.03140179482448879,0.03248455071190885,0.018396940474895658,0.0166901590943311,0.031204945556256865,0.02304506355316711,0.05366997321166824,0.034143013974288795,0.034362182215398836,0.0073037939512714005,0.010590844744932165,0.017146432308182094,0.02012436302397529,0.054385608717536366,0.014129973831626196,0.02952255556387597,0.023444260511375038,0.03695607550965494,0.04493952816368668,0.0004578595964386568,0.03617622631325868,0.028320256727596544,0.022434351509040596,0.04220575426362153,0.034485982030458134,0.023093892945013014,0.047695030966030845,0.010277609846752167
0.02247075238726963,0.029771168046489927,0.03698869982974175,0.018846456738917307,0.02659335249614364,0.14128769628011006,0.014109253156613108,0.015302456775239066,0.024703889198846387,0.02912437833431307,0.033423007996003486,0.017504742175102183,0.04375056186627786,0.01851436735126864,0.02534240519264081,0.013990231304781409,0.0053256100836036315,0.012642809049515811,0.051233635612856335,0.021990345617613243,0.03012389836716881,0.0014899553631785329,0.015101162976235207,0.035942131508676665,0.022591577946919825,0.022107100031861594,0.00531357053366192,0.03931353509953589,0.04450627872273943,0.05180461044087102,0.014693123824022027,0.029746131288343265,0.026542426011140128,0.03432016285268504,0.03631814431576129,0.03970974064282807,0.009456110673644904,0.02974566540097766,0.026831995376099232,0.033308890831034256,0.04858863324966221,0.02392452201057188,0.02196948945703706,0.03412701705094369,0.025162289126907957,0.02387394109190921,0.02176581009861727,0.019047118679506096,0.04383245454361286,0.03988425395888078,0.046728329670083,0.030239789987312495,0.002911905410150142,0.01987495343361784,0.02815303488406303,0.025433997073599744,0.027004398420286714,0.03118563546027798,0.03302390223582142,0.02596486180514301,0.03796881939331478,0.00030408385375475127,0.04082340231701088,0.030078422708543235,0.04646274845026411,-0.0025390664600981813,0.05167549840906668,0.03304660605630855,0.044334905585471464,0.040269137742890225
0.01174729983107088,0.020002907356300167,0.018071668285652025,0.008884605215381126,0.014407101241778726,0.014109253156613108,0.03470282290846197,0.010639118611034145,0.011535541512757728,0.01483939951610289,0.016278223610793393,0.023514944949215546,0.016444254897288894,0.012129652158384489,0.01229173347363334,0.014447756653265453,0.010060903069117876,0.01573441645353737,0.030520292762365807,0.013520163958274333,0.010211616510783983,0.0026476576115040946,0.011942796636042089,0.01588835382287452,0.015683660206285557,0.005854696126486706,0.008847718682242487,0.011519461836758548,0.015953650653151144,0.027363426578992822,0.012373509948322018,0.014044636224246582,0.01501777059140328,0.013611550419903246,0.025738971732470417,0.017183009740648306,0.008304587478828744,0.016745624864157614,0.013897659772781276,0.012897802628271813,0.013659527331643644,0.023247896778759977,0.00812087773620077,0.017063432656756434,0.011484438424390902,0.012908773250482182,0.01195704012311209,0.01408074681606608,0.01729127068633111,0.013224221621758167,0.013939351405599761,0.007902601408368176,0.007040014456740743,0.01487009387405808,0.017279343452912065,0.02092964273899474,0.004286214784951943,0.010335381804623525,0.014085183290188517,0.009990844180711686,0.018022705848473222,0.0011205201387197712,0.025382046199326904,0.006622575168999434,0.02487176204126985,0.03773913505671651,0.013608737468312078,0.014646785381852911,0.020380374769352467,0.011470141552277177
0.014462517082704192,0.02806238682089808,0.023416175106850224,0.014580099914096933,0.018134662607075403,0.015302456775239066,0.010639118611034145,0.05664076239880755,0.013643914144581265,0.0276821417333688,0.01716481656421804,0.002312301913880778,0.0326193420215274,0.016908783389724003,0.01409362859473575,0.00531803415868563,-0.0032100457343930268,0.00487659780739013,0.029633421618276888,0.017625105450305753,0.006758837469746131,0.007642672183492539,0.005825478602735252,0.015989062196140248,0.012322907044143381,0.018265409762635722,0.005686957976153817,0.03126743377483927,0.023412201918663313,0.031977047103196196,0.015909618977966045,0.02425066317556584,0.01628382640994618,0.01798734949088223,0.02718233371483849,0.031751216230116695,0.004705579939481385,0.0207552587719171,0.023200962265555656,0.0378503076763461,0.023315145113628012,0.019151610173730935,0.022202209922945877,0.02501213317939489,0.0172391158210979,0.011067163431099572,0.0252588334055861,0.020708119602852834,0.03137595738947252,0.016485356236874346,0.028959703485818007,0.0019824531460365725,0.0048469684934657024,0.012521982651035364,0.022689727624320907,0.025943370284718666,0.015279354043493856,0.027074707668880958,0.024016414000886662,0.01879781546002767,0.046750269450165735,0.001174739791601908,0.025736284922984378,0.024199637023283024,0.025659704394512102,0.05561564175257174,0.02783592522136491,0.026552231838208002,0.053961921548116604,0.001725671087256246
0.012162736180057612,0.023351092265722222,0.025081675772285133,0.011316964055847733,0.012310636743254529,0.024703889198846387,0.011535541512757728,0.013643914144581265,0.05631971040052529,0.019562662349406488,0.030973943043248433,0.0015644139352964611,0.03860645977498074,0.01414507921542179,0.017417163949057415,0.015416519932868135,0.0071651944089633265,0.012320858373686207,0.06894475275051584,0.016891106228422704,0.01672712186301309,0.002907486707533995,0.010839876214633459,0.03038780882141895,0.016375001908181752,0.013650345103021943,0.021583544367159993,0.017499585436645974,0.02726556924689562,0.021968336036565606,0.014680455039813018,0.023236576532403106,0.012655788890711112,0.013373092688568436,0.02562673214968328,0.027990379294636623,0.016181938999034185,0.022936840101745265,0.025052909874937905,0.02541629275929044,0.015464348380307722,0.01516109586636157,0.015516647817172866,0.02315194217565181,0.012034831676191078,0.018455343371267762,0.013944069900456857,0.021643745422087444,0.03666974778929891,0.028199050118384514,0.03465069772479685,0.013282129538210717,0.0025652278449608125,0.01926738435782782,0.02312804263035419,0.023783705161395514,0.020228407308114694,0.01546731509927126,0.02199586713324495,0.018213553855263402,0.03521292958703325,0.0019417635234272015,0.038096278783254944,0.02645110966734,0.04118135572949385,0.03402689509848406,0.037005835954816345,0.022441495726536448,0.05281609052353827,0.02221746782849506
0.021373634945668313,0.028809908344344222,0.02718717592278048,0.025928478082748674,0.026450766573012395,0.02912437833431307,0.01483939951610289,0.0276821417333688,0.019562662349406488,0.04973059724545842,0.027013599823028207,0.011884365484412181,0.05664928758003949,0.02346168662780534,0.021750708100056637,0.0065767924351620485,-0.0009062158795810027,0.005834186551938988,0.020547249659285803,0.021214585516925292,0.0243478361854079,0.006589445529330545,0.009661609819736627,0.0255674667578579,0.017294291903530424,0.02721343342490217,0.01669871112422992,0.034916328146760024,0.03903743977699245,0.05049156836029728,0.026682148599985828,0.031365643076593994,0.026318153874566593,0.04168123249761713,0.04383360322020701,0.04253583724869393,0.008906788185081197,0.02618454621424295,0.02752887298953625,0.04815155725967008,0.028635703122991185,0.02580827588740697,0.03491189914532292,0.03423186868020377,0.01792393143827812,0.017791768040450743,0.024325462932464757,0.02656136584145019,0.04999275420001779,0.029116696008817392,0.055773612846087395,0.02287046017228888,0.009004832579936473,0.025519624230539426,0.02591546370309011,0.03628819107999666,0.02659586925887299,0.032056473338638314,0.031078220602892125,0.027512028990301085,0.06928889132003331,0.0009398961711046195,0.033552283312689855,0.040174036901174486,0.06209391860313197,0.06738951175518265,0.03896096588084842,0.03683551868953794,0.05967882915222678,0.02197691564179597
0.02247450207688714,0.03822143847003305,0.033396262914736775,0.026018160593986858,0.017281568308411675,0.033423007996003486,0.016278223610793393,0.01716481656421804,0.030973943043248433,0.027013599823028207,0.07782619533292437,0.01854339768382636,0.053612843257316085,0.021557175463064373,0.023741587699245132,0.015524031242040397,0.014046965847482256,0.025581761930667905,0.07900050959299161,0.019542617615654685,0.02733387288039878,0.00351333986778791,0.014592362917632374,0.036486171688665345,0.022940653923036854,0.021379617278746564,0.017054047774456575,0.02796271472807185,0.04328207933167669,0.0512908010215133,0.020937565352396766,0.03637094040594015,0.02575237086730917,0.03283471536877505,0.03596006167467314,0.03368533873829504,0.012819702728626465,0.02641651570036411,0.02633398554047593,0.06033559171930949,0.037412277943290724,0.03542522162767737,0.023900375252793683,0.0377739180710924,0.020261009996768168,0.02925786544134232,0.010219718479014227,0.028548798141615338,0.05274117068532105,0.029784712386388978,0.0495610120301599,0.035616554777307234,0.012898851278912429,0.029376292600219067,0.029050703076297004,0.04765629345077736,0.04361047072298035,0.02997593358353074,0.029057787131223176,0.017578842273806065,0.04645454673798675,0.0021500557809398008,0.04150014326932107,0.05234685821716442,0.0884207118453027,0.06903545349020643,0.06092661558907371,0.025383864234594978,0.07161933514296874,0.03537368587144577
0.006816111992685117,0.01920527464418358,0.023641701374380313,0.02023432857850678,0.018196193533438203,0.017504742175102183,0.023514944949215546,0.002312301913880778,0.0015644139352964611,0.011884365484412181,0.01854339768382636,0.12197543118373402,0.042312363751434746,0.015772901140202192,0.011128337958723186,0.014087394366669437,0.006161577217516115,0.014603741281610067,0.029709143078130953,0.021973597673840207,0.02181158970715337,0.00815388700590499,0.016164532548668606,0.01363790708836884,0.019760130957326403,0.018105969780256338,0.01703282896013943,0.01467319672879575,0.024781817846023263,0.04953004231216792,0.01505555705477339,0.017077827671529277,0.020451565437934395,0.032312618128018486,0.02678240086674781,0.026218994897491847,0.0028627591721844987,0.01824318631784317,0.013825307505091216,0.01751785218524097,0.03436395259784257,0.022466790498267462,0.012165446398497174,0.02653380640985868,0.01898550827192303,0.005867255944041494,0.012942554940197047,0.009179244933167205,0.03050270835821057,0.022524705849825733,0.0257832312428083,0.02351418296509987,0.01128374370162635,0.01987392722701662,0.01619192513437183,0.05108462248190011,0.0371656172478396,0.017702376514903317,0.020072959630476592,0.03598214446502176,0.023593516491926387,-0.0006376675073615103,0.023172912180090294,0.033123903726166415,0.054590662935512665,0.04947015164669146,0.03214736892649174,0.01938860117770612,0.034444759656677176,0.01672559041134399
0.04841138502296716,0.06638434397276735,0.052651930003632885,0.056425157697941736,0.04369065414792004,0.04375056186627786,0.016444254897288894,0.0326193420215274,0.03860645977498074,0.05664928758003949,0.053612843257316085,0.042312363751434746,0.3102003925463112,0.03697291836234681,0.04739429977444207,0.005392914282806072,0.004063096396923443,0.011241198184591619,0.18935909056425287,0.05065334705821969,0.07101354654138418,0.01504881734814457,0.02419950429579148,0.03492976332745508,0.045821074864380154,0.05585226477463444,0.07650306997175581,0.06666366801943306,0.08342393540218454,0.09990867471375912,0.04565349358972736,0.041256523993048765,0.046762879658943796,0.08885030375192667,0.07256092311573721,0.08148254912869456,0.0166595627857086,0.04631155939917446,0.05555239956492427,0.12107386650747519,0.09916597805045521,0.057454178082940816,0.061633607260716414,0.07816530881119287,0.03630053709576241,0.030392441555350307,0.07462081137215153,0.0504579111413937,0.14585659231772638,0.05398435591231756,0.10691671715379199,0.04427561670358899,0.012794051513926707,0.042869200119558186,0.05710611282704874,0.09914476998255514,0.07059056722187328,0.04754018502909964,0.056052767447238944,0.08827738765211404,0.11158394907564946,0.0027946551327467377,0.08836201536457271,0.11422823405491753,0.12251812229976179,0.1880791129782588,0.1197619001353555,0.06401782709914103,0.14981817098870642,0.056451196624591665
0.02129183199871662,0.0212935959861274,0.02817849182449027,0.01954883917440719,0.024015628447663754,0.01851436735126864,0.012129652158384489,0.016908783389724003,0.01414507921542179,0.02346168662780534,0.021557175463064373,0.015772901140202192,0.03697291836234681,0.07462021634023369,0.015617958691625813,0.010420128829033643,0.008007969346627673,0.013510369319161556,0.021338639811880063,0.018989742963231644,0.025850592177314145,0.007385961565450117,0.009382768519845203,0.01834755824330419,0.02113448996041036,0.018982066290074043,0.02616588310980959,0.02874725064471971,0.03736543983443145,0.0475672058783235,0.01695340162498089,0.021058947100008735,0.02017009896861232,0.03356668588691149,0.03648702388241167,0.030196222415096674,0.008404327652033366,0.017032851621156815,0.01869131601588885,0.039730089678261055,0.018038748638754997,0.02623746142094517,0.02312237141847514,0.025170707190341403,0.022635527663096858,0.016357768978366737,0.019486309518115266,0.02740664221441746,0.03985285178555645,0.030691629981652736,0.03210022751122093,0.01022403515892111,0.014351937572196192,0.023449707281644416,0.021524578959615234,0.03171063784262673,0.019874160939095373,0.023998219674457734,0.029612758233290702,0.035341657239515,0.04398417783517273,0.0002682993465002189,0.019531367803804277,0.027078589281183223,0.043177890489836473,0.05525349030539884,0.02166376647932685,0.03127335870385123,0.06392163107612216,0.013076136830719919
0.01686358092272108,0.02433412695620434,0.028658868410848366,0.024914369405805218,0.01433122931811663,0.02534240519264081,0.01229173347363334,0.01409362859473575,0.017417163949057415,0.021750708100056637,0.023741587699245132,0.011128337958723186,0.04739429977444207,0.015617958691625813,0.055224097961588905,0.009371022840276109,0.0023243185657485866,0.013313880687849465,0.0972004983382929,0.013681658032939244,0.018347587996265617,0.0037155920482443362,0.008282874741269456,0.01263696142756866,0.019032766298732913,0.01682015892243169,0.03241296635704973,0.021754975653106044,0.027908457540773424,0.05523151914822798,0.02327375546915139,0.01277251786152061,0.021701921956106224,0.022072241751989977,0.02750839090909912,0.030552334947287686,0.00922605098621606,0.01316146490677721,0.024373637380679155,0.09329099862912994,0.018829575694695785,0.019476121709673687,0.024513043930727164,0.029757112913566294,0.010586273008349285,0.015672150919562824,0.014161403612143344,0.050960293588863656,0.030864140231632472,0.025049891398933367,0.04748917536025021,0.03987446737042818,0.008988250231131822,0.01782456762831611,0.018966768744577922,0.04185387369680012,0.05767497970728332,0.020111998443496048,0.021169820551160342,0.037538790193406564,0.03624189326090939,0.0020561536922925412,0.032338957943390666,0.073449142084348,0.08228612371646359,0.11961781383274363,0.04786656006812587,0.029303204517829945,0.08366944152506829,0.011940322928688763
0.004433035489878049,0.02149790229822554,0.026865851363533026,0.0007182002032508274,0.004784865691057595,0.013990231304781409,0.014447756653265453,0.00531803415868563,0.015416519932868135,0.0065767924351620485,0.015524031242040397,0.014087394366669437,0.005392914282806072,0.010420128829033643,0.009371022840276109,0.089252904694606,0.014722335319755538,0.01539945513620778,0.0594960612216144,0.0073414122421357345,0.01149368235413901,-0.002463108937764672,0.007799962653115075,0.018487881123359515,0.012638655037442251,0.005240581737397789,0.007435425859407034,0.011224691960222846,0.0071311895391567535,0.004337632562903921,0.0067151918437151105,0.01903551462285818,0.00392966562257156,0.007576588558404425,0.012350752124025725,0.01016591819826679,0.011200008966598948,0.012713436297265913,0.01435565290291626,-0.0023168284247245194,0.017080388178918857,0.019680365306720737,-0.003553935207133384,0.005062417190786658,0.014612639150733724,0.018248294869694023,0.019328089148372626,-0.0007036247567720924,0.013814352647091644,0.006327040200972935,0.006789302661658951,0.008657576595595335,0.006248422005283458,0.008595903165690822,0.010354080361641206,0.003490796142007322,0.005336136597284176,0.0009156453745311418,0.016755524160097367,0.007271092217598905,0.005634746808746012,0.0007522942394268365,0.01601907403896673,0.0002587142338472431,-0.007324761990210692,-0.000662384447016134,0.008713238256250522,0.007925769564312747,-0.0007126920107311758,0.0086291035538217
0.014525434389257076,0.006739097631297233,0.014548845563475332,-0.00036249701773032094,0.0036027611876351864,0.0053256100836036315,0.010060903069117876,-0.0032100457343930268,0.0071651944089633265,-0.0009062158795810027,0.014046965847482256,0.006161577217516115,0.004063096396923443,0.008007969346627673,0.0023243185657485866,0.014722335319755538,0.0403171044134294,0.029193140053768173,0.03106317450145854,0.006203913749485806,0.005666046501923968,0.004897241468833874,0.004851687666734497,0.010822084218144228,0.007818077847098762,0.0049940214198138655,-0.005624341461688138,0.003708530429125245,0.005492470972686511,-0.007957023132483402,0.004494305230260797,0.0020956576134162023,0.0025732131244304767,0.0044962755279672004,0.0055039286346054836,-0.0016559409195358546,0.008317814831476067,0.0042324906274118215,0.006269315468175475,-0.00952214621380189,0.005698316100934148,0.00909366714038046,-0.0006892452119210478,0.005265222353292758,0.010349747759146754,0.02128169531645656,0.014630183020923015,-0.004164698960642317,0.0026432232446297376,0.005239411357915678,-0.01388474516175573,-0.003644753033715782,0.002342443972808224,0.008949979677256418,0.008619348799408656,0.003512304676931775,-0.007887147465405538,0.002407374217265749,0.0038463611548596507,0.014016190897738343,-0.0033349403183868045,-0.0006643432822575827,0.0017555324922679417,-0.012548509191096551,-0.01011858533015026,-0.02385582830629307,-0.004601225997922464,0.0031349440693924672,-0.011699649865160335,0.0012455823541391933
0.022805059684428818,0.018865634066863198,0.01955871076050785,0.00774747027349066,0.008697030255886407,0.012642809049515811,0.01573441645353737,0.00487659780739013,0.012320858373686207,0.005834186551938988,0.025581761930667905,0.014603741281610067,0.011241198184591619,0.013510369319161556,0.013313880687849465,0.01539945513620778,0.029193140053768173,0.047147443241709434,0.02731997496943482,0.007951693147874356,0.010943433418783007,0.0038856519187005513,0.008415625263181738,0.01536230100121789,0.01750873957989766,0.007962716628150172,0.006318497194221959,0.011642000927501825,0.014376376057027096,0.019137351592917223,0.009101025464251337,0.009511563372232098,0.010902857241938978,0.015640374979019576,0.011065634394073535,0.007926818160371683,0.011784487607669715,0.012306927228867642,0.006044923980874901,0.015066655865602317,0.02278927048278811,0.017637137586533107,0.004200037464214504,0.01916163428528224,0.0161857340146962,0.02526155177007978,0.008853209422209025,0.0066633281047560845,0.00958973950471661,0.010168975277568985,0.005714081792502274,0.008894223179147336,0.00733764300695642,0.016135902728330334,0.015174513847703327,0.015859798741449216,0.010403352313495269,0.012137972825280438,0.014210014843477737,0.013124682922562046,0.00395545264231033,0.0012695374972124568,0.018956317622428224,0.004496910195897946,0.021994733395633213,0.01721413968160304,0.013973747571361078,0.011917055089545138,0.0054708438719816435,0.0012804689210410944
0.04484483380353838,0.06300328900949585,0.06591709402703723,0.07394474578571975,0.012131344981261507,0.051233635612856335,0.030520292762365807,0.029633421618276888,0.06894475275051584,0.020547249659285803,0.07900050959299161,0.029709143078130953,0.18935909056425287,0.021338639811880063,0.0972004983382929,0.0594960612216144,0.03106317450145854,0.02731997496943482,3.197006452029546,0.023736213136388237,0.07798893954501075,0.005621085774344175,-0.01073334779433429,0.0817888823941872,0.04912399710241933,0.05807731477373052,0.09774309114857853,0.059850551507632944,0.13417152015461303,0.14359274048050333,0.04242230537783899,0.024894356833910343,-0.005679638322990118,0.09807953448511106,0.04793255682199294,0.06802644842456866,0.008436828703461415,0.050237172757760636,0.09055515865400686,0.30603672425146133,0.07428173711717033,0.01941036371992022,0.16318056250324206,0.0896713391241493,0.03767671910674073,0.04387373689906758,0.07881343040277382,0.11330308890325247,0.13002893792188758,0.05492909894600211,0.21289768403355344,0.17087424940831797,0.027083557388419336,0.036281336380196455,0.036108911884086665,0.2125157407047239,0.29363959022574004,-0.04620848544519155,0.0331217647327003,0.1025386549155258,0.13011581715981704,0.0034088300025821123,0.11178629706807662,0.25622276019605605,0.19920670599676635,1.1657027401935847,0.17322694551102605,0.06348171157988314,0.3138156151267968,0.14203322799579673
0.014903953922880353,0.026813760826716493,0.01893748344491747,0.019555005085279832,0.02603498225446463,0.021990345617613243,0.013520163958274333,0.017625105450305753,0.016891106228422704,0.021214585516925292,0.019542617615654685,0.021973597673840207,0.05065334705821969,0.018989742963231644,0.013681658032939244,0.0073414122421357345,0.006203913749485806,0.007951693147874356,0.023736213136388237,0.054049818769033836,0.027095132719351996,0.006586641333558496,0.0085947056421768,0.017908570730717537,0.017479825451035557,0.019820928439456147,0.01697025493473793,0.02061475326668069,0.03130711142807506,0.05134164837051029,0.01756250563954883,0.018117731488914567,0.015801721141768216,0.032251268461920814,0.034374871977300825,0.03591144560813564,0.006993571263220396,0.014373175046055332,0.030567949151609725,0.03956403499565096,0.03160092602093931,0.022775167114882044,0.034533716165219316,0.027128976463663867,0.01814193000419618,0.00851505928677333,0.025787764601591497,0.015337419234687654,0.04103702527485046,0.026357449981325578,0.032193183735232035,0.012685358406566746,0.0051583856948911756,0.016616244090761137,0.028105807407943616,0.02957003789539901,0.01933711083675027,0.020435073460144434,0.017808797825843412,0.04496476030304758,0.035204921031483725,-0.0003283056979425213,0.022531236264222414,0.032851947046470424,0.03277343208765901,0.01548390608866345,0.023658286778633162,0.02699364557996884,0.06247195139674832,0.011821806213727623
0.012392871523070444,0.037719638553788515,0.027070984060150453,0.02556852721048975,0.03238076609719518,0.03012389836716881,0.010211616510783983,0.006758837469746131,0.01672712186301309,0.0243478361854079,0.02733387288039878,0.02181158970715337,0.07101354654138418,0.025850592177314145,0.018347587996265617,0.01149368235413901,0.005666046501923968,0.010943433418783007,0.07798893954501075,0.027095132719351996,0.14759075190107393,0.0034549423877005925,0.0202050163999849,0.020379558748129332,0.021328069936088486,0.028833064600703964,0.016883624382050214,0.038729514406556975,0.030303038493570845,0.04859294702263286,0.02117508228440125,0.016952734338351583,0.019127896962633457,0.04327820988207057,0.0413613620584868,0.0350647008851117,0.011498829467540078,0.01647286305437426,0.02649999692114241,0.07031408342627878,0.040842122581096936,0.022580244168271573,0.03843284769800399,0.03794359425316207,0.019916817639146798,0.013849680945068445,0.01285021091673659,0.030090764438178725,0.06555676054050631,0.034204729974442946,0.04815597670481157,0.03462317690447472,0.0108043890796062,0.021860871410977086,0.03243643935136215,0.029618227807485333,0.035522051867592955,0.021147783742859198,0.026407946454040186,0.042228161920602296,0.05059492420607924,0.0008411871548222714,0.041358385609176915,0.017023698842880512,0.07974252877942034,0.0591557279681007,0.045441771736966695,0.0345459505253248,0.07413604215465783,0.023990765346513777
0.007554117052669847,0.0027052004765017973,0.003388105550121748,0.0052726797955657875,0.0077030979988132325,0.0014899553631785329,0.0026476576115040946,0.007642672183492539,0.002907486707533995,0.006589445529330545,0.00351333986778791,0.00815388700590499,0.01504881734814457,0.007385961565450117,0.0037155920482443362,-0.002463108937764672,0.004897241468833874,0.0038856519187005513,0.005621085774344175,0.006586641333558496,0.0034549423877005925,0.016635431031941296,0.0026455133308928842,0.00650135958693147,0.00680255499260169,0.004462353561120114,0.007038565255206755,0.00896516775472637,0.008313777107778166,0.006495723907375893,0.006022344626173895,0.005638640530537757,0.0023563416864344658,0.011735852693972766,0.010528437479957558,0.010191456906247578,0.004075392919306732,0.0023316924382956123,0.011194401838625257,0.014373562424436446,0.01026078536776136,0.007328171218340388,0.011696069322837276,0.004637591903305209,0.009070074256270365,0.0017648839223039204,0.01308717538485249,0.006469451781608151,0.019526116825245687,0.004206724530195215,0.003529453267023224,0.00543339982942608,0.003800841214116509,0.008325661757278934,0.00672553981039059,0.019093571193828977,-0.0036635696112834334,0.008450320434552114,0.006830719095251497,0.03088286432200538,0.018735063007741692,-0.0009660255950466526,0.006384790862000574,-0.004329633097279627,-0.004346054907910592,0.020637335890629476,0.001265994571421634,0.008686617347609013,0.016662952487594605,-0.009146692772792007
0.0057527522602279545,0.00787686392161281,0.01310609470522719,0.005367479821919521,0.011863849296824597,0.015101162976235207,0.011942796636042089,0.005825478602735252,0.010839876214633459,0.009661609819736627,0.014592362917632374,0.016164532548668606,0.02419950429579148,0.009382768519845203,0.008282874741269456,0.007799962653115075,0.004851687666734497,0.008415625263181738,-0.01073334779433429,0.0085947056421768,0.0202050163999849,0.0026455133308928842,0.07683557510783218,0.00789738874482263,0.008902245672832926,0.014988904399069409,0.011325354059613053,0.014128817543311953,0.008540457087599892,0.025768153040074432,0.009052148953743988,0.007087541508929098,0.022073912301178895,0.010448384350541825,0.022184044508937153,0.013689630339294519,0.0020596903897536975,0.005836216803899854,0.007427601517699382,0.01036508988968707,0.010923350774016006,0.010370760711923542,0.004395909386861272,0.022080255048125084,0.004235042068527971,0.008776268925343821,0.008528568276171553,0.006510846048956335,0.028533696125074493,0.011817742763460638,0.014615492735946468,0.01959825889962629,0.01184095367504225,0.008744170629451448,0.009635684209592977,0.006694720212368659,-0.003852407169191314,0.010913078265201182,0.023491377632873435,0.026626188493363793,0.02001935392402939,0.001958842989488086,0.012445342738121656,-0.009312787010662465,0.03312093905325522,0.018364526626677254,0.018199220140908003,0.013684457173020475,0.009972348217781812,0.020624551311622975
0.016436358333421597,0.028909535928119953,0.02525630314401291,0.01634169250785208,0.01896265674763937,0.035942131508676665,0.01588835382287452,0.015989062196140248,0.03038780882141895,0.0255674667578579,0.036486171688665345,0.01363790708836884,0.03492976332745508,0.01834755824330419,0.01263696142756866,0.018487881123359515,0.010822084218144228,0.01536230100121789,0.0817888823941872,0.017908570730717537,0.020379558748129332,0.00650135958693147,0.00789738874482263,0.11478932321747806,0.019906332481810195,0.023642624273882397,0.002063348643963748,0.03095028933793651,0.03538746221662664,0.010530170570519144,0.01157516379625072,0.025976013431163847,0.011878902982470668,0.025594129372293644,0.030598559529339216,0.03406835009654352,0.015001181454868584,0.019532870289519135,0.03183753654380764,0.012606988815431649,0.024928686954950284,0.026726944449431956,0.018338005443191772,0.01817740236912172,0.01781910465959964,0.02357989234312949,0.01847597033911319,0.016811886501144405,0.04352258286641367,0.02950674507060969,0.026478193104016595,0.023001098385120374,0.0052713506877138765,0.028523152587094265,0.017311040533832096,0.03574654270103405,0.0025004590981927664,0.02189882505116462,0.022027432070766705,0.026072658484393395,0.03061307318509971,-0.0007479758354701428,0.033709721646599654,-0.01133138734751948,0.020545502426188137,0.039444047979955967,0.03239731594794131,0.018221484231336925,0.047683119448951324,0.03066794595161675
0.019323306757840053,0.026395598761963405,0.02458707599377117,0.01834954777231606,0.020470719857571235,0.022591577946919825,0.015683660206285557,0.012322907044143381,0.016375001908181752,0.017294291903530424,0.022940653923036854,0.019760130957326403,0.045821074864380154,0.02113448996041036,0.019032766298732913,0.012638655037442251,0.007818077847098762,0.01750873957989766,0.04912399710241933,0.017479825451035557,0.021328069936088486,0.00680255499260169,0.008902245672832926,0.019906332481810195,0.04576953135971424,0.020469161010079593,0.019088356253452298,0.01900290518534765,0.023213640317649314,0.03789497770328641,0.016666121506847088,0.021570827923988418,0.01687061406473832,0.030635656323673523,0.030696143102694636,0.031013946003160556,0.010188738398357058,0.01670636320155112,0.016968366457910035,0.038143858300673246,0.038475323501790094,0.02311329465773078,0.020772956824761036,0.027783409292284577,0.024150322363098425,0.01578076603077765,0.02005153416856335,0.02081510520322992,0.040909956652796536,0.03382000004897307,0.02317654923171495,0.018416390192986236,0.00849048982095556,0.020313931527094663,0.021235674941474696,0.03482977787300097,0.018180610171189115,0.017423177460483986,0.023229945329191055,0.04349980355990162,0.03923983340518709,0.001512125630052405,0.03653206446083022,0.014558501044896338,0.027201048420446506,0.03967177476672525,0.03787641634311381,0.021883152329444332,0.03845413218085238,0.0201996452832477
0.016718715056620263,0.024924681779354342,0.02159296609218167,0.020384749883796724,0.014518175367365207,0.022107100031861594,0.005854696126486706,0.018265409762635722,0.013650345103021943,0.02721343342490217,0.021379617278746564,0.018105969780256338,0.05585226477463444,0.018982066290074043,0.01682015892243169,0.005240581737397789,0.0049940214198138655,0.007962716628150172,0.05807731477373052,0.019820928439456147,0.028833064600703964,0.004462353561120114,0.014988904399069409,0.023642624273882397,0.020469161010079593,0.12049450427860786,-0.00011740570541012765,0.023999373174332605,0.032228293718220995,0.03518518850695845,0.018742580510830692,0.02166663242453078,0.02051635510115655,0.03958418447737222,0.0346589390002302,0.034245567617926055,0.005106165438997181,0.01388160987038892,0.020263340109448812,0.03459477289453837,0.039821471416945566,0.012482539642679227,0.037107494991322744,0.03622955994744345,0.010808660482269791,0.011245600200035805,0.0005095718938279895,0.01771376930100834,0.04568005480481058,0.02755541403071682,0.03893988794546592,0.03513477821697496,0.0069466432843127215,0.021503944003800495,0.018581755710504032,0.046309328426492095,0.019895826696502576,0.021616055795303693,0.02826510088723571,0.042411489849264114,0.04425511209978208,0.0009769818487672026,0.021746084422814425,0.022125401906746632,0.09746668522573651,0.034072809938095,0.04576419825213574,0.030574543583233388,0.027975934253786177,0.027312780577315898
0.019164418194063778,0.02392071178903853,0.018875849440208686,0.02038397514202198,0.0190301561739293,0.00531357053366192,0.008847718682242487,0.005686957976153817,0.021583544367159993,0.01669871112422992,0.017054047774456575,0.01703282896013943,0.07650306997175581,0.02616588310980959,0.03241296635704973,0.007435425859407034,-0.005624341461688138,0.006318497194221959,0.09774309114857853,0.01697025493473793,0.016883624382050214,0.007038565255206755,0.011325354059613053,0.002063348643963748,0.019088356253452298,-0.00011740570541012765,0.27448072629472625,0.008875714893579427,0.01766410092410828,0.05384554472977273,0.02152270903235211,0.008859431791729315,0.034740791198124794,0.05793042704637515,0.030069292478790054,0.02758707762729934,0.01040148546464694,0.011477822016517931,0.020293815180522073,0.07122730604935117,0.03470165693027509,0.023564998553909578,0.035440646703396916,0.03967056101817311,0.014010484315471684,0.014151169508942537,0.020934824798726805,0.046694688399463356,0.0686380327907875,0.02666375807778829,0.04790438672909114,0.012963426981129083,0.020331632425038063,0.02055755211151079,0.012239025302037779,0.05399730320011194,0.04664969721821838,-0.0022112371329079724,0.01763047957233958,0.031813708238568154,0.051658336286331805,0.0026729316536750077,0.03583997427340897,0.06318823106705772,0.04346454124922455,0.12927561928300577,0.04922447778803683,0.023021816991034567,0.08520995330458143,0.004653466784819788
