0.12692959370626203,0.020086554622785566,0.019326969606263733,0.039988135344461925,0.02631195053157549,0.04844269976947641,0.029786518383918346,0.0009876888486057209,0.05627541581016607,0.016003163914376936,0.01553075417918627,0.00505904141830462,0.018478164140424566,0.035198900082712696,0.027697396945805832,0.03185940855317586,0.04649174483470655,0.05557560433208306,0.022829684424476478,0.03250847625800709,0.06314306228901655,0.008602941950927473,0.016236265840127214,0.018408017344282754,0.030381798799785354,0.03318689492780973,0.01893922746085666,0.02389971224567149,0.06525475025408779,0.01121162108155085,0.0303703177564227,0.026524415363232568,0.049787519124115324,0.030907430760603424,0.046252004376122154,0.021702963706099913,0.04158700579425073,0.025318737214049536,0.029838610021071174,0.07477725913207826,0.04502961145459524,0.024552543838279848,0.01139313592038775,0.012839635565515215,0.005075203686359108,0.048292251593396944,0.0285921759587301,0.03142559879941325,0.04281314685613624,0.018562767734257076,0.02197150746204803,0.06457146905212265,0.017805989106795282,0.027450387088882124,0.024341958154818287,0.01916669844082987,0.055575009194240785,0.026440828484814764,0.022266229613520833,0.01321208565926873,0.014863033287304057,0.0021234402050383824,0.04004170549065874,0.023027370195425237,0.03628194456513753,0.02545003389974905,0.0015806709226278796,0.07811947793278637,0.03636025558803004,0.06485239755606827
0.020086554622785566,0.07164379888442748,0.00963091591115604,0.012943473871310958,0.029414341112808672,0.02733829390474219,0.022721257619280188,0.0005222166828578636,0.020137124105836002,0.011806752962254316,-6.670297269833689e-05,0.007978077326201838,0.023203616622431984,0.01638934578797368,0.012670774084790698,0.02354573437041799,0.02354935544168713,0.021853546373007213,0.02375431811230615,0.039307715487892046,0.03699239850192334,0.024206658174861447,0.010622395110269979,0.010073445272779891,0.007696312289627736,0.019527453174457282,0.014978765480203254,0.025665535505290944,0.029951938509416715,0.013108044315082498,0.00864551417354021,0.019583198704762064,0.025170798087215545,0.01753265653558921,0.011248611432401707,0.011865529561326284,0.02460453807411128,0.013088396959077715,0.017436714481151173,0.03348483282858588,0.02695502695219817,0.020705619149503512,0.014252161370920014,0.006346536262305699,0.007998474763138341,0.01878237008135464,0.014782216590650245,0.024108780131105265,0.0313978396670078,0.023044634066843414,0.027351566874509223,0.04154303009294757,0.004832824535171312,0.017214443991585626,0.01368283863206511,0.016056350993806857,0.025681275753356457,0.01827884713168917,0.028216784412039547,0.011054573906441567,0.011746056246797245,0.002617758717910512,-0.04069956091963029,0.020816287620193545,0.022857373893820074,0.022285567378786605,0.006310165261280361,0.03459909599717115,0.01968212701065938,0.025901714321913842
0.019326969606263733,0.00963091591115604,0.04303515879267067,0.025715422463709833,0.024144637823055162,0.023976999602821458,0.017318820773927632,0.0015697394719521244,0.029464484400809544,0.014340268933314467,0.0012147460081148116,0.007826606281514785,0.012544441971881395,0.019387195867870407,0.023163458054923803,0.031176088589323223,0.00904565246023229,0.03538677908318584,0.02428090621170269,0.01833568301639049,0.006549616999145517,0.00980819846445332,0.012017889945716908,0.017175258730938666,0.014351674826813909,0.007723406590798299,0.0036039842542758722,0.0146631712826558,0.031992509214554675,0.013432295690310988,0.017348969951217055,0.022455296541141662,0.029938105332949033,0.011561717469935099,0.030573201834196498,0.015373842799131059,0.023586509135439953,0.01574455494308223,0.025741044905227186,0.022927982800121507,0.013403457450808336,0.012580543677328717,0.0060782365842861705,0.000990523164081778,0.01355445201550257,0.01716398121843847,0.020613084423816073,0.015410942061903278,0.014356116126306422,0.013490896258435926,0.014507571742971622,0.03650977510418533,0.006287757121702984,0.010237388132166979,0.013587810226225893,0.012370697663461336,0.0321597581964628,0.015167276642607764,0.016190699983775595,0.010901904568785165,0.007804741287957541,0.022810637631139136,-0.004048052841813679,0.011429518076544626,0.009796945422188091,0.012601929874855778,0.0064083097670207855,0.027899862531643373,0.017614296422557112,0.014374940835141115
0.039988135344461925,0.012943473871310958,0.025715422463709833,0.10306157943607441,0.03521741073494427,0.048606803853610686,0.03764872409152639,0.0015271363310718179,0.04376782290695061,0.023104673963398697,0.013371262549901421,0.012536344356585087,0.0258064026395522,0.0356562471789328,0.03398326963760687,0.06265545052854259,0.06033623158686768,0.058457808137539764,0.03131446878803031,0.04144301705088262,0.03763711452191299,0.01840834378484742,0.02392145899323206,0.027861864644506545,0.02037761510461813,0.02894125105488726,0.015945355063851113,0.02919377059077409,0.05916459604703963,0.02444033158692123,0.03782426339223699,0.04145028149569446,0.0534006154800807,0.022395779818378078,0.05814341838912392,0.02791792818086861,0.045859790525804044,0.029486039101445417,0.03285174537031142,0.05544464606077762,0.03400858695579426,0.030946760829437325,0.017665623843108585,0.01235459006381337,0.01248736862598,0.04165147633578788,0.02957899486592684,0.040305167443662734,0.04532181412337979,0.026711507349869237,0.03277151039458058,0.054605466533113774,0.01642066312296676,0.04244668599795256,0.025123371764509295,0.02531098421433014,0.06736467097326164,0.04591515969006223,0.03151259291624538,0.011738210028009404,0.018095041782191557,0.02500792989259515,0.08563841549108532,0.02943571776197867,0.05069340848439389,0.040808953035456,0.009769682030318038,0.08526203367863198,0.036721587774493344,0.09290294003806235
0.02631195053157549,0.029414341112808672,0.024144637823055162,0.03521741073494427,0.20354571472905636,0.034364723954940855,0.03162850008856052,0.0019121779805649343,0.009936885027135084,0.016666544610019873,0.01360223551669274,0.01826023685766118,0.027637735474718733,0.0579626797331678,0.0382245777429281,0.0505789116138926,0.0639594814307101,0.068040362675708,0.037173236962942675,0.02954146872269607,0.033014573624288585,0.02324367763485532,0.020130998056599396,0.025866055516082,0.02843505656695501,0.027597102098739574,0.019789859299330536,0.03694157992012887,0.07803355248764607,0.037660273660995745,0.01808692900495988,0.06176841923757639,0.053153222019672174,0.040073496201181134,0.05170990507258094,0.02226389587889703,0.04847278833966886,0.023392596976492472,0.04061822683231536,0.059973853786429394,0.04505378091228211,0.01722898763636292,0.016739439453266298,0.013222230039561897,0.011018808526325733,0.025315596971449986,0.025833206945894863,0.05494491722381349,0.041270834571521725,0.026763429870553593,0.03584734804992645,0.09199645158197409,0.016184118901948215,0.028241435957269218,0.03922754502672819,0.022231689066380674,0.059130660391519464,0.024081817304337064,0.02556363466335336,0.019698128992044137,0.03641885187917438,0.03137595154110784,-0.04965910167949049,0.030703048759086086,0.03341890116223313,0.02446965126575949,0.011294039096897683,0.06389776375282032,0.03183457210570091,0.0787428897421647
0.04844269976947641,0.02733829390474219,0.023976999602821458,0.048606803853610686,0.034364723954940855,0.20222507955594335,0.04553020070924646,0.0010757244541743814,0.035423977907893145,0.025733887194837157,0.028433281190328747,0.013788571190996888,0.034968527952374547,0.014551723301935696,0.031519078661175884,0.07224722374896729,0.04613590285598892,0.08108538684802996,0.03627477005719502,0.06623171438081706,0.07784740457334383,0.03712889748616218,0.028158181214492036,0.02366273243927651,0.027722859109985506,0.03637539409618088,0.026611047086346897,0.039290478697676795,0.05418594520090561,0.03968020490153391,0.057362175193339686,0.12440503339159592,0.06520724305376653,0.04802086112060144,0.05552784737048161,0.02992480682743023,0.03335640483123069,0.043321316786738735,0.037227818571304465,0.11764839908124759,0.03934370688489857,0.0492771706645398,0.026733655363188197,0.016062269699213375,0.011769059490171369,0.0754359081976266,0.031162402548604275,0.04821336996592386,0.05286600586926321,0.055090983774527875,0.03991840876383154,0.06817149291960617,0.012104296414622514,0.04567545835315292,0.03252749735124444,0.024615358940484545,0.07407649381269144,0.044235593613454534,0.04715837059670079,0.024851434473023556,0.044259254345237795,0.004670693059008952,0.012741434151961807,0.033748223511471394,0.09091600665753814,0.04342948419190666,0.002753901992885031,0.10645332660285638,0.045724729270894604,0.09022719653579461
0.029786518383918346,0.022721257619280188,0.017318820773927632,0.03764872409152639,0.03162850008856052,0.04553020070924646,0.07475564135107353,0.0007772460188739261,0.03445150646293841,0.022129347975556518,0.010327502419761731,0.010539900559757615,0.02172870870599126,0.033088386809384,0.025711063971569772,0.06982570532770864,0.05566674975203498,0.05471392896417171,0.025165065251967454,0.05650558839279062,0.04325245973019679,0.015399454249972055,0.025593663401627657,0.019378390626529206,0.018011404448264726,0.025882850575521043,0.022954567152423458,0.035341747134304,0.05424791127875256,0.01756540756009722,0.02534333642429046,0.07791223108853584,0.049419790380564765,0.027892464209920764,0.04276311627406085,0.023473848202365123,0.03238701107393376,0.021401581409204916,0.029340765656521186,0.0671135254596129,0.0397136521460586,0.030734035520282626,0.017991550221127844,0.01181309056988744,0.009562850801865537,0.05510316089807794,0.02719069820307166,0.04176529291864841,0.045122871104370244,0.03400453361285183,0.03661610637323856,0.05441707304149255,0.010139448317966019,0.03929994684050973,0.03011810325832659,0.02381909658149524,0.0521525608154189,0.029765063671872472,0.04449960582055151,0.011337905668987782,0.026364599109924933,0.009523359057415096,0.025715027445529615,0.026423600262156805,0.04709962450096018,0.035805578047205966,0.0075846491069781405,0.07867497930103752,0.03713245089720022,0.05792585772451753
0.0009876888486057209,0.0005222166828578636,0.0015697394719521244,0.0015271363310718179,0.0019121779805649343,0.0010757244541743814,0.0007772460188739261,0.0005754443190898975,0.0009008793541732795,0.000679324956383042,-4.6218881256948346e-05,0.0005074158100607187,0.0007434962689696778,9.184589082483763e-05,0.0007222816532250288,0.0015611600103179394,0.0017451163787963247,0.0008617643886727787,0.0010043458985504034,-3.7836574448497696e-05,-0.0002969875997134375,0.00015032614548718631,0.0004378396831095801,0.0010725760152602314,0.0004675874673323235,-8.094977767769381e-06,-0.0001967539428760896,0.0010578669847648473,0.0009190199227483014,0.00023095339945102577,0.0036085866018424734,0.00044620388996618733,0.0013680375269195899,0.0005082626489752479,0.0019509272407454384,0.0005901874780772479,0.0018946987940213912,0.001113149555059962,0.0008644443796477143,0.000430847168986168,0.0007015295503594044,0.0004187873597402212,0.0004624560592734215,0.0005583670044823145,0.0009344327979550153,0.0008055720105596362,0.0017759129513272168,0.0013672356773726678,0.0013656333865744255,0.00030998270218138724,0.0005917624518971806,0.0019217807507410918,-2.3104078067405396e-05,0.0006673547242978321,3.7448718845553705e-05,0.001043953065722768,0.004794174051402474,0.0019064025634879648,0.0005250486108408832,0.001111635236709292,0.00012092706677956598,0.0006946240203741396,0.003426303989715014,0.0005474161044850217,0.0009234560089634642,0.0010301942252813456,0.0005630668132478967,0.002616226889423725,0.0010437517396934936,0.0013280079521371707
0.05627541581016607,0.020137124105836002,0.029464484400809544,0.04376782290695061,0.009936885027135084,0.035423977907893145,0.03445150646293841,0.0009008793541732795,0.2817986410116477,0.02558308752412058,0.024404859581496786,0.009195801019449426,0.03679958512956401,0.03671801857067984,0.0350040685039755,0.05837481471398076,0.07388490180930338,0.06468244706671587,0.041502052864142006,0.0510341257312309,0.042054351834170056,0.027074118660346713,0.023781092079276638,0.030193943215370504,0.05134927690485083,0.04584611513440951,0.017414665311196426,0.03553269795225013,0.07882078115428219,0.015582717806502992,0.03630787798808801,0.048135205050945304,0.05946087115367203,0.018792034662134808,0.07567538192108492,0.02344916550521282,0.03461597552871567,0.03395636859997091,0.07497450566660038,0.06595101059818682,0.011497283036758779,0.029308476979559,0.01919318033424804,0.0005522391088109983,0.018305967566417846,0.041095932361214345,0.04390234532716723,0.02098403927003709,0.04323881043194642,0.03729657937614956,0.03996512582096705,0.06659786266442226,0.017743384136379093,0.03953493698921632,0.045810842128918665,0.024343859531105263,0.06295295008180431,0.05844493686048423,0.030771711512561962,-0.004745043374051551,0.023229981240204985,0.016285052414822285,0.043886439631061674,0.03885611651600685,0.02249480594256207,0.02998894960086799,0.012769433726748195,0.06618224987381523,0.03630848545752357,0.06959321866318062
0.016003163914376936,0.011806752962254316,0.014340268933314467,0.023104673963398697,0.016666544610019873,0.025733887194837157,0.022129347975556518,0.000679324956383042,0.02558308752412058,0.02714114016951679,0.007216371380091602,0.009323342634842222,0.015561592292950552,0.015961242592129523,0.017212951041697462,0.02674576061885028,0.016838409695991704,0.01998671187978462,0.018534167585728508,0.025278721040553717,0.02208946683867846,0.016413313076012667,0.012235708342337094,0.012209720121111768,0.014275221809001997,0.010414566883458914,0.012325477806020241,0.0231949782679738,0.028047867400601372,0.01412468384998037,0.002959599600376388,0.021845017824787705,0.02127215874378256,0.006271106472431555,0.024214759808246954,0.013707932478972115,0.017380248088270912,0.015438341731060031,0.019947596332202513,0.03218013648264015,0.008400122428619278,0.018753226729155283,0.013760216283353348,0.006211512146361564,0.009394139025401368,0.024497737376141554,0.01622649650940507,0.01716421183616941,0.027200424971333303,0.021574770687956917,0.021622762410139825,0.023042306538891583,0.007329924135889302,0.018368838964806462,0.012333843502581737,0.01921826151042389,0.03349505584768319,0.013262680214060138,0.023957529236876496,0.0025516177275637817,0.01312607655345007,0.009023021558791321,0.006009034693202129,0.018900443985653624,0.02208630719850903,0.021337112932464205,0.004025584487011112,0.0376082039368763,0.0186410410897059,0.02928943968449401
0.01553075417918627,-6.670297269833689e-05,0.0012147460081148116,0.013371262549901421,0.01360223551669274,0.028433281190328747,0.010327502419761731,-4.6218881256948346e-05,0.024404859581496786,0.007216371380091602,0.11483066878040026,0.0007418733082628411,0.0038020517442571462,0.0022913983355524518,0.011157299781826906,0.020387714993505272,0.031783667403663465,0.022626383337995562,0.015683737476463747,0.011960538613730958,0.012818170969087982,0.011278648753022534,0.007882597858617906,0.006040255714704245,0.007248257402373861,0.00024003890687368062,0.005807883113431363,0.010139821083104307,0.0071787091587132545,0.010383793353737526,0.007244825006209103,0.008545769072482926,0.020346845705660057,0.014280852365118292,0.003895104195436206,0.004484052556866175,0.015659034946708485,0.01056894091463071,0.025748286696541695,0.02754828722888423,0.01856845800542474,0.015692871298763053,0.00023273650856288464,0.004972366113179562,-0.0033361682631543664,0.014843014408290925,0.002461576677803235,0.003348653139345357,0.022352444149745163,0.012485599613279736,0.010897345655390214,0.017073937913594982,0.0015658696982830908,0.010575785345322181,0.011205176411626173,0.008592362896328684,0.01848829456472618,0.01697104780107764,0.011771285513405783,-0.003534324474545221,-0.002172692409428648,0.004957888726091387,0.008062930836514591,0.014233477578499467,0.01662686189682169,0.014612232146284794,0.001905531668811884,0.030396574001477213,0.006313924847660375,0.028429791235199123
0.00505904141830462,0.007978077326201838,0.007826606281514785,0.012536344356585087,0.01826023685766118,0.013788571190996888,0.010539900559757615,0.0005074158100607187,0.009195801019449426,0.009323342634842222,0.0007418733082628411,0.030615515990334626,0.007188228792765142,0.008111111447496705,0.00810132235983395,0.007941331936699977,0.013286561072186426,0.010170839881652351,0.015078170671074257,0.011418065919362537,0.012858279618858479,0.01023925752115798,0.009209964835200183,0.011761293746959629,0.007162926558552062,0.006781719162738018,0.00861549689620473,0.012752350618115586,0.018329623402654024,0.01720152495756782,-0.00779213850572589,-0.005302882971856484,0.010826377406804363,0.008894506147290815,0.007846323196923376,0.006678445756378927,0.0052773528723389015,0.011048901492607633,0.016167374934217816,0.016854147944164975,0.01392362423504317,0.012137706872256357,0.008282651283983007,0.0047615500460434475,0.004363102120345561,0.005351066149915027,0.009557625586273301,0.019804671831187795,0.01254723314953202,0.0056447834092569725,0.01200156631156048,0.015241716334207733,0.0024131614329107836,0.007805141192383505,0.009013472934278814,0.008206083392072237,0.02190383845382712,0.011258013975667343,0.01167493407805586,0.0013078954068442138,0.014397862875663196,0.010537260517185497,-0.01868706564485597,0.010591573900846009,0.0066879302825186724,0.011544063362312023,0.004373909326121297,0.02068389986449239,0.00830436610973836,0.014902414931572735
0.018478164140424566,0.023203616622431984,0.012544441971881395,0.0258064026395522,0.027637735474718733,0.034968527952374547,0.02172870870599126,0.0007434962689696778,0.03679958512956401,0.015561592292950552,0.0038020517442571462,0.007188228792765142,0.06694090291084742,0.02804111898385662,0.018653646194165877,0.02893755510768463,0.034540427006407706,0.03332577060912414,0.022785800533501537,0.048729966097682605,0.03686554330720753,0.02396240169566034,0.012067440527744918,0.013569934135494162,0.01427923838214485,0.024301082873181758,0.023335188943033502,0.037822204318425,0.041628596843612066,0.0237282725883063,0.009991570666222848,0.0260132724305439,0.028200255116436992,0.018992525556283352,0.028365205175832502,0.01710797236583308,0.03492422536849135,0.014327852004112653,0.02570587212243977,0.05118165282980596,0.03518611478007579,0.02531624753329446,0.02428916125484193,0.007173996510033786,0.0095622400456422,0.023525553363868426,0.020053644088958603,0.035246546950176594,0.04044034183381812,0.026549603472554494,0.036277866635546906,0.04384485363064575,0.009043653909741073,0.02035138121230911,0.02418882595590319,0.01704017313075067,0.03743345654773534,0.02931232318034881,0.029326790583620945,0.0061934543904389825,0.01136405823436932,0.007058305846888946,0.021239546787806787,0.027585964095836902,0.034063143927016336,0.025196887983271955,0.005827727811785113,0.05446492908794069,0.010168547204741352,0.042031249702967836
0.035198900082712696,0.01638934578797368,0.019387195867870407,0.0356562471789328,0.0579626797331678,0.014551723301935696,0.033088386809384,9.184589082483763e-05,0.03671801857067984,0.015961242592129523,0.0022913983355524518,0.008111111447496705,0.02804111898385662,0.2945574730427637,0.038945754897304945,0.03006006716900133,0.06414396037001864,0.016288853432793366,0.03146468740087546,0.017638741048611545,0.04004258084055183,0.0058254642515536215,0.0169802508248914,0.023282547021174063,0.016766646369955666,0.023092361122390066,0.016686930927984192,0.0170221158289466,0.10326581911121151,0.036482753328813185,0.031923479025166936,0.015431587373327954,0.05118955739248751,0.05902137156425158,0.046694450385774,0.024432264203482292,0.05222282398105581,0.020247665171032266,0.043861778003325025,0.026696361143997593,0.052657129862980864,0.02582601981295046,0.00938000419842789,0.007751076579742753,0.004515364209942769,0.029454299088670494,0.016616437650805952,0.03253511726358828,0.02915588873881449,0.014645774028352912,0.03857939373271458,0.0966365623441459,0.018819452218461322,0.036578165275314795,0.02852922820729944,0.01442438709260737,0.05906323610314837,0.04331999413469303,0.01795018439964511,-0.0025892011240053582,0.04663378917606874,0.03329972578044038,0.008306197387463658,0.02665788880511492,0.03339084654707019,0.03475541368876855,0.009077145581670103,0.0690600553610992,0.036722827217286466,0.029537409845396514
0.027697396945805832,0.012670774084790698,0.023163458054923803,0.03398326963760687,0.0382245777429281,0.031519078661175884,0.025711063971569772,0.0007222816532250288,0.0350040685039755,0.017212951041697462,0.011157299781826906,0.00810132235983395,0.018653646194165877,0.038945754897304945,0.056601751865004796,0.04916827301135496,0.04354916705929033,0.04946169516404402,0.019397045442413295,0.026990561474508488,0.027057730050219306,0.017325111946488732,0.01430792759462896,0.01712405572288616,0.021102270069484595,0.014659867914826541,0.014312231285991805,0.028436496438857668,0.04856945297323282,0.015590058845155895,0.008797120488121894,0.03797868052286479,0.04138165731504753,0.016887285691568627,0.03474893605256004,0.020248847109069167,0.03306230980352418,0.01721897831679101,0.03149075092086812,0.05330335188320546,0.033588781558475826,0.02414148424496929,0.011936231418487084,0.007437176851698198,0.007006779405071164,0.032875202390460836,0.02417227974924799,0.019857676199891486,0.03281914841405007,0.014374335803398934,0.025828864801998936,0.04902193558931313,0.005440437407775908,0.028929312177041373,0.02264204735725597,0.01872449935920171,0.042508234547604926,0.02980907665673057,0.027555992639686736,0.005085879544674952,0.02630667757988223,0.019225903998365542,0.00256246836880518,0.02085692820065462,0.0370340496230778,0.027220295839084335,0.010145244222405439,0.05994018576520278,0.02672516161511035,0.04775637755638078
0.03185940855317586,0.02354573437041799,0.031176088589323223,0.06265545052854259,0.0505789116138926,0.07224722374896729,0.06982570532770864,0.0015611600103179394,0.05837481471398076,0.02674576061885028,0.020387714993505272,0.007941331936699977,0.02893755510768463,0.03006006716900133,0.04916827301135496,0.35929546273910234,0.11704863319193957,0.17453689164898004,0.03263950656635825,0.058837082242401466,0.06385921781905914,0.03743072177343244,0.03140185357439563,0.024287518653166366,0.04744956667854201,0.03975752273595139,0.017582642044374687,0.0466204380679668,0.07605453063375571,0.024060261464940384,0.053642739102833625,0.3364693854903138,0.0886931584549022,0.05430166478260293,0.06304460556731313,0.027057931023220714,0.026020310072965742,0.025733533426555964,0.03530331487123075,0.1357936267317303,0.10223330806161653,0.04500128500795687,0.0193597095934211,0.009263240700543268,0.014212205829890578,0.14702765205153662,0.0678495511231963,0.04069483128705387,0.07601786118445848,0.0415607244627354,0.04780943404469397,0.07802957449541181,0.0030073211036690385,0.07272303831437,0.028373551408147027,0.04550407348851629,0.12654930841931825,0.058041992032946986,0.07141428745626374,0.04448328815608465,0.031866991120795995,0.00654953720560884,0.1788623225233765,0.040129973947792975,0.1402512346826958,0.0597547275517103,0.012026634596192076,0.13515626866323902,0.07674365676915809,0.08986568558607506
0.04649174483470655,0.02354935544168713,0.00904565246023229,0.06033623158686768,0.0639594814307101,0.04613590285598892,0.05566674975203498,0.0017451163787963247,0.07388490180930338,0.016838409695991704,0.031783667403663465,0.013286561072186426,0.034540427006407706,0.06414396037001864,0.04354916705929033,0.11704863319193957,0.5124878547771308,0.09473584056411126,0.02821815929103492,0.06981607272047925,0.06614291764547996,0.038213313849796815,0.026347054977293227,0.03317817372850548,0.03159844129170521,0.044016371672960755,0.026686526809863883,0.02884566872900525,0.058621296138095746,0.016955006303696188,0.06328953499329848,0.11463005576223488,0.07036272116048502,0.019038299702621192,0.05430652203837917,0.025514875759709996,0.07727697071517453,0.0252076130389753,0.043010481073854606,0.08535457693466024,0.04659059999755009,0.03357373123153733,0.024172847079586442,0.017033645992428934,-0.0002255544989110215,0.06748616951214946,0.039648070345315554,0.052795186989579794,0.07166981433989167,0.03805550290439401,0.040670082939889524,0.11022455858404148,0.024496010631850994,0.05942196438226167,0.037192266483433614,0.032744529729578774,0.09364403095129543,0.07188053335325566,0.05297833671076773,0.01933148033193111,0.020480238484345575,0.007792570047242426,0.01927004523759097,0.05654391032314024,0.09072695363479,0.04620564508924432,0.005346712053820187,0.12034176155814347,0.06411425369200928,0.1796527619685957
0.05557560433208306,0.021853546373007213,0.03538677908318584,0.058457808137539764,0.068040362675708,0.08108538684802996,0.05471392896417171,0.0008617643886727787,0.06468244706671587,0.01998671187978462,0.022626383337995562,0.010170839881652351,0.03332577060912414,0.016288853432793366,0.04946169516404402,0.17453689164898004,0.09473584056411126,0.2924119467162217,0.036509846715518,0.05120552730955852,0.06911430837524711,0.01763822708810607,0.024316343963939096,0.030766420693713815,0.04405857381633623,0.041308127352379105,0.028551967220696244,0.044860062962375435,0.07213357187120696,0.040251482703625954,0.0723615995952913,0.18087858653465227,0.09490066347393214,0.039529664198057785,0.044552887984820544,0.033212190972614596,0.0559236142748276,0.02152097903953811,0.051521234745611134,0.13615945933516194,0.09618193984333152,0.04979620744107846,0.028731797358364883,0.020407481853680395,0.0069841666331363905,0.09892786553046598,0.04884936025576905,0.039947636862974346,0.07197208611832742,0.03852164079824129,0.05458699619917458,0.09339927723955514,0.010855776459335586,0.060377637243569815,0.044121069124647125,0.03717118871439077,0.07786347310812895,0.05907859430384513,0.06073168056113633,0.04721170183430093,0.030425993491786932,0.013074712054243395,0.07565298905954822,0.03172748846812669,0.07776421007632411,0.054854781193272,0.012671872279657498,0.1279388066984246,0.0699114837200291,0.09589067951990025
0.022829684424476478,0.02375431811230615,0.02428090621170269,0.03131446878803031,0.037173236962942675,0.03627477005719502,0.025165065251967454,0.0010043458985504034,0.041502052864142006,0.018534167585728508,0.015683737476463747,0.015078170671074257,0.022785800533501537,0.03146468740087546,0.019397045442413295,0.03263950656635825,0.02821815929103492,0.036509846715518,0.06873411785651273,0.035946907779730135,0.02867614597716365,0.015684793093717203,0.02306721909639766,0.01851651546383559,0.020511316595855103,0.017122330285310683,0.017780121617983025,0.03100798506189958,0.03353472389999556,0.022830756911346006,0.024831412216219033,0.02821026629192529,0.03787121604835174,0.026895968051204814,0.03710001354830337,0.01842800709952155,0.02295220851299243,0.019486621422262842,0.030482169577538798,0.033856072338000025,0.02304335809240364,0.02462514969299958,0.014812267951149987,0.003233270328245814,0.020587213813739822,0.01749551014687925,0.032280821865709644,0.02924686850223609,0.023883376245070004,0.028570695521542535,0.028194469932383236,0.04596993884846926,0.007384556841616593,0.020335824298231702,0.027542305637782562,0.01766041416369169,0.04545088252647114,0.03016333368363421,0.027602975572669997,0.011365815407810516,0.0162967436872719,0.017939479018488743,0.009310518029333428,0.024062887967129593,0.031023791669984042,0.02217957985194938,0.005802315347725856,0.029210865459551424,0.023648943195236968,0.03165575376384484
0.03250847625800709,0.039307715487892046,0.01833568301639049,0.04144301705088262,0.02954146872269607,0.06623171438081706,0.05650558839279062,-3.7836574448497696e-05,0.0510341257312309,0.025278721040553717,0.011960538613730958,0.011418065919362537,0.048729966097682605,0.017638741048611545,0.026990561474508488,0.058837082242401466,0.06981607272047925,0.05120552730955852,0.035946907779730135,0.19311977783942907,0.06247075655233012,0.0335229269590945,0.020296367973205054,0.015590019151658972,0.02490514930695804,0.051657575510477845,0.03619401263886639,0.05180132543072256,0.05696025856722605,0.021186520245074895,0.043748717792673426,0.06522960208987007,0.05108205615931536,0.040611275790390734,0.05132143279213215,0.024702772340913694,0.050868663460553014,0.014753445231401404,0.04392114888500511,0.08859530388430241,0.06812373044918002,0.05059610547644225,0.029258978145268816,0.015301763600911738,0.01160714576112747,0.04879066410762611,0.03299885417917851,0.0480760273546674,0.056947117720575056,0.06239852305726999,0.04912040495979865,0.07340707633066224,0.005764062608575004,0.037313581061564564,0.0455918599327434,0.02416114253182565,0.043292073241804806,0.02695245452194985,0.0548459475135017,0.02050464599418029,0.022776909900940265,0.003109563493757389,0.023386343746489006,0.042837464795211354,0.061520647624464915,0.03591985702076605,0.00918799335916052,0.07258737270939435,0.02779048666385131,0.09051807508291536
0.06314306228901655,0.03699239850192334,0.006549616999145517,0.03763711452191299,0.033014573624288585,0.07784740457334383,0.04325245973019679,-0.0002969875997134375,0.042054351834170056,0.02208946683867846,0.012818170969087982,0.012858279618858479,0.03686554330720753,0.04004258084055183,0.027057730050219306,0.06385921781905914,0.06614291764547996,0.06911430837524711,0.02867614597716365,0.06247075655233012,0.15696471226153721,0.027051478476714047,0.017143799799565738,0.017885146094338788,0.04772328698272873,0.022647469978532904,0.030208078478483613,0.04685914994656632,0.06325656744636031,0.03039449351361383,0.04447799398996971,0.0829210180408614,0.06014181814603301,0.03517782739064958,0.047107786085266085,0.022637526036150254,0.032794612586801476,0.027557397031219538,0.03638946169582651,0.10987506590847708,0.05165578531846453,0.03973824081283229,0.024145309326779395,0.018616438132582822,0.003093194397048093,0.06825160851513559,0.03281401295460292,0.04791450800345806,0.05647866001724084,0.0479117548022683,0.04598904206820909,0.0715725090777258,0.010352776213988788,0.04229705880075256,0.04129521065280269,0.02807018793255445,0.05512971996595246,0.046732758359452585,0.03939227839895543,0.012666354062728891,0.03992621349120201,-0.0015342215038870641,0.05674826894632102,0.03501088708132605,0.08255025670055423,0.042923323593912585,0.0030225166016979318,0.10058810234320785,0.04684799708418854,0.10474438202401708
0.008602941950927473,0.024206658174861447,0.00980819846445332,0.01840834378484742,0.02324367763485532,0.03712889748616218,0.015399454249972055,0.00015032614548718631,0.027074118660346713,0.016413313076012667,0.011278648753022534,0.01023925752115798,0.02396240169566034,0.0058254642515536215,0.017325111946488732,0.03743072177343244,0.038213313849796815,0.01763822708810607,0.015684793093717203,0.0335229269590945,0.027051478476714047,0.0969344747727551,0.01369256923589763,0.01315418305467092,0.01228290666438042,0.02416316772481958,0.016069152920164007,0.032005390620278525,0.02615844387467842,0.015827198412722118,-0.019424566967988773,0.0545832930752532,0.02825106779129318,0.0166090280432367,0.022332441218746325,0.012906884754718597,0.02683989476820043,0.016984261973625767,0.026339425285541708,0.04418184253718527,0.018498334722613332,0.028766010155699892,0.01993851608555339,0.004631448096050123,0.005674926872186474,0.02778095072806993,0.014178757037259068,0.024657341843443082,0.038714926214748716,0.024180522039421976,0.031167129367560928,0.04102345167000153,0.008377156685211627,0.015948251459136323,0.01372991648136655,0.01896721226381426,0.0210616261641204,0.02455993981436691,0.033162243030050775,0.009248340196071835,0.02314413579502984,0.007567032630835039,-0.011173226629587727,0.029711680214137462,0.0323459522517551,0.023703127224443784,0.006076774610059908,0.048501230475088086,0.014700431529466594,0.04256467763262936
0.016236265840127214,0.010622395110269979,0.012017889945716908,0.02392145899323206,0.020130998056599396,0.028158181214492036,0.025593663401627657,0.0004378396831095801,0.023781092079276638,0.012235708342337094,0.007882597858617906,0.009209964835200183,0.012067440527744918,0.0169802508248914,0.01430792759462896,0.03140185357439563,0.026347054977293227,0.024316343963939096,0.02306721909639766,0.020296367973205054,0.017143799799565738,0.01369256923589763,0.05382705545066083,0.01604899773660642,0.017455287264961195,0.011837219411449438,0.011985983891271784,0.021495085607289622,0.03224489972587163,0.013382652798736558,0.0055376417641766675,0.02778815153672306,0.025388056637248375,0.015032656815400657,0.02991183356534457,0.013622357240905394,0.021019039461534952,0.016106903890821245,0.023764223311931138,0.02962817169737494,0.017918721779456658,0.02378035600653723,0.013862086097075519,0.005052518524643796,0.006493477061799462,0.020627686266893916,0.01671280662000711,0.02537726913291832,0.027570490579256982,0.013560152171566687,0.023018416125187444,0.018863401393238662,0.005821927890339293,0.017622548993739346,0.019795464182194952,0.015512350139037366,0.0373564197666192,0.02461608928925707,0.025764436839604683,-4.223749210817472e-05,0.015371401359217156,0.009949214682954151,0.0045848375564583165,0.018331107393877995,0.019906077370873458,0.020147998836869616,0.0019993106939607663,0.03560216105404443,0.02202394600599142,0.03552637359615404
0.018408017344282754,0.010073445272779891,0.017175258730938666,0.027861864644506545,0.025866055516082,0.02366273243927651,0.019378390626529206,0.0010725760152602314,0.030193943215370504,0.012209720121111768,0.006040255714704245,0.011761293746959629,0.013569934135494162,0.023282547021174063,0.01712405572288616,0.024287518653166366,0.03317817372850548,0.030766420693713815,0.01851651546383559,0.015590019151658972,0.017885146094338788,0.01315418305467092,0.01604899773660642,0.03479960181682723,0.01131094196766507,0.016816348319667107,0.00915928687012746,0.015074610510169135,0.03712202730689537,0.020208422405032525,0.016732756260099787,0.025741715782683354,0.02932188391287748,0.019651698536429146,0.030202025569142442,0.01623448694335423,0.02809753111894094,0.029949651470239425,0.02085041823108124,0.025072455659490307,0.01926636803719408,0.016896267759489433,0.010418050539957018,0.00623197576119595,0.005325998299230738,0.013889860303860673,0.01891536220931566,0.01795488342156877,0.02276183035403308,0.01137359532552006,0.016956856993993637,0.03167533443246119,0.009227738607962591,0.01988479126864052,0.01515985253227987,0.012895249817468387,0.03223556741458985,0.021445225509570502,0.019856406754183556,0.004550734455910013,0.00922097697136947,0.013870305867927882,0.01705023603051321,0.017580364016358374,0.018813076473059364,0.02056087071920638,0.005486745603215383,0.03935516824626743,0.019134876089113094,0.031454394916510954
0.030381798799785354,0.007696312289627736,0.014351674826813909,0.02037761510461813,0.02843505656695501,0.027722859109985506,0.018011404448264726,0.0004675874673323235,0.05134927690485083,0.014275221809001997,0.007248257402373861,0.007162926558552062,0.01427923838214485,0.016766646369955666,0.021102270069484595,0.04744956667854201,0.03159844129170521,0.04405857381633623,0.020511316595855103,0.02490514930695804,0.04772328698272873,0.01228290666438042,0.017455287264961195,0.01131094196766507,0.07496537610083626,0.010727090517204873,0.00942977943134803,0.02576787958097452,0.0458295570587912,0.008231448469482799,0.03324854492790157,0.04937400452993975,0.0356561296432839,0.00520599493283564,0.032960352170779944,0.01193839476014377,0.021910626453002714,0.014349854184246627,0.03927023719866581,0.052273114752920145,0.013244836816471765,0.01967396669542987,0.00779605522082173,0.0028061160507033877,0.0066854918533881345,0.029826428750136427,0.027762131968673116,0.018084873166435526,0.025016415496622663,0.02106961725816697,0.01992545398763072,0.0344835889922269,0.00769105313810301,0.024413079334790404,0.02994356653540759,0.016242473178416067,0.028969374896201786,0.0262762424093903,0.018306345291429212,0.004447007669421348,0.022791628929174784,0.012151030570811483,0.011475921272582044,0.016359791109546273,0.03482613336145918,0.017154541222978,0.0018200203494583562,0.029875675934926557,0.03264355455619821,0.05449521122107488
0.03318689492780973,0.019527453174457282,0.007723406590798299,0.02894125105488726,0.027597102098739574,0.03637539409618088,0.025882850575521043,-8.094977767769381e-06,0.04584611513440951,0.010414566883458914,0.00024003890687368062,0.006781719162738018,0.024301082873181758,0.023092361122390066,0.014659867914826541,0.03975752273595139,0.044016371672960755,0.041308127352379105,0.017122330285310683,0.051657575510477845,0.022647469978532904,0.02416316772481958,0.011837219411449438,0.016816348319667107,0.010727090517204873,0.17672403873912526,0.016592619529982627,0.018244133227074178,0.056281457311811625,0.0073054179709501335,0.019027940253513554,0.0785322368989991,0.0361091359525109,0.031734059428379896,0.03783824730734441,0.02101913306262347,0.03225576051352664,0.014337069802395006,0.030002817152428963,0.06579561488573782,0.041555834537507906,0.0285985242095868,0.02277971691178945,0.015087829845795027,0.008855173255421624,0.03428313265850091,0.00861290986336407,0.03713598638106155,0.04057214837998951,0.030118557953634335,0.016284370976919565,0.04743832778038811,0.020507004786879904,0.02628493300115872,0.019354282871394672,0.014232920315697216,0.04263968531452412,0.02038724093557734,0.020757137941168454,0.008506886515695694,0.010478046562622563,0.013017980371063395,0.050339900263083284,0.035386977598995555,0.0369779303357911,0.01383465685723092,0.0014819296162597742,0.027544425195427966,0.019791944377105502,0.055886380644948525
0.01893922746085666,0.014978765480203254,0.0036039842542758722,0.015945355063851113,0.019789859299330536,0.026611047086346897,0.022954567152423458,-0.0001967539428760896,0.017414665311196426,0.012325477806020241,0.005807883113431363,0.00861549689620473,0.023335188943033502,0.016686930927984192,0.014312231285991805,0.017582642044374687,0.026686526809863883,0.028551967220696244,0.017780121617983025,0.03619401263886639,0.030208078478483613,0.016069152920164007,0.011985983891271784,0.00915928687012746,0.00942977943134803,0.016592619529982627,0.04110904991538273,0.029867822000856397,0.0326828728475992,0.011140808588912008,0.0035461490720062744,0.018497757760278958,0.02350707141109513,0.019931970811529,0.014198444986960247,0.01059632652399856,0.022561993077162844,0.011231532132999843,0.01842473171399489,0.03716754824450959,0.025581218195330283,0.025083761885148728,0.02017958574532583,0.010272800054768924,0.0013908490435649641,0.014914225768398244,0.012275583610568725,0.02609482727084115,0.03955713616232746,0.02252035584080848,0.033144159364034226,0.029949840728116416,0.009798064685283435,0.01941132963408055,0.019337520542586854,0.014650842555980875,0.010465254870326918,0.018994012367661385,0.030162132400926776,0.0022048256330890817,0.01983830494197908,0.004745042569206731,-0.017893778126608376,0.027807912082804268,0.02523784526550203,0.020969880459692673,0.0017494979167861923,0.04321811629780282,0.01492583731911654,0.031485996674280745
