0.1283284389247743,0.02048722413535188,0.022521277397015673,0.0570756036179674,0.026406178420366945,0.03754623369149806,0.018641529565260037,0.021511489371309738,0.022394462283723056,0.04823358272130247,0.019935909693863624,0.013707096849196541,0.0278141216919857,0.021845788526230096,0.005247395043936833,-0.004641561870172305,0.015282880471801407,0.008238318095662582,0.03792647410021785,0.032307198368058815,0.03280484356139104,0.03682015733041092,0.014590946782566594,0.02424926457307164,0.049844804015313715,0.01724497646696846,0.038205985978392615,0.02040123798258585,0.01827823702971038,0.0201866914331915,0.030880054392419858,0.03533596705278866,-0.006606305169005309,0.02766351390399394,0.02021566194923749,0.0033058238316619917,0.020278245095436166,-0.008226782625939146,0.015049582761175753,0.0313083681028451,0.008672747281877837,0.021103131338235975,0.01919995229433655,0.014020186278254873,0.04988317816121298,0.04179318975918757,0.02711620280026479,0.05987203175113715,0.015441686492024069,0.041305443081824426,0.023050691453033224,0.01990885892081629,0.011246906276376171,0.021755063438381204,0.04268110370671433,0.03657163370397097,0.018866220136735543,0.033472556152896606,0.0681404187969844,0.024950495079355137,0.004340968627818535,0.01968414198415787,0.045323031225724585,-0.003006119611648758,0.00021617243909690585,0.02739325290660607,0.019274825768034274,0.012835435068856465,0.06708121254692294,0.09546686218189039,0.06566117023948903,0.023162546597807632,0.01854557233129128,0.027848897560070005,0.025938380200118835,0.0215534638621328,0.028935232439548247,0.046644605504362655,0.01888556331691199,0.057303639672624
0.02048722413535188,0.05843115461010089,0.02599416584043004,0.02512718676583093,0.025403034485084096,0.04952506237618607,0.006258985875895565,0.030607099014959845,0.03454973417560825,0.02929657518653697,0.023819313508625373,0.016464370969399997,0.01953905826695975,0.020569515936429254,0.014820057012414626,0.011872447627756463,0.028476397406390533,0.006815560544998916,0.04853346316972408,0.03152626353607654,0.05730061952530631,0.026431190145260713,0.022706323878257835,0.02190279211432306,0.026906073511356845,0.018577744551576264,0.038034892217740215,0.01702566545788093,0.03066010944462611,0.014571586574892161,0.016157921670245923,0.03795993012512806,0.008166820298836381,0.014037108274118281,0.020840966108187663,0.024059608365583202,0.020819299744806816,0.01733046753667855,0.020281889664126432,0.010459278951171273,0.012039211522183372,0.013836407352206016,0.014177769949198412,0.02624169616718887,0.029766456219961206,0.043761669564449615,0.03618216481480594,0.08300888251821734,0.02984951483148253,0.02446824548505315,0.00831818348036712,0.03182490053652728,0.030226818263528854,0.03031921255945421,0.02768612222923233,0.013911777507558717,0.025961212435398544,0.009584838161334291,0.04222796150381544,0.015179782412337271,0.031033635659270812,0.022617835028052518,0.057088652610397264,0.025080593904991927,0.03530575037199414,0.008556983380387231,0.008234885715554332,0.0029660454808537982,0.04676259029362246,0.07028161248182052,0.07956930895008221,0.01338617257886608,0.017679359730965613,0.019152725117900525,0.013175165438528489,0.04051611969552918,0.011014164502336428,0.03216084714028554,0.019022064639023104,0.016799502059183125
0.022521277397015673,0.02599416584043004,0.06664713912467941,0.028078413915287936,0.016337968513912723,0.037075024165062004,0.01833209302689992,0.04084642463562804,0.029810561391917945,0.03753417990412589,0.025554667614350674,0.016189422698396416,0.01821767753200651,0.016540062955212806,0.017746476599920458,0.006886911076514682,0.023697599830589684,0.012179168593347474,0.04243746612521462,0.04287459347809407,0.05078443226386425,0.021832097963580363,0.01959698237398158,0.026715380855444577,0.03380272570265408,0.020832378902066222,0.03249021658186225,0.014913824431272628,0.028874717444826965,0.019073573889764925,0.021400805239070505,0.0375239133661207,0.05118364964295159,0.019148017534508902,0.018583776606561034,0.021035682809201216,0.02298183905029516,0.02832110027850927,0.016413817445502767,0.01172055709012014,0.01459919707280626,0.02170491549855964,0.014034811266069236,0.027433480051745875,0.04079116010680535,0.04614416015395175,0.02794134318067136,0.07883417965926451,0.024497890792929272,0.030860717761730307,0.018560755238393508,0.02330996152761432,0.027748022206513928,0.03309774108983838,0.03104793172475238,0.01841253958474276,0.031753711524413336,0.019649241249170474,0.034485837335072496,0.02987638889631202,0.040648153952422356,0.0248012805428358,0.05225076569802284,0.034012619510129086,0.04360745325884442,0.017483402071373,0.023769938568800063,0.0026044852865867952,0.045032381546581214,0.07974083998896142,0.07686349497626972,0.01663871160926491,0.016972571920452765,0.011137763286504192,0.03192080184868756,0.03308779481286207,0.021512192284765443,0.023150340493009066,0.02021194555089777,0.03612485901411268
0.0570756036179674,0.02512718676583093,0.028078413915287936,0.08144832171555294,0.03388614255897976,0.04136883209249936,0.012754324809787693,0.031166142385700955,0.025321657539289767,0.03991017329460075,0.019125373431267224,0.014790515003236122,0.023141389296330674,0.030992928225510388,0.006901431594233389,0.00424182428203403,0.019936876810224494,0.011326258333385832,0.052341277161866595,0.0318470744748186,0.05489350408012913,0.027497119915499583,0.01880390979154427,0.01865100988752968,0.04215126134888821,0.019021849411814732,0.030911990698647862,0.021497683361372217,0.020556369353104273,0.015560279101596476,0.027596779117658725,0.027789666448236855,0.002805907490904261,0.02435134896763538,0.008327224268440145,0.017616841625546324,0.020414342616937187,0.008715317093530956,0.017123060707498524,0.028378833182980904,0.009948189036460045,0.02085899640521882,0.018191767611309428,0.026339614392199402,0.04550712278180788,0.04272368596946678,0.029777516431940897,0.0749145712632982,0.022585020051031808,0.03378729421255957,0.021352814932145282,0.023876703585392223,0.021337793833363903,0.020588749254798377,0.0366225940066973,0.02845785366323484,0.020692023801261342,0.025087987217435995,0.03811557789005772,0.013169792850801854,0.02164709913120317,0.01873562862155336,0.042077943424910044,0.027468208961566813,0.026249264220578012,0.02250564411699987,0.020151418305501965,0.0021832636140241986,0.05695286778174768,0.06968444078855793,0.0631668240381446,0.02404523907129275,0.018851753905495552,0.014541541061731176,0.024020869730580898,0.029736508841977313,0.017449512753884684,0.034908625045653084,0.018563236911315062,0.046232964352017944
0.026406178420366945,0.025403034485084096,0.016337968513912723,0.03388614255897976,0.0945310053837866,0.02958200762406821,0.006609938615791036,0.023746311661456205,0.019719707518794285,0.030772462499919224,0.008976524253680286,0.015410372565010964,0.018098449961886014,0.025331900398835348,0.004940017018629034,0.0034499729906027296,0.026745437842486914,0.011628403681393968,0.03149019817889908,0.047465665465211686,0.03536004292860286,0.025282507984569855,0.02460251083832716,0.016323643830156855,0.01883214472009332,0.020285310182027817,0.021219926524758362,0.016656722750351485,0.027771149490285255,0.01870022132979499,0.01976092431988755,0.03811466222299224,0.0028277107914896453,0.016608277228457407,0.010142094360729943,0.03231801949503169,0.021482858641505616,0.026332853098337605,0.02092160049913647,0.020805882308782504,0.011643526993405234,0.026091893320691773,0.018168019969988767,0.04174537330254058,0.012130108406153852,0.0440659945742526,0.029026200971920477,0.0727847812621302,0.024014569540753587,0.020161934306492293,0.01065197324985709,0.023413491726131774,0.01680882442291419,0.026588190248614623,0.033089581267475306,0.012100344745635086,0.029490957653250244,0.021551131563596438,0.05485938724877471,0.02024616007540854,0.01769000690313012,0.015336788327400286,0.03689886822621989,0.03803927959377267,0.04165931915231014,0.017009520307405563,0.020783868628756943,-0.0036666484269240896,0.04183385212268645,0.05260784456737902,0.049963114015509624,0.01604143798747506,0.011817608215258778,0.01072838196407285,0.017802094936203758,0.032779881631344286,0.022181480414792575,0.026840108910782055,0.015117525379507142,0.01696528858148591
0.03754623369149806,0.04952506237618607,0.037075024165062004,0.04136883209249936,0.02958200762406821,0.23283644631588477,0.0049237496728356854,0.08090183816902792,0.059862310991652526,0.042380709097403754,0.023656571687776295,0.02185805635693368,0.03289392306923443,0.04448641469584067,0.01670271930805914,0.014960812984994024,0.034259465447933575,0.014429072496317029,0.181690316595382,0.02706725250866776,0.2524982609401028,0.027007298020863532,0.041850142655073835,0.02459238915482097,0.059590365646180185,0.01924058501865845,0.038774533898593026,0.033052731025262516,0.04053318920460099,0.019585575787720914,0.026475847630160174,0.06668866790215565,-0.0003845903671882934,0.016349271999604682,0.03295210083078183,0.03058877109821535,0.038550129739405345,0.033180676297040496,0.02250158922540935,0.022487148354970656,0.007500694631264757,0.05020575794435601,0.01674529648655648,0.06308939751219461,0.024553150330832087,0.06013977846719263,0.058866235443540436,0.2950953804790881,0.039472849026003176,0.03080433138451183,0.015217898752846494,0.04896438777321158,0.031244724412958745,0.04376427763042522,0.05133359862509036,0.018138555228159662,0.03840859261317635,0.019351230302270237,0.06352598138886341,0.055066345294965235,0.04969655461117271,0.019929896524984992,0.19954442821020013,0.05961642272101369,0.10063566387616603,0.01577483068617141,0.0068545040371944,-0.0015908059243615964,0.08584413144546307,0.19530351410728827,0.2334902549447155,0.014633358319044363,0.02481636862493255,0.029228847566113297,0.015757309627757194,0.05504841389602735,0.02190549616901546,0.07400353043501413,0.029142273793821095,0.036469275234530946
0.018641529565260037,0.006258985875895565,0.01833209302689992,0.012754324809787693,0.006609938615791036,0.0049237496728356854,0.03708342732013314,0.015233113942173184,0.012393586239154717,0.018560200817605996,0.01077797373064359,0.007408442052947434,0.00920907645786165,0.007283697594923913,-0.0018766296069972742,0.0011779785442741857,-2.3714517915177156e-05,0.0074404631380672005,0.0037739656022030767,0.018212767766725604,0.003962069397572469,0.012296321500446137,0.005158109065868318,0.0074987976238289795,0.01356160591849684,0.009742810511466096,0.011414165956688694,0.004983615769393971,0.00536860354529054,0.015276542394694193,0.00999360882751183,0.008288968223793722,0.03628987920115521,0.012029401153215562,0.0024877939550157005,0.0008730477118380106,0.010393194223934692,-0.0064331300110183785,0.01020635910665279,0.0036562637842047895,0.009777679255410126,0.012962538081474741,0.00667249257076204,0.001232885128073017,0.014296219705709403,0.015128387287844667,0.009684144761695268,0.01911582139428618,0.0034480850633557677,0.027072514741366446,0.015715755259096693,0.004788432939254907,0.008699486120731,0.0069565102603160265,0.010583222397411045,0.01948250865425699,0.011551634046755455,0.010605427317536777,0.007509683544388197,0.013315626601739244,0.009439020452766733,0.0138409847785361,0.009968125542976715,0.007261301186563643,0.013163938048790525,0.009310427667664059,0.011634995108007105,0.00058751782620677,0.02243361454497999,0.03197049889623077,0.01861904246561606,0.011739906679780551,0.00826262975463782,-0.0006307449954623535,0.014219267552391857,0.005181904077463609,0.0072569346544535465,0.012349998984188978,0.010535916756634962,0.02021349005775935
0.021511489371309738,0.030607099014959845,0.04084642463562804,0.031166142385700955,0.023746311661456205,0.08090183816902792,0.015233113942173184,0.34389648382906673,0.024571007013282253,0.044793959946966215,0.018484480882996944,0.012448786563843833,0.018790298641897685,0.030065050780780155,0.01315143884209942,-0.011164728507136389,0.018901089684285676,0.011413575844922641,0.06628795189054612,0.06666661476026844,0.07755352550160552,0.029596957601338136,0.023609728238078748,0.02767717992363455,0.04635476614773457,0.012500971541803914,0.021697391045635058,0.02667674444723213,0.028885628306241376,0.02707305429500056,0.029127059811909318,0.11025361347394787,-0.0023371510373375827,0.018707548629030787,0.02613395991880649,0.03254282153978175,0.02951605517662238,0.04199783798754825,0.013439854699142766,0.008537027689906487,0.03589219394998557,0.038142438183786896,0.016308447484735752,0.029347029261438742,0.03766820657849889,0.051371196146975634,0.02938608188805472,0.0974691512458939,0.028168959757840693,0.04578379037711584,0.02320766615976495,0.02632578427001727,0.03162891874118854,0.035150199040150064,0.039289570087305076,0.0320376994579517,0.042631730024433545,0.012656020486573065,0.05231072130595532,0.0536604949187163,0.033187904292579576,0.022127692558426528,0.10008699783803748,0.033401548696248944,0.08027911586473843,0.011610506884760176,0.03822936978472782,0.008986312784870859,0.05507714699488541,0.03921995836376748,0.10544270593997364,0.03453265578600486,0.025402234112646773,0.04108766076574692,0.02886729495554685,0.04351877961141527,0.019153009649015257,0.04776706865343215,0.019768042321531794,0.04648458343398892
0.022394462283723056,0.03454973417560825,0.029810561391917945,0.025321657539289767,0.019719707518794285,0.059862310991652526,0.012393586239154717,0.024571007013282253,0.13427883207656421,0.03415944746934417,0.014132592793426609,0.01724383401917427,0.017121046257873012,0.022303765592919602,0.020492864961267725,0.010141712790303513,0.0195332692540871,0.012522411737424882,0.06609776686245762,0.021923543064472212,0.0892754601781055,0.023675950309174732,0.01814572203072298,0.019820128731835595,0.037089977500263695,0.016491931837527295,0.033984566221657624,0.016035140756220718,0.02749640548203144,0.012507388152827257,0.017962471049627136,0.032379654049807575,0.02599873304429045,0.013018718423611164,0.020433339239167868,0.02870835679740808,0.02385956977768392,0.0013466552171883008,0.02051256758034297,0.007596035695796437,0.007524329119056549,0.02787077180217115,0.00959293599950184,0.029115599289340762,0.035769763807234393,0.035400089729781474,0.02630346177567528,0.09567769745053568,0.02553700681898348,0.024572405315510183,0.00707635817707343,0.023112987345518275,0.032438624670426415,0.02808421407795938,0.030777980650654065,0.0028373865151263065,0.023838932101419144,0.01222028429812492,0.04115471992035706,0.02966196020782816,0.030547215771998242,0.013935534574580511,0.06201902180638369,0.030206682793431507,0.031407338123281926,0.0072363917864118115,0.0171889862456746,-0.006683844204717653,0.044337810427429805,0.12849617568016863,0.11537744793733722,0.022111414829787946,0.021584797748522726,0.018828450534802706,0.015978173748645675,0.033152302219443756,0.021480710656059273,0.03804898237541989,0.016836642677301436,0.03050048693741117
0.04823358272130247,0.02929657518653697,0.03753417990412589,0.03991017329460075,0.030772462499919224,0.042380709097403754,0.018560200817605996,0.044793959946966215,0.03415944746934417,0.08957018338064164,0.030639659957754774,0.016969114827984102,0.03142182739939508,0.028948533741422457,0.01980735001249211,0.008964157874593159,0.02843421543223222,0.013097813003069973,0.05224696487540681,0.056039771724454096,0.05550020637165305,0.034944426624061026,0.023881628532590394,0.03484007918345621,0.03469487781277706,0.02718011869104049,0.03313836184738301,0.026684357108328317,0.03264515645779498,0.025372575145705862,0.030622608515878655,0.03620101413547869,0.02257687891718799,0.026835482213267217,0.026442550401913564,0.025620327742668647,0.026062292479178625,0.021968803589847742,0.019579325759503507,0.015414820426148189,0.019912958294685135,0.033370769710931496,0.021944781403630938,0.04883498215420754,0.044165785966558374,0.05511093053050019,0.030636964183840695,0.0803839538915171,0.026934294626835477,0.03719598957055927,0.022176940326454418,0.02659345083359627,0.02351400214227843,0.03972301130932359,0.0461115609855681,0.03124758806595503,0.03795265604897578,0.022165742855627925,0.05802076772730506,0.009116583701847066,0.017530946174507206,0.024123622543493397,0.05076909732214122,0.04677531823227835,0.03333214672921557,0.016530126714486074,0.026466994510096674,0.010181959634451112,0.05022685797369007,0.057938965014408095,0.07782846391789135,0.023606052373086023,0.017095439171183915,0.012576264786002014,0.027687615055430905,0.03991007825299259,0.038531713038623454,0.030247070303062104,0.021268855069196964,0.03855646313750526
0.019935909693863624,0.023819313508625373,0.025554667614350674,0.019125373431267224,0.008976524253680286,0.023656571687776295,0.01077797373064359,0.018484480882996944,0.014132592793426609,0.030639659957754774,0.15153841479668,0.01323020898101336,0.028372367975879966,0.01482854496875943,0.012299210656705408,0.012935761254936787,0.02177477345751528,0.003394710537658798,0.03702873344849485,0.032334264987580526,0.03451823049259329,0.01575088348822233,0.018059555562310804,0.02089986899945151,0.026783243393183595,0.015691580057900445,0.01981841251712285,0.018825769067072437,0.02165991875145638,0.017316057171214844,0.014988862181262117,0.020601564520157732,0.0008878284816058757,0.01764277709168753,0.018618256564083457,-0.003552953973420246,0.013202210463072711,-0.004651763382448328,0.008606074728548003,0.011856377169966282,0.01871570374122161,0.017795264042106247,0.013308431197036341,0.03107949042256928,0.021643263607513712,0.04239960771479085,0.027528094590294986,0.03758909068286773,0.023512171986986206,0.017578184240391436,0.012638136241143055,0.023091817832986392,0.01227580398922259,0.020289527147651355,0.021656164989212547,0.01412390898315241,0.02496600616061247,0.010267818300255228,0.034457128520056356,0.04806904971134262,0.013759793046152205,0.021135635135579922,0.030180561865668608,0.015536382729633211,0.0300163114174086,0.00876197112051475,0.0194568401651026,0.005131950311460842,0.017133760038657034,0.07353290584639693,0.03528747509237869,0.016058957797578925,0.013371977491884075,0.03012718911870124,0.013597437782303072,0.028598789466876662,0.019450688304255736,0.023180212571381677,0.018764409715612405,0.028829913443277535
0.013707096849196541,0.016464370969399997,0.016189422698396416,0.014790515003236122,0.015410372565010964,0.02185805635693368,0.007408442052947434,0.012448786563843833,0.01724383401917427,0.016969114827984102,0.01323020898101336,0.019683726356890047,0.014032499311077641,0.01555517974344271,0.013534912682688006,0.004511281792441653,0.019606008961001207,0.009275211110564324,0.027065381387848305,0.02376921610728782,0.02956315668299079,0.02000999869131118,0.0153341532043098,0.01807353681251952,0.012531356465750298,0.01603960430016691,0.017982630955543203,0.007064034146595063,0.02009939374971456,0.013132020960657102,0.011925482436388543,0.021021238064881622,0.004272178464239137,0.011285546549969824,0.01320302845607192,0.014526361886976633,0.015280911324290767,0.014140780714366164,0.012394506859502993,0.009043028522319412,0.011300642749363425,0.009751417170941648,0.011324279976173147,0.01975065775710001,0.019488932546219275,0.027655091192187044,0.026047598794697705,0.049091839671782656,0.019903201616495343,0.015492127303851827,0.005893002187841427,0.02058904038208053,0.01848274493866883,0.021846255919827737,0.018918873198227465,0.007082392480831269,0.018585804932585534,0.00936786497086224,0.017706622301833952,0.009509792966396742,0.025750579047487433,0.015734064563163813,0.031821346305432784,0.020930428334003583,0.01900990422586034,0.006769064333459746,0.013810913878407946,0.001707613476729874,0.015313665720764221,0.047590269744200324,0.0358964989016776,0.012879341207756731,0.011037651247584412,0.005100331686256596,0.012254739397572947,0.02315420430371491,0.013017945324751722,0.019456492911609512,0.013923085263298409,0.015556817303915347
0.0278141216919857,0.01953905826695975,0.01821767753200651,0.023141389296330674,0.018098449961886014,0.03289392306923443,0.00920907645786165,0.018790298641897685,0.017121046257873012,0.03142182739939508,0.028372367975879966,0.014032499311077641,0.04335424033055018,0.021639792934387718,0.016834760401950196,0.007810179033372957,0.016756951262152445,0.008300798027929926,0.037815986524409435,0.022952775365229255,0.04287140084611122,0.01751503433857211,0.016502444910482562,0.014686983242171867,0.023103033089467238,0.016037047977772553,0.019326833834556672,0.008533663664435748,0.021478431891038947,0.00872630841333451,0.018168718501225027,0.02262840189762389,0.00924522597775424,0.018868720891826313,0.015477885619297466,0.01283503083879677,0.015768368126841122,0.0162070101109216,0.0138622282958716,0.012541825764997877,0.013546971255293448,0.008752968082940403,0.01537059678089133,0.022040328516991392,0.03174753870210482,0.02940610052726836,0.02446231160101999,0.055920650029089775,0.020496764503321746,0.020463493695617608,0.013533247262099948,0.020278005361485475,0.016474241075939,0.023119271538789506,0.020595817976329558,0.01794079486918431,0.023006340102457532,0.015452654363301321,0.029553707099195383,0.016899966414851857,0.02426150718626025,0.017154649216448003,0.03456013509607842,0.019906051397269902,0.024854721672036915,0.013506147901402815,0.010841803751708698,0.0021620964799235662,0.02269622847966715,0.033943205739674534,0.06129673804355875,0.015117650138120785,0.010955229225641544,0.01473792347423906,0.010553015285987663,0.024734014236715847,0.019031448257160462,0.024654208067010377,0.01759511396288536,0.024865917440168268
0.021845788526230096,0.020569515936429254,0.016540062955212806,0.030992928225510388,0.025331900398835348,0.04448641469584067,0.007283697594923913,0.030065050780780155,0.022303765592919602,0.028948533741422457,0.01482854496875943,0.01555517974344271,0.021639792934387718,0.06801617924330224,0.003150658234304645,0.009439013174756735,0.02520609273486118,0.009087362778110921,0.04490817221879408,0.01216965345600961,0.041474467281528975,0.01979918931962991,0.017414663325626526,0.01619314516044556,0.027491888350842354,0.019710059955656927,0.025223441050521555,0.01346733838878989,0.02530774242859724,0.01666002742293783,0.020091470979523945,0.037639290810120185,0.008953793400671858,0.013810319222494745,0.0177058688944535,0.015597052286975307,0.02017398320165881,0.013514534880987434,0.016063985343245227,0.014340361761069164,0.00786060887743818,0.018914196720242835,0.014658980043532195,0.023204447919574326,0.018796706765680064,0.03769200551542571,0.02883686359699919,0.06063582075727647,0.02419445104610675,0.02099408224442806,0.0030531130725460665,0.026147753923345663,0.021037373845286682,0.023321276492354156,0.05156708546066984,0.011777252253992596,0.02123207727918587,0.01946640597249048,0.04753609505897292,0.012192388132033868,0.028224734045062302,0.01631101356306392,0.035844751674100436,0.04042719709972891,0.023080305937028665,0.008687532735241112,0.01691697029955627,0.002639573474435506,0.03509364740019051,0.08233167329968989,0.062005122001244015,0.017729491987248002,0.009934636868930707,0.006744986889284835,0.005714002361743982,0.03165556591951524,0.013437766556075443,0.02852150012520947,0.01701795799050448,0.02299815275588019
0.005247395043936833,0.014820057012414626,0.017746476599920458,0.006901431594233389,0.004940017018629034,0.01670271930805914,-0.0018766296069972742,0.01315143884209942,0.020492864961267725,0.01980735001249211,0.012299210656705408,0.013534912682688006,0.016834760401950196,0.003150658234304645,0.08709981507425732,0.010643258008492576,0.03000506925475075,-0.00016885312803292931,0.014677798878539807,0.04526690901999908,0.020745519921057286,0.030729452822261732,0.011115435473895662,0.014607068085569002,0.017516295791554403,0.021985378510096226,0.0236942931450047,0.000737719510407055,0.02973463712312437,0.02168526676150134,0.010498031864111327,0.022415356620553877,0.018538242553244343,0.011087825807659208,0.010690273690892585,0.01860379112048873,0.0013631914598334837,0.012227797802646686,0.017500635335940425,0.0032503509989657863,0.01352193674043902,-0.0009507808244095821,0.013616843601811233,0.01662476321427678,0.0222016952121641,0.028936984468736646,0.02907633032767797,0.0010257179994365643,0.02203749530909669,0.014380207527489511,0.0024995938162038597,0.023339727406878848,0.028366840957485685,0.03603992102731684,0.016133588499844965,0.003959666421633497,0.024737797763388573,0.003284533982820426,0.02467545047126164,0.014398454095100786,0.01614143827912989,0.0222924217256111,0.019833864315356976,0.023764707191720157,0.013670754714172978,0.0024639750461331023,0.021084895154304485,0.010560856867573349,0.005989544845760708,0.04781551621125012,0.0503797752822348,0.011479059077866628,0.006645830413159349,-0.004317350821624309,0.017010249713064935,0.028086903704374517,0.019478018622645716,0.01822742508052471,0.015443900564647992,0.016614663145688817
-0.004641561870172305,0.011872447627756463,0.006886911076514682,0.00424182428203403,0.0034499729906027296,0.014960812984994024,0.0011779785442741857,-0.011164728507136389,0.010141712790303513,0.008964157874593159,0.012935761254936787,0.004511281792441653,0.007810179033372957,0.009439013174756735,0.010643258008492576,0.05093939500729442,0.011100723362540687,0.0030257964666835758,0.0037221910315418426,0.0019481239267942088,0.016825461069646854,0.012359595987739317,0.006881665456845296,0.00503665353594493,-0.0032517426485547275,0.009636851421168331,0.01320785058511032,-0.0005575165721606763,0.011490935441508435,-0.004082426033471082,0.005150425492866264,0.006560356024295322,0.013506321800152064,0.00274002688850446,0.009713757021753713,0.007086930897974232,0.006114538376253371,0.01505723204457116,0.011046079569321068,-0.0005543885353185762,0.0048259959330942724,0.0022918663618533065,0.005691855608548741,0.0038593843912686516,0.007860401487473054,0.01409992226109553,0.012049486229907825,0.010295269381439105,0.008884701936067314,0.003940757557534695,-0.000509757128603724,0.010383489991687837,0.014348110434915066,0.007338801719077197,0.014689638232274722,0.0038567372549283443,0.008259545377239578,0.005655088702131655,0.00043359886635124383,0.007175059708009188,0.008682162128813089,0.013678909535483128,0.0071881078210951676,-0.0019961052454490623,-0.007083664816673478,0.0032112872210730992,0.00476430416530942,0.0006626347713978991,0.018114181127252698,0.031816531387741,0.010716029213992949,0.005072525933739438,0.004353835927842947,-0.005374615770049861,0.004257794984747142,0.011468297357191765,0.00422912897043842,0.0006589186016787724,0.007606133223514172,-0.002505960069691073
0.015282880471801407,0.028476397406390533,0.023697599830589684,0.019936876810224494,0.026745437842486914,0.034259465447933575,-2.3714517915177156e-05,0.018901089684285676,0.0195332692540871,0.02843421543223222,0.02177477345751528,0.019606008961001207,0.016756951262152445,0.02520609273486118,0.03000506925475075,0.011100723362540687,0.056688258538967494,0.007362989041625251,0.036821792710369124,0.03689420325565146,0.03916719117093449,0.031911186521134796,0.021360050880018494,0.030784468689452917,0.02035311425524461,0.024084426674575537,0.032649030983851995,0.013019309975153276,0.044131106467077,0.019761958672946986,0.015226261089386151,0.030850060568141244,0.002043907758001631,0.013079940585596733,0.023446865257830653,0.035982379436171455,0.017994626151194165,0.020664422271434262,0.01977739419781319,0.00949477026574999,0.01688134440510332,0.014515690139343744,0.018614931972246906,0.0378833305238543,0.026614535912550134,0.05009370294150755,0.04447519492660007,0.0578662839613213,0.039345683396152464,0.022387858324516927,0.0015021326461146065,0.03814527796445831,0.027092333295882443,0.04261703589228413,0.03846115205784785,0.006213548866372192,0.02863127671899936,0.012032450601944676,0.03398864498361251,0.007930792050611653,0.031206654125623613,0.023517575650566096,0.04378723511071381,0.03752986206942135,0.024360729036488213,0.004569675775767033,0.022464674281990588,0.0005108907776766231,0.02168808738777816,0.05903234994283308,0.0576224454994662,0.016313553558806485,0.009907325447801046,0.004144108941503927,0.019659542602454037,0.048999887751701894,0.02185223821232679,0.02233481121286613,0.018723178544110475,0.023776353875321517
0.008238318095662582,0.006815560544998916,0.012179168593347474,0.011326258333385832,0.011628403681393968,0.014429072496317029,0.0074404631380672005,0.011413575844922641,0.012522411737424882,0.013097813003069973,0.003394710537658798,0.009275211110564324,0.008300798027929926,0.009087362778110921,-0.00016885312803292931,0.0030257964666835758,0.007362989041625251,0.031127290890237694,0.014484368189144984,0.015591404521672951,0.023186863662379254,0.007590657579446353,0.008104627790195544,0.01156770532475204,0.0039202328606697335,0.008494519480978697,0.008078999986212521,0.000882626369906568,0.012583914608369705,0.003250776643643394,0.013449168296975123,0.005753589940360423,0.023170582083178685,0.008041168154112821,0.011203624655684422,0.005935064848346678,0.018087518060989998,0.009688686850487023,0.007301543421868857,0.004936175937259044,0.00297013864477816,0.008165222488776996,0.005251662070070702,0.011305695926103814,0.00972951200156434,0.00973873360065571,0.012713200835778265,0.0338571707801275,0.014039781949527584,0.007215079372276669,0.0032851116384222372,0.01120153420281388,0.012714614693974549,0.014364881042785648,0.014651173731671475,0.005012048871474265,0.014903011044657128,0.011963566390618468,0.00290234325981686,0.003940527808346503,0.016845315915035162,0.00935369716274734,0.020656248139125297,0.01355080940288639,0.010081360270098086,0.004941539877889829,0.004507402624083193,0.0027228078774846243,0.009186524286276644,0.04377133702260636,0.02196067514696026,0.009155335488224467,0.007920325766172446,0.001700635201275944,0.007076764056237113,0.015909978570916885,0.007680661925389373,0.006946208875674493,0.008395183247570437,0.009468833517989283
0.03792647410021785,0.04853346316972408,0.04243746612521462,0.052341277161866595,0.03149019817889908,0.181690316595382,0.0037739656022030767,0.06628795189054612,0.06609776686245762,0.05224696487540681,0.03702873344849485,0.027065381387848305,0.037815986524409435,0.04490817221879408,0.014677798878539807,0.0037221910315418426,0.036821792710369124,0.014484368189144984,0.34885661627664,0.023200129600155585,0.32197971575364326,0.01950722301265479,0.05580747358051191,0.04218662331945755,0.07181168646847938,0.022704727734723384,0.04719085584156108,0.018484890299258313,0.037912330843423436,0.016840120363884728,0.024099020317628117,0.05046886033298857,0.006332861726130631,0.015966584273291163,0.028330224452437665,0.048615747053223225,0.04400414432045849,0.02117711804046924,0.022986646264425616,0.020285822040943917,0.010014266097734432,0.05066506853052668,0.022805309692376825,0.0826846667285437,0.03461059875735788,0.0576372268626145,0.051707531345334026,0.36089063059511567,0.044869856314009145,0.03100850428310424,0.01760554706982953,0.046012735971383265,0.039206657869687425,0.04259584439626224,0.05338736496758349,0.02562002376903799,0.030874345995650955,0.015220376113168064,0.038110396871982366,0.050412323078512455,0.045965502512207095,0.018116283948875878,0.2275453118653162,0.05493209098481234,0.13514023070135744,0.014116868179747513,0.01901299146723427,0.011011447521070897,0.05479617218639735,0.18085936198717809,0.2675176505610095,0.02954436891958947,0.027497336113837437,0.06258879001887094,0.014959173202204171,0.06184419819486446,0.02907768405065267,0.0601658324181223,0.029238640080547693,0.03403925956688796
0.032307198368058815,0.03152626353607654,0.04287459347809407,0.0318470744748186,0.047465665465211686,0.02706725250866776,0.018212767766725604,0.06666661476026844,0.021923543064472212,0.056039771724454096,0.032334264987580526,0.02376921610728782,0.022952775365229255,0.01216965345600961,0.04526690901999908,0.0019481239267942088,0.03689420325565146,0.015591404521672951,0.023200129600155585,0.34247675608044226,0.028547539293559843,0.03504967266927382,0.02189134901476665,0.040623319872406784,0.05008757326301896,0.03285917903615166,0.03003893242533907,0.028325080517585123,0.04077634693206915,0.03737311001897402,0.03461713019196243,0.06334259466863006,0.0502740454937965,0.03251125042459586,0.03014472779242355,0.02852038061060539,0.024766383422611997,0.011671846786929145,0.027169748487722266,0.023917452879572233,0.030161569397294974,0.05085211244908534,0.027927823065709123,0.04059924978614686,0.07957092814490088,0.10185756840234936,0.03676706146900724,0.03755822171866506,0.03391310810407827,0.03380713371849617,0.02551412837212998,0.03327526096547248,0.030592810500827756,0.049393076169583716,0.027239762651291976,0.017245090871263514,0.057620514168903444,0.026796332127438694,0.07070628136122349,0.06545967992500314,0.02313699792714516,0.03333485874308223,0.05140832718381859,0.06338816871518314,0.07085942921558597,0.018066869463269675,0.015186644631221642,0.012179894026066678,0.04151185090951852,0.11198134289705183,0.04618033622093412,0.005498395008145565,0.03028133377698404,0.014435566050026492,0.03961038953262109,0.043513765159571546,0.03216510886852326,0.03260884237515901,0.031066803928080304,0.052201496784119596
0.03280484356139104,0.05730061952530631,0.05078443226386425,0.05489350408012913,0.03536004292860286,0.2524982609401028,0.003962069397572469,0.07755352550160552,0.0892754601781055,0.05550020637165305,0.03451823049259329,0.02956315668299079,0.04287140084611122,0.041474467281528975,0.020745519921057286,0.016825461069646854,0.03916719117093449,0.023186863662379254,0.32197971575364326,0.028547539293559843,0.4760866822133126,0.014098770272696352,0.06429246320849484,0.04360355759243367,0.09655640470195999,0.019735320319848024,0.04616351087030585,0.03656905643220975,0.04450615349222514,0.006779989518729758,0.01998256555469719,0.055482507732842,0.06892690060795299,0.015796968988614143,0.03551787639010091,0.032230631500573585,0.06365476836616754,0.024014421908751894,0.01967767989678364,0.02214123831987664,0.0033624339970316055,0.07273785589605974,0.02021201525789481,0.11511169270605442,0.05368769819664701,0.06981884279759959,0.06958887706978344,0.491947500440254,0.053055440089164754,0.03438954943284269,0.019977521315073563,0.06028770033529268,0.0659802780219712,0.04678720336615438,0.06415112340414582,0.02752893130881196,0.045172373675718594,0.02040939501797159,0.05169519537126754,0.05451525772279284,0.08735004636999726,0.018994950401439673,0.32162617586518555,0.053394030666295056,0.16313033739641222,0.019300891826468675,0.00029833414726088305,-0.0035668802604964605,0.11058860328964956,0.21728361265103102,0.3541301771324739,0.022789977524352974,0.02836188952857172,0.06268991042025084,0.0118873967297675,0.07287552902976409,0.024159431218747026,0.07619756093281299,0.03857676261339766,0.04589055509548347
0.03682015733041092,0.026431190145260713,0.021832097963580363,0.027497119915499583,0.025282507984569855,0.027007298020863532,0.012296321500446137,0.029596957601338136,0.023675950309174732,0.034944426624061026,0.01575088348822233,0.02000999869131118,0.01751503433857211,0.01979918931962991,0.030729452822261732,0.012359595987739317,0.031911186521134796,0.007590657579446353,0.01950722301265479,0.03504967266927382,0.014098770272696352,0.10658421977064779,0.021338336982217033,0.032956159539275096,0.024880689200977735,0.0239506211778159,0.026388150924753103,0.009697326883327117,0.034883145996554496,0.021317300323642954,0.02678787887113426,0.034799879006959834,0.0124635155598097,0.022365427335549647,0.019286994704598874,0.04027169798468451,0.01685735197170106,-0.0001909600509522,0.015821987271098147,0.010692704508766837,0.015867487834828047,0.014671199222878167,0.019068854479342062,0.030457193050246096,0.02747188596491045,0.05100375654852169,0.03501342590360538,0.03258853680681833,0.026513532318971533,0.029905815475211248,0.005269453753491493,0.028201109202720405,0.025767675925519942,0.03113684926618605,0.03285390348485281,0.01900081509550462,0.03064549275594459,0.01815279910591279,0.029854133605596852,0.011428613724678773,0.014408475192942838,0.02661787468490167,0.035465464901384976,0.03095941051856784,0.01790496526091622,0.005676690100433296,0.027777078124166875,0.03240446212026375,0.032697210894805685,0.05928461749781538,0.048361505657036584,0.02203597191008716,0.02488925624197722,-0.0017424626402249028,0.021163062656505055,0.033528959839690675,0.01902421510996745,0.02903335264953308,0.01778961118687385,0.04178279941300479
0.014590946782566594,0.022706323878257835,0.01959698237398158,0.01880390979154427,0.02460251083832716,0.041850142655073835,0.005158109065868318,0.023609728238078748,0.01814572203072298,0.023881628532590394,0.018059555562310804,0.0153341532043098,0.016502444910482562,0.017414663325626526,0.011115435473895662,0.006881665456845296,0.021360050880018494,0.008104627790195544,0.05580747358051191,0.02189134901476665,0.06429246320849484,0.021338336982217033,0.050129117546721266,0.0215176980461878,0.021635372259476444,0.009528954278871116,0.017906202980678756,0.009908237407636536,0.021200656772893046,0.010813970835796405,0.01252654473184399,0.025002073233397766,-0.003795925392377673,0.010811926399583636,0.019979259514013827,0.019548371430584587,0.01882491690019673,0.02235404210339344,0.010386838246271601,0.008376458024852781,0.010824146482492645,0.017361760493806083,0.0107573788816858,0.03254541229215354,0.018145399706121428,0.03556733999599902,0.030607961710465894,0.08849700641943371,0.023042312041610086,0.01863425598942844,0.010178262130744286,0.023812131034687215,0.02045251221409388,0.021262317552047934,0.025337460244320136,0.011203195066324062,0.021968647310880742,0.014119497483123548,0.027934469707621083,0.013914260547994932,0.026252814265615813,0.014986919542125358,0.05157898156377268,0.023509242176484278,0.033652679217077805,0.007381551313134253,0.005516957702649592,0.0022092106353192274,0.024079997422526946,0.053610469458588356,0.07821213056557651,0.011509264790086052,0.010104701438140308,0.017756427472590125,0.010151106302395626,0.028801564335439286,0.012655853294583234,0.01988731732150564,0.013774207718683304,0.009747919177865896
0.02424926457307164,0.02190279211432306,0.026715380855444577,0.01865100988752968,0.016323643830156855,0.02459238915482097,0.0074987976238289795,0.02767717992363455,0.019820128731835595,0.03484007918345621,0.02089986899945151,0.01807353681251952,0.014686983242171867,0.01619314516044556,0.014607068085569002,0.00503665353594493,0.030784468689452917,0.01156770532475204,0.04218662331945755,0.040623319872406784,0.04360355759243367,0.032956159539275096,0.0215176980461878,0.06849351907898923,0.02014468639022047,0.020125965636359683,0.029250645346130522,0.010477706960950807,0.028517810638472408,0.01889258057588751,0.019412694699660313,0.016833302613698888,-0.0008973311712201133,0.01591269617646754,0.02350147764191307,0.023740707257108775,0.01955833586697983,0.01577147392138968,0.015940620552033165,0.004753307170242566,0.01319504894425204,0.019001743814926444,0.018352222586269423,0.031235352851619356,0.026236474300095465,0.0381355557816743,0.029767763497014377,0.054896516924648794,0.024981223071082678,0.023009168600251987,0.00549500513267834,0.023516069679634228,0.029168930914338358,0.034684920391489356,0.032191286435045575,0.011583075414315198,0.02755836154662213,0.01379630232748322,0.028775459146605828,0.001359981319295187,0.03974532210254136,0.026238307868352427,0.05784163105111623,0.02919804332061891,0.028029698666830884,0.0037387571060567993,0.014758641718818471,0.013236951188821372,0.015680874896423835,0.061261164433327096,0.05111516872380202,0.018542774004930547,0.008958302649006726,0.011491947291616372,0.022809668309079267,0.033023408846686905,0.02421236424972379,0.01663486667164306,0.018000366772822178,0.031651316120648254
