0.1782744587269939,0.05843656622331646,0.04889096786716446,0.029694436906926542,0.021743953093774998,0.04032466439683691,0.0385424902866938,0.03277890538245345,0.05889661848353848,0.050990292578229915,0.018439595716771617,0.0589432168841298,0.024125068797793484,0.018675286421651994,0.05218828468128022,0.06390813584073617,0.04448126471082495,0.04230557806410334,0.05596452106452822,0.07684532039350322,0.06727813597067901,0.06482344790317099,0.05268786698598062,0.011404893446128972,0.04958180866787785,0.07719354909318649,0.05952022462830071,0.03718028074044388,0.02947916905114672,0.020486268080279257,0.04058731192062908,0.05018399948898275,0.04617847074289112,0.027243098799419774,0.05946406839177834,0.0467133031565279,0.005750338529430089,0.11345946904459761,0.027842214016926617,0.01858176577766236,-0.005570054884088204,0.04859964493288307,0.047189145004043274,0.0318498439068177,0.022999780043935988,0.05745429500135356,0.10098164137055733,0.028327423370806494,0.034956638916444155,0.0009805740450838088,0.051792134089357934,0.07650522314515452,0.07068329598580897,0.04243078233955814,0.03939254533585939,0.028497370075506692,0.02977824201268289,0.010806599634863906,0.0484488153515697,0.07366485101331904
0.05843656622331646,0.6240751253135497,0.038948799050246355,0.024233317808788655,0.013546032800943414,0.04076240573786117,0.03831434332239139,0.018924270054202618,0.041275684300893116,0.05036257733165369,0.007553129727961134,0.05606615791419796,0.019111837200453747,0.013578853846698912,0.11284136437467837,0.019341122139338737,0.0350030738925576,0.04037723123118198,0.020185933283014833,0.16168404788738835,0.048507608638322916,0.06323965504872492,0.03792536455461942,0.016693135484254516,0.046036876655463264,0.05933618443900636,0.09408741778675492,0.029563498924324305,0.04925867979676448,0.023370173971536068,0.06786760735646559,0.03706393856932903,0.05098894551518242,0.01520388023808439,0.09266378628545859,0.027865194755369242,0.006634875185311554,0.08657841869371762,0.01693063796184355,0.014336159704574617,-0.010546734375401283,0.022467590421203183,0.05475817845011141,0.024945790897925882,0.09381574885254558,0.1133704412345558,0.07073782649266573,0.039676740405519974,0.03348357085768285,0.0002819566806250082,0.042723494604875165,0.020751343861959523,0.05472110945373555,0.025209347841429655,0.044798452371048736,0.009457464518620642,0.032682212732358516,0.005683395510816888,0.048907005134360235,0.151003072741667
0.04889096786716446,0.038948799050246355,0.06664713912467941,0.02056161445490857,0.01474320216665666,0.02609986994613429,0.02859486904621461,0.029517200489619703,0.03345156720672072,0.034703407314138034,0.015898574392758155,0.03792789417810354,0.016449005908135434,0.01573172974223448,0.028029051677803514,0.04988076950099594,0.027642953560949358,0.03241252778804243,0.042221800121535945,0.04566236619026224,0.04732189522339569,0.06107305698967364,0.0375239133661207,0.003388105550121748,0.03397476653778154,0.05430500684605208,0.04463816620111919,0.029423504478086452,0.023066429358594612,0.017483090971663517,0.027433480051745875,0.03586819689952136,0.03301067277190793,0.019695929995675317,0.04899594877074226,0.0272790700032068,0.002158582156295495,0.07221319627342797,0.018127378976115074,0.02004641336693167,0.0015441033704858076,0.03404808678544157,0.03337273442092747,0.023388828675931592,0.018577561815698536,-0.002439098216597363,0.058376607257687535,0.018282454939500776,0.02544196741644329,0.0007255648234450837,0.03679672979954722,0.03154588024570357,0.047977484156056086,0.024295204948288893,0.024401284816360485,0.018325515883124872,0.023901987635767407,0.006953086942208038,0.0381275607108164,0.053139219781290416
0.029694436906926542,0.024233317808788655,0.02056161445490857,0.034157567683652815,0.012601811767563923,0.01320479360441099,0.022352649375072135,0.018979171559511253,0.01800369490377931,0.023839055219807965,0.00553943528951862,0.02991915997670239,0.010802376821399012,0.007175184346174355,0.020887840030869492,0.0034317703652643537,0.016855309347045055,0.016297315119264258,0.031651558174434706,0.022035744598789795,0.02523135848718006,0.011658940248624867,0.0173505200872315,0.005991070885290893,0.01990923063745796,0.018829626616240595,0.03312362834087938,0.009130864097894358,0.01757450702381485,0.014129953622263249,0.017120860129257072,0.02162125261580672,0.018416390510394367,0.010303732383297834,0.02140820275572478,0.01601643403933612,0.0028746435580449046,0.026682986709392897,0.01582694022102629,0.01569819653678242,0.006164827351866666,0.018545716371216065,0.02017644041628669,0.01811158302693029,0.010047551235377624,0.02020153339691347,0.01718823160836829,0.010554819344087293,0.012818353202659978,0.0008647576076948538,0.019929049788404554,0.007260092072085648,0.02857957397881869,0.02106399098554063,0.019006269330153255,0.012367996282537307,0.01390603164921927,0.004339677671445939,0.01636996515313669,0.020267641460767066
0.021743953093774998,0.013546032800943414,0.01474320216665666,0.012601811767563923,0.07033647123802855,-0.005451317664979997,0.011589021743611715,0.018479220684679314,0.018030572677595016,0.01344606470369422,0.0036134603743010097,0.02356020818531378,0.001976245808713077,0.00890340147626131,0.029922115469354433,-0.02438334310452808,0.02003397688430221,0.009875452665014123,-0.004838581475820282,0.016085067249166127,0.007038923131199295,0.00843964878906874,0.018871231838641887,0.0022351355944224298,0.01660267603278162,0.006417976568646336,0.016831386455276705,0.0026455347320575072,0.011240111018416382,-0.004374908445165188,-0.004418080314131523,0.01508547571751655,0.01429988034592398,0.008462965871150785,0.01644515762269553,0.012412704826194328,0.0013839468459058881,0.01294854042687994,0.013647039682918935,0.01293146824785851,0.004151698353144542,-0.001827341298085559,0.011533423954558456,0.012759426018626702,-0.003370563958463863,0.014900837696758845,-0.013646594002660224,0.007228483507066834,0.009529341239151955,0.00025694391558683105,0.010870462416631596,0.007175034308592282,0.017288806437426953,0.006878634172547329,0.010819444132501273,0.010785135036135504,0.01281836879583356,0.00686425631444226,0.006097085406944249,0.020901589457980114
0.04032466439683691,0.04076240573786117,0.02609986994613429,0.01320479360441099,-0.005451317664979997,0.11860438587336465,0.017690025483301803,0.012024545357377507,0.01667606904388407,0.03786082802664399,0.017028027643441003,0.033460164999162434,0.021522950047861082,0.006482078376836638,0.018544592484984503,0.07643958406714242,0.027198912989697094,0.029659573114307496,0.055967362490583435,0.05596143323967865,0.0523016096877057,0.06936754712385845,0.02383999614854745,0.0025955400464607787,0.03409112628011204,0.0740645702262301,0.04125355357901936,0.020902238038292706,0.012305860929761075,0.015174749689281092,0.061654025996270095,0.032809288432500736,0.035632418503483934,0.017749215374154352,0.037550083804329025,0.03185642704313077,0.002499550750614677,0.07556049610212519,0.016459746220782435,0.007100474695951857,-0.0013452208629171525,0.03209990575425802,0.03216769914180085,0.012323786198160517,0.017165579205027107,0.032194088471266646,0.09096724210777973,0.03940685966554843,0.02502769058421211,0.0007611251625409347,0.033786073426018595,0.021229745310173482,0.03906765423445762,0.016898831522090266,0.014499193092751056,0.014525398686511254,0.01605404794375024,0.006179584040556152,0.037078748798601575,0.049100668052609646
0.0385424902866938,0.03831434332239139,0.02859486904621461,0.022352649375072135,0.011589021743611715,0.017690025483301803,0.04659322582780102,0.021630027083043003,0.02461293054821992,0.03233520812382478,0.009666845601040407,0.03624936158517103,0.01613090201348453,0.013903333740719696,0.03324428169409755,0.035622869631025,0.020175960536770725,0.025051007876463343,0.033709271703686546,0.04496897749723344,0.03720189659336799,0.0321629428205196,0.02670556442263231,0.006562736284687178,0.025350983348418277,0.03201104772537516,0.034878368187225346,0.017040762066843712,0.0203911740630123,0.014426982259521654,0.01613812406667664,0.028986262081676647,0.025574206758494242,0.01325088334928237,0.035759220294565935,0.02576766469549138,0.0029269053077867813,0.057478970396301024,0.01846363195014971,0.017428635105874956,0.0019638398410298736,0.02820050450017629,0.03374255020155796,0.02207359736872142,0.020543359430912712,0.03593176570180268,0.03921718720510472,0.017970301316857274,0.017288867581520453,0.0006429866248882904,0.030334589209582468,0.021511308010564133,0.04170782177333893,0.023820394313065475,0.021211087177318892,0.013637982685697886,0.02324417966300458,0.0061707575023596355,0.02677529647891119,0.04851548700684155
0.03277890538245345,0.018924270054202618,0.029517200489619703,0.018979171559511253,0.018479220684679314,0.012024545357377507,0.021630027083043003,0.062496006873804105,0.033756856212471535,0.032065396760573975,0.013655617582485345,0.025246696041888898,0.010403693846450127,0.016215094139730764,0.01701246414311145,0.00569289789492252,0.023649180992657,0.01632064123467994,0.044856855853959515,0.02935377706916288,0.020310706228521467,0.027959697010893392,0.01798363015194911,0.004616226373208757,0.025362473035364336,0.027857389063838597,0.028494884861990807,0.01346453234817505,0.018469404337827906,0.007317425416743178,0.017067826530385324,0.031022099226265545,0.019896157857071033,0.012809843493555254,0.014312233828469093,0.010846438886048929,0.0023782538969077762,0.04871389903525618,0.022587267291027703,0.034703809086589106,0.008556242649223689,0.02306370046010034,0.01933220477708917,0.020586426363951214,0.015560310863309086,0.028467313514733947,0.024754960847818624,0.015083596412265992,0.016916140733021872,0.0009594287682023276,0.020567142174265474,0.025451203082600342,0.03530558652561933,0.016149824461688975,0.01409978049224201,0.022415173706456314,0.01832764630657531,0.011407296662199978,0.017307435012762634,0.024743655545321094
0.05889661848353848,0.041275684300893116,0.03345156720672072,0.01800369490377931,0.018030572677595016,0.01667606904388407,0.02461293054821992,0.033756856212471535,0.09130097885184357,0.030941840978047596,0.023742268451105872,0.03255047680857346,0.017425875172499102,0.022740267814991784,0.038293809439550346,0.04303046957239748,0.03272737421332292,0.03523596181459163,0.05270626593591904,0.06442633818593882,0.052902139007107586,0.036125427245146155,0.05051723032470441,0.0038638489555744043,0.03817098592478948,0.06606185846340196,0.04663080680283323,0.04184361627594368,0.018795187107020234,0.02102634895704536,0.02386220283764416,0.04557230034531731,0.020964194454697292,0.02058724711722122,0.03842936564068996,0.03154155160100894,0.0033897828902148047,0.08173283493251064,0.025327672558808956,0.02812124335657735,-0.0033447165579303492,0.02523587857058713,0.038868753658584825,0.022352309106476006,0.024846049248703306,0.0766291145725188,0.06932847264810142,0.020965201316448558,0.026482375731159448,0.0006698687785815014,0.031975697968867796,0.06059283909513924,0.04665179407994811,0.029596996561435874,0.022559434612060784,0.020191213618809118,0.022391732093159086,0.004643211755015434,0.02713868820649398,0.05016304057089477
0.050990292578229915,0.05036257733165369,0.034703407314138034,0.023839055219807965,0.01344606470369422,0.03786082802664399,0.03233520812382478,0.032065396760573975,0.030941840978047596,0.1404494906509227,0.021283223638634757,0.05287243566910896,0.02336357719526957,0.016908807048847316,0.03739643923039959,0.03909501781437757,0.03112798681797239,0.040423085045770836,0.06416068817679338,0.05959009321262943,0.057694303408889355,0.05120184959159216,0.0008184757289479344,0.01226078701388147,0.03676511247369215,0.06740860572114532,0.05624769837036813,0.02584556274692243,0.0197967524984463,0.012682737530570929,0.04420296949966527,0.044894151849213304,0.05399845662870362,0.024008825432243152,0.047330802684623315,0.042489045872645265,0.0040278341370632,0.06136710447927018,0.021787564946483866,0.018299294359510186,0.0006162528468390949,0.04998453010438763,0.04114004525687928,0.026583679109711524,0.011904394934937713,0.07500765757936491,0.08094836982564349,0.019036583863276668,0.02966918878393963,-0.0007987899619820746,0.04743830081855465,0.030267708064063162,0.05575661425470295,0.03667261805553666,0.02286695938227248,0.028719796804406,0.030437022238549553,0.00973297430500844,0.037297555275015395,0.05398481818697457
0.018439595716771617,0.007553129727961134,0.015898574392758155,0.00553943528951862,0.0036134603743010097,0.017028027643441003,0.009666845601040407,0.013655617582485345,0.023742268451105872,0.021283223638634757,0.04195360755757279,0.019189676204993,0.009036971602311749,0.013837184435156417,0.016307837118999812,0.023871301722573054,0.013639539196587372,0.025935261386162103,0.014653362366434804,0.027888887053948472,0.023661341300512274,0.018464952454920757,0.01634565693264097,0.0003223950357323333,0.02387235015652777,0.030528133775874856,0.030764523000462105,0.017836732555832915,0.005248731895885235,0.012926015417681595,0.0245480863734502,0.01857201783852982,0.0210390358174037,0.0173679358330968,0.017079930281578004,0.015144521675938853,0.0008957396928798055,0.03709797034803713,0.01455560472906108,0.005184771936488056,-0.0023995031092988147,0.01969549917580119,0.009854416019477912,0.01140391281725752,0.006131289249289832,0.021449625922704215,0.03518684295702634,0.008919036787152711,0.02374206860895098,0.00013289656536463244,0.01576548132139994,0.02705708302025895,0.021420682244101454,0.008413257188373366,0.0004043175074557641,0.011358210287008582,0.011768691469247687,0.000994782840826812,0.016199257194871954,0.014238002870808087
0.0589432168841298,0.05606615791419796,0.03792789417810354,0.02991915997670239,0.02356020818531378,0.033460164999162434,0.03624936158517103,0.025246696041888898,0.03255047680857346,0.05287243566910896,0.019189676204993,0.12222424148090243,0.023272383605174623,0.013703463290280656,0.039346571098749034,0.07756975889755115,0.030114907370717942,0.04314890480552888,0.05845942125331688,0.05863646076822131,0.06522849798570422,0.038064526660621024,0.03783157356272362,0.005540043666376696,0.04433022368176247,0.05141672385991221,0.08760824113803915,0.0393191169953263,0.019977297212892722,0.017990568706478062,0.04536037404556404,0.04118007749438763,0.04319337370351491,0.025953874350569322,0.06026682419206443,0.036553089890942636,0.0030300446665140583,0.060792835968149585,0.023431978183832948,0.01607670951478981,-0.0012121029732444241,0.04564464870922933,0.03989882868404275,0.029826741215366763,0.032404535989666014,0.09163937878484875,0.05988865788653369,0.023800348518217006,0.03451747408708394,-0.000192826416017784,0.06007319691653477,0.04643522104221613,0.05773429920866796,0.04402942438005437,0.03213690194328284,0.030903476718484882,0.026470575176145743,0.004127772174798331,0.03553535009354264,0.05330575453085315
0.024125068797793484,0.019111837200453747,0.016449005908135434,0.010802376821399012,0.001976245808713077,0.021522950047861082,0.01613090201348453,0.010403693846450127,0.017425875172499102,0.02336357719526957,0.009036971602311749,0.023272383605174623,0.0392758747437923,0.010083625031912362,0.02127514276944296,0.05868922287597746,0.014965520286199508,0.022343471438749617,0.033701766705642164,0.03288451019405929,0.04146054048886093,0.03898949472120051,0.023936122677867884,0.004331808010251487,0.021925254579689246,0.037118053099809485,0.026417949228834597,0.019810284238745354,0.01367594396424294,0.019076699436781596,0.02982511198507054,0.01999959286521905,0.016223229823932275,0.010427728195491155,0.03321350114441427,0.025233750822646638,0.002026895854409548,0.03558839569469941,0.009735322119439272,0.005997751724952967,-0.002388773803046838,0.02016329940071979,0.023815692197646534,0.014772696224471533,0.009485588761244071,0.028124496792035453,0.045595842301103445,0.015040251522701137,0.015835618824943023,0.0006069253553279599,0.021743853918207455,0.023575129390372505,0.027659009808186582,0.016321905637233545,0.015961873345401282,0.010495796066797684,0.018784558603200042,0.00327500959253282,0.031802268612972744,0.03287815436187674
0.018675286421651994,0.013578853846698912,0.01573172974223448,0.007175184346174355,0.00890340147626131,0.006482078376836638,0.013903333740719696,0.016215094139730764,0.022740267814991784,0.016908807048847316,0.013837184435156417,0.013703463290280656,0.010083625031912362,0.07639278701368202,0.021107372947685676,0.014421628434905803,0.02247339277613873,0.02005563827222151,0.018383144323553806,0.02384793791116679,0.02826037546884652,0.02918077239045208,0.01966104803061208,0.004705973048776495,0.019029464249424234,0.0449579705675986,0.019635223760041252,0.0300863079819353,0.015279309696439236,0.01773230151613668,0.011412321114267834,0.020555064068944397,0.013724293766169265,0.01260681048220838,0.022383703682641223,0.020829495896548502,0.0013808153336173417,0.024908994399250407,0.013403624509008118,0.012657811085758109,0.009850016120971448,0.008575008283512459,0.01814350731290624,0.015233410302715761,0.011585708628197236,0.029137356869595493,0.025197168719091945,0.011110739391132282,0.016179548838579742,0.0012441735714698217,0.016753221134380176,0.021048196443545778,0.027900082274348988,0.01930102763754811,0.005924015840773122,0.012145237826342314,0.03018028287687664,-0.0005179809159944346,0.017494900490828056,0.03335531832775264
0.05218828468128022,0.11284136437467837,0.028029051677803514,0.020887840030869492,0.029922115469354433,0.018544592484984503,0.03324428169409755,0.01701246414311145,0.038293809439550346,0.03739643923039959,0.016307837118999812,0.039346571098749034,0.02127514276944296,0.021107372947685676,0.25866968805026663,0.08126411520892277,0.037692796444068664,0.040802034437749594,0.049333183087095375,0.12885872203196974,0.05425996930820061,0.0572472802960193,0.0602210064530325,0.012385235406301673,0.03624451184787913,0.07429895795176591,0.058142266837935955,0.015125507255217344,0.03348871281587122,0.020331267223080752,0.03755622309173658,0.03311349595393088,0.033269505691233874,0.02059587282764575,0.040498384368582045,0.024927291566439653,0.003177649011006965,0.09183766247311229,0.015769643389952532,0.01294207550892999,-0.007560257476403293,0.024321268782841785,0.05621235714381261,0.02801316518031491,0.04154697584463864,0.10528878703919457,0.07077351153678473,0.01530805004525456,0.031346337114701986,-0.000690587959092048,0.02350439035770628,0.0690244700042178,0.04261715744250434,0.028713717611341404,0.037682934713050516,0.016409587223301682,0.028485681926360806,0.005473513561023577,0.037664964873040004,0.122836245637745
0.06390813584073617,0.019341122139338737,0.04988076950099594,0.0034317703652643537,-0.02438334310452808,0.07643958406714242,0.035622869631025,0.00569289789492252,0.04303046957239748,0.03909501781437757,0.023871301722573054,0.07756975889755115,0.05868922287597746,0.014421628434905803,0.08126411520892277,0.5613719685169156,0.04545364385178361,0.07821839804778173,0.0960342802051463,0.13829325428570885,0.1608456169140954,0.10238289802648066,0.06292969279593234,0.004254172082055552,0.04835946769652863,0.14807881752819926,0.058302239771285284,0.07367864961019681,0.021327875234614567,0.046345165845967484,0.12888174245008072,0.04692966044538338,0.07691662369731048,0.030427705135621486,0.13813753655412517,0.07019314142756071,0.00562020158010981,0.18532314293705593,0.004712516906953028,-0.0014275143840719424,-0.026939357352227977,0.06370872101262978,0.08326294160071337,0.0408987449585505,0.009325220546969779,0.07679218529055361,0.27205832047649636,0.060817299646417654,0.038415342429961,-0.0001302828714477595,0.05058685923531137,0.12480740640497454,0.0766236015068622,0.030601349636786925,0.051725754408314256,0.026918083827263187,0.03791900299634057,0.004474472147027053,0.1609348509638353,0.14683518905902565
0.04448126471082495,0.0350030738925576,0.027642953560949358,0.016855309347045055,0.02003397688430221,0.027198912989697094,0.020175960536770725,0.023649180992657,0.03272737421332292,0.03112798681797239,0.013639539196587372,0.030114907370717942,0.014965520286199508,0.02247339277613873,0.037692796444068664,0.04545364385178361,0.09833945015472663,0.032943005038414935,0.06113160998421947,0.05228737188627446,0.0417579978737966,0.02487363130322439,0.029424804935428497,0.005116531749106036,0.03253928255398039,0.048868767733194346,0.04128074611922695,0.02460752514959185,0.022469998658645934,0.010859501660018915,0.029731784538655374,0.03048775824814402,0.03131071335710867,0.017529079304512515,0.033047136944836915,0.022442065046934405,0.0030684451077330004,0.06330111227600221,0.020050873656440735,0.014436102810954738,0.001338525791335261,0.01331992902667384,0.03095920150155219,0.02231968768920434,0.0279581043411018,0.040014897106706034,0.046631856593960505,0.015274219490934658,0.02816126223698584,0.0005400312004281319,0.02709273811745878,0.04212232640443887,0.04635250925383958,0.007539391958791305,0.01891415883340849,0.01613648396731075,0.02293473831777772,0.00658554616601688,0.03171195120412313,0.043874646912017326
0.04230557806410334,0.04037723123118198,0.03241252778804243,0.016297315119264258,0.009875452665014123,0.029659573114307496,0.025051007876463343,0.01632064123467994,0.03523596181459163,0.040423085045770836,0.025935261386162103,0.04314890480552888,0.022343471438749617,0.02005563827222151,0.040802034437749594,0.07821839804778173,0.032943005038414935,0.061715437221311564,0.036502344226071785,0.05955201490486768,0.061019186839515356,0.04986197575484404,0.040369185150125775,0.006902764430458076,0.04973545427641132,0.05897196260485682,0.056187497935079135,0.02956185369958259,0.018366371235878955,0.022264433672024322,0.044273233360395306,0.03396068449208482,0.040107346475446365,0.03024062785889376,0.05767739964141443,0.038133126974614566,0.0032947053143639643,0.06898773319116339,0.023972271847149184,0.010341606742465523,0.0023987621689457715,0.02024025105542418,0.04727917643685639,0.02789241803615844,0.01780595522818808,0.0531997907994447,0.07688112729406883,0.019700658033055724,0.04405142147090791,0.0006491438867794363,0.036947140830316916,0.05976671537833555,0.048172445254073146,0.028119768644052023,0.02277499631139197,0.019856528075245582,0.027247020243059406,0.0006844838766500818,0.04598185738179918,0.06033666513093915
0.05596452106452822,0.020185933283014833,0.042221800121535945,0.031651558174434706,-0.004838581475820282,0.055967362490583435,0.033709271703686546,0.044856855853959515,0.05270626593591904,0.06416068817679338,0.014653362366434804,0.05845942125331688,0.033701766705642164,0.018383144323553806,0.049333183087095375,0.0960342802051463,0.06113160998421947,0.036502344226071785,0.6536377294341694,0.0937322301410368,0.06071000091004434,0.07727082291397835,0.057678370993730306,0.012727546050718599,0.04703874390747456,0.09310901143510313,0.048600431967593956,0.07239090555118136,0.025182239846360924,0.02135663552770343,0.06274978895325675,0.0562099326821726,0.052113121649311346,0.020126072266286075,0.06771996115176983,0.044825007985003926,0.006659313096284903,0.16536156532075919,0.027777310879700215,0.01716124233079381,-0.0010539401944112245,0.0572389951385944,0.07910158946394465,0.045248001811248446,0.05068878575113359,0.07742642312671738,0.11171787755802114,0.044583107431317076,0.028116985591935376,0.0002344222468562982,0.044483552348221184,0.06144288063174699,0.0543377324658755,0.026456228223303575,0.03648307879402621,0.03655480986631972,0.042378180420809125,0.008938316613964308,0.046590545771154734,0.05206863046703987
0.07684532039350322,0.16168404788738835,0.04566236619026224,0.022035744598789795,0.016085067249166127,0.05596143323967865,0.04496897749723344,0.02935377706916288,0.06442633818593882,0.05959009321262943,0.027888887053948472,0.05863646076822131,0.03288451019405929,0.02384793791116679,0.12885872203196974,0.13829325428570885,0.05228737188627446,0.05955201490486768,0.0937322301410368,0.37603968445291813,0.08705424667796376,0.10365407902187176,0.06832121177084124,0.020257273065704996,0.04799252643117453,0.10879743245097043,0.09169344083074236,0.04238999806342413,0.0329596407597709,0.026038009538988948,0.07386021523960981,0.052963898043690914,0.04800303108343795,0.032130337398873686,0.08403881781134241,0.041643441985278896,0.005747072997999991,0.1432382497734299,0.02429662976359034,0.012713329378068242,-0.028319663059017695,0.043827190687281865,0.08098495048174686,0.037129202207229664,0.08374883355253605,0.11957859136688152,0.1529161644917332,0.04047829890592921,0.038796574407718394,-0.0008199404922145782,0.058059299754013194,0.10725697693555448,0.08325805286936333,0.05071726491624651,0.03652850655329802,0.030840511867852416,0.02837697919922799,-0.0016988752527798653,0.06187181648042922,0.16985826397189088
0.06727813597067901,0.048507608638322916,0.04732189522339569,0.02523135848718006,0.007038923131199295,0.0523016096877057,0.03720189659336799,0.020310706228521467,0.052902139007107586,0.057694303408889355,0.023661341300512274,0.06522849798570422,0.04146054048886093,0.02826037546884652,0.05425996930820061,0.1608456169140954,0.0417579978737966,0.061019186839515356,0.06071000091004434,0.08705424667796376,0.20259841078954452,0.08001140383660103,0.060651989278281394,0.007067722283494278,0.04934542997522685,0.10801971457896055,0.08313428068187104,0.04671502058000011,0.026389509899887746,0.0431813769135641,0.07360059504528554,0.054042852160573536,0.04503513935844577,0.030305803975639648,0.10875691552916687,0.05739572933874527,0.0041816183050234984,0.11527435503367646,0.029636980095618253,0.018384365467867654,0.00229687361509221,0.0489895225777518,0.057729696783977776,0.03957229053919674,0.03687416126157663,0.12199994672766624,0.12014731207745079,0.042414314542724395,0.03902079837121179,0.0013730873205542633,0.05705445013339353,0.07922329264282708,0.07989644055645707,0.04317960383295487,0.03592612047275887,0.02417695463846287,0.02981481904471709,0.0013176460308947549,0.08540322126788231,0.10093481763714893
0.06482344790317099,0.06323965504872492,0.06107305698967364,0.011658940248624867,0.00843964878906874,0.06936754712385845,0.0321629428205196,0.027959697010893392,0.036125427245146155,0.05120184959159216,0.018464952454920757,0.038064526660621024,0.03898949472120051,0.02918077239045208,0.0572472802960193,0.10238289802648066,0.02487363130322439,0.04986197575484404,0.07727082291397835,0.10365407902187176,0.08001140383660103,0.6743438100200823,0.04981485566385704,0.006200103257340664,0.03632963194985936,0.11234224725388474,0.04291606211007396,0.03103650347335582,0.026820442666033617,0.05402221560917983,0.07233993868769005,0.05072921725306289,0.028352074560033396,0.03176087387089205,0.09937468472131088,0.04449662743011349,0.005278347180618637,0.0899157295490359,0.024493576809718014,0.0221409429773911,-0.013830141109849857,0.05333906580447482,0.05769279404476985,0.03283889757273002,0.012949115498250792,0.03191830316366943,0.09110297952049717,0.021391598356876245,0.03431892845202919,0.004142432114137043,0.056243987688513526,0.06904709570050921,0.08869598688874526,0.040921196609039256,0.03329769394327011,0.0389985429008371,0.04492873686567604,-0.0007541952536847675,0.10377036585226289,0.09541855714079264
0.05268786698598062,0.03792536455461942,0.0375239133661207,0.0173505200872315,0.018871231838641887,0.02383999614854745,0.02670556442263231,0.01798363015194911,0.05051723032470441,0.0008184757289479344,0.01634565693264097,0.03783157356272362,0.023936122677867884,0.01966104803061208,0.0602210064530325,0.06292969279593234,0.029424804935428497,0.040369185150125775,0.057678370993730306,0.06832121177084124,0.060651989278281394,0.04981485566385704,0.16521087912723448,0.007289274874692822,0.047318216507443354,0.0762345772724345,0.05148380088725709,0.03510914355250985,0.02925633826438215,0.02242970077523408,0.024253217044931913,0.049180459515015776,0.005034833833590639,0.017469098454784223,0.040832269034627194,0.03295394797415263,0.0033483827081963687,0.09634047284416931,0.01988737956851677,0.01563091692808514,0.002964849919639153,0.023276683430888855,0.03272659031857126,0.027809714005093824,0.024251389363062283,0.06334382259148366,0.05527074928366903,0.034876226772645284,0.027810861202752085,0.0006228595897617665,0.02884777293153982,0.07950701749325956,0.04881172095684688,0.026132027864810715,0.03071635190867175,0.01808173986348268,0.025716480639375292,0.00204736662694548,0.05203437609495751,0.07245829925490092
0.011404893446128972,0.016693135484254516,0.003388105550121748,0.005991070885290893,0.0022351355944224298,0.0025955400464607787,0.006562736284687178,0.004616226373208757,0.0038638489555744043,0.01226078701388147,0.0003223950357323333,0.005540043666376696,0.004331808010251487,0.004705973048776495,0.012385235406301673,0.004254172082055552,0.005116531749106036,0.006902764430458076,0.012727546050718599,0.020257273065704996,0.007067722283494278,0.006200103257340664,0.007289274874692822,0.016635431031941296,0.004458376910645424,0.005098498145449168,0.013930426501887637,0.007031343342144853,0.010307808264143807,0.00042336969374548173,0.005471803529101774,0.0039115920950544385,0.0033399552138532263,0.0007342612418885538,0.009690858380958248,0.007120949224792768,0.0019179494560774778,0.004577898490664397,0.0027653313928316867,0.0034774051317755113,0.005891454321065679,0.005428240622107845,0.013137299796531714,0.009524198807263528,0.006874835673760882,0.015503155180475438,-0.004346054907910592,0.0052435550944349455,0.0043389325824238,0.0006231427752930292,0.003741961466355513,0.0008812994581475498,0.011509457770298534,0.0050151593388910775,0.011215157015445705,0.0009670453309206546,0.00441338122041576,0.0010029297903298023,0.005196828292548713,0.010656621432073785
0.04958180866787785,0.046036876655463264,0.03397476653778154,0.01990923063745796,0.01660267603278162,0.03409112628011204,0.025350983348418277,0.025362473035364336,0.03817098592478948,0.03676511247369215,0.02387235015652777,0.04433022368176247,0.021925254579689246,0.019029464249424234,0.03624451184787913,0.04835946769652863,0.03253928255398039,0.04973545427641132,0.04703874390747456,0.04799252643117453,0.04934542997522685,0.03632963194985936,0.047318216507443354,0.004458376910645424,0.08694745571745924,0.06416989560068634,0.05896707006504814,0.020926646121957878,0.02156533099350737,0.018394483205230287,0.04299506881655003,0.04096711670806239,0.03566290412318185,0.03160863069487028,0.044955268648601575,0.03610538271648101,0.0053416459278313785,0.05499075256528723,0.03213089159513933,0.013940105134533072,0.010205060846587111,0.01407693178424221,0.031942701246134894,0.02759108025107535,0.0160686124459552,0.04029662815861979,0.07560138353503135,0.01778783475862083,0.04245667583173797,0.0010165449896591583,0.03993602887847325,0.06351694762125341,0.04487728116422804,0.018803885834328446,0.03086380984615569,0.019569951369798996,0.022263904622370156,0.0033599660841286644,0.043997655106200566,0.06807332968004119
0.07719354909318649,0.05933618443900636,0.05430500684605208,0.018829626616240595,0.006417976568646336,0.0740645702262301,0.03201104772537516,0.027857389063838597,0.06606185846340196,0.06740860572114532,0.030528133775874856,0.05141672385991221,0.037118053099809485,0.0449579705675986,0.07429895795176591,0.14807881752819926,0.048868767733194346,0.05897196260485682,0.09310901143510313,0.10879743245097043,0.10801971457896055,0.11234224725388474,0.0762345772724345,0.005098498145449168,0.06416989560068634,0.34347447548010995,0.07442708791530032,0.08660703897495604,0.023947881257704497,0.02645903106946718,0.09100587590941282,0.07213941462438733,0.06941704208456372,0.04082138994764913,0.11223716710637484,0.0621576677707745,0.007415014493368234,0.12778338061167174,0.03508029011011123,0.013769267105726976,-0.006930238162216573,0.07618242322681608,0.05830005118994641,0.03132395777647863,0.03166423830619099,0.07190285431579016,0.1784445053139434,0.05527295036326294,0.041216595203652895,0.0004032861234025592,0.06381213446761466,0.08761553757100816,0.08499596617436643,0.055973387366337266,0.024375715445861246,0.022296931313201488,0.04608370515073148,-0.0012573957630845206,0.07921142209023783,0.1300521518417633
0.05952022462830071,0.09408741778675492,0.04463816620111919,0.03312362834087938,0.016831386455276705,0.04125355357901936,0.034878368187225346,0.028494884861990807,0.04663080680283323,0.05624769837036813,0.030764523000462105,0.08760824113803915,0.026417949228834597,0.019635223760041252,0.058142266837935955,0.058302239771285284,0.04128074611922695,0.056187497935079135,0.048600431967593956,0.09169344083074236,0.08313428068187104,0.04291606211007396,0.05148380088725709,0.013930426501887637,0.05896707006504814,0.07442708791530032,0.3028254609368881,0.017894889678707823,0.02808865849199469,0.02365884423472081,0.042685777345877696,0.05380678730570725,0.047221988597720185,0.033038523565516315,0.07018108980403945,0.04789346187572416,0.005331689069942309,0.09980326497054706,0.03393983794301632,0.018845024215177895,0.002093672264440004,0.01915889741894002,0.05871245812706433,0.033374382626931584,0.04470402573778523,0.06726898944562426,0.09580222346688394,0.021341702203632757,0.05647116872495784,0.0013370727762454433,0.058993753142938574,0.09291192814819117,0.07366553061378255,0.04389680862835535,0.0451386218288963,0.015272297024187085,0.017727587709867945,0.002673098636659881,0.02863911342008814,0.06280330005838863
0.03718028074044388,0.029563498924324305,0.029423504478086452,0.009130864097894358,0.0026455347320575072,0.020902238038292706,0.017040762066843712,0.01346453234817505,0.04184361627594368,0.02584556274692243,0.017836732555832915,0.0393191169953263,0.019810284238745354,0.0300863079819353,0.015125507255217344,0.07367864961019681,0.02460752514959185,0.02956185369958259,0.07239090555118136,0.04238999806342413,0.04671502058000011,0.03103650347335582,0.03510914355250985,0.007031343342144853,0.020926646121957878,0.08660703897495604,0.017894889678707823,0.20468123379137104,0.011143800894284775,0.01929071906588194,0.04488493056873998,0.02604474249058314,0.031832400057517016,0.013768252186186828,0.05452655713165745,0.023854600467876373,0.003663844075169724,0.051282670168548025,0.0063975779755815225,0.007123499352608177,-0.013325453375772314,0.03313701406957761,0.0286275337838325,0.01704368143428805,0.01778684180134186,0.04759659578963827,0.03694481083464584,0.0311254736115283,0.020276948509059613,0.0002896339512853601,0.01970891924925589,0.0010746417126099338,0.036088018639907654,0.03271358656122429,0.011881556322565715,0.011953948948159784,0.026040038467770348,-0.004471981440793409,0.022242425454687846,0.06770415414158794
0.02947916905114672,0.04925867979676448,0.023066429358594612,0.01757450702381485,0.011240111018416382,0.012305860929761075,0.0203911740630123,0.018469404337827906,0.018795187107020234,0.0197967524984463,0.005248731895885235,0.019977297212892722,0.01367594396424294,0.015279309696439236,0.03348871281587122,0.021327875234614567,0.022469998658645934,0.018366371235878955,0.025182239846360924,0.0329596407597709,0.026389509899887746,0.026820442666033617,0.02925633826438215,0.010307808264143807,0.02156533099350737,0.023947881257704497,0.02808865849199469,0.011143800894284775,0.044297810056332876,0.012773578306483506,0.017609069650740394,0.0162742968222847,0.016367836720185484,0.0076447660740118755,0.028704143562637903,0.016436699362734043,0.0030995507367513565,0.04624902367033134,0.012285687979593712,0.01597228265192581,0.0012791596974296437,0.01579654945620572,0.027853959263922444,0.018656277434597215,0.016089263888767445,0.033380687728851485,0.010710000667886185,0.01451256842601,0.014913675373134892,0.0010674462568091361,0.020245694077243515,0.027960989458137128,0.03579691279408759,0.019272769799181338,0.032904541132812826,0.01094658141083569,0.01446804293650256,0.00488756796993256,0.019285514790100235,0.042232009604975376
0.020486268080279257,0.023370173971536068,0.017483090971663517,0.014129953622263249,-0.004374908445165188,0.015174749689281092,0.014426982259521654,0.007317425416743178,0.02102634895704536,0.012682737530570929,0.012926015417681595,0.017990568706478062,0.019076699436781596,0.01773230151613668,0.020331267223080752,0.046345165845967484,0.010859501660018915,0.022264433672024322,0.02135663552770343,0.026038009538988948,0.0431813769135641,0.05402221560917983,0.02242970077523408,0.00042336969374548173,0.018394483205230287,0.02645903106946718,0.02365884423472081,0.01929071906588194,0.012773578306483506,0.0851458955516982,0.025586581162735603,0.009506108957950473,0.014215696115427381,0.010050525936565906,0.025957758250905023,0.01854747877219536,0.0026206583939856485,0.030379767100139937,0.010411297978441675,0.011363050027498075,0.009630945846293263,0.028873679680987422,0.026938184981685993,0.014552179980586992,0.011831249561358026,0.019790629754293385,0.050837911469107135,0.014677593743235828,0.015647611577359513,0.0018783836753889652,0.00836988421944953,0.03209924082795478,0.02598520548027776,0.014131034063569695,0.01887064949463925,0.010838796150052647,0.014943010629835288,0.001725206414022572,0.030870887014327428,0.04938981758019164
0.04058731192062908,0.06786760735646559,0.027433480051745875,0.017120860129257072,-0.004418080314131523,0.061654025996270095,0.01613812406667664,0.017067826530385324,0.02386220283764416,0.04420296949966527,0.0245480863734502,0.04536037404556404,0.02982511198507054,0.011412321114267834,0.03755622309173658,0.12888174245008072,0.029731784538655374,0.044273233360395306,0.06274978895325675,0.07386021523960981,0.07360059504528554,0.07233993868769005,0.024253217044931913,0.005471803529101774,0.04299506881655003,0.09100587590941282,0.042685777345877696,0.04488493056873998,0.017609069650740394,0.025586581162735603,0.23599331697833043,0.030451097195988396,0.07070399208001828,0.022050195204551624,0.07248465001793032,0.03315901731226169,0.0022038293681087766,0.06428287589087626,0.019496733198101985,0.009943416905884676,-0.017575465891786355,0.041109794674852734,0.04146053303248675,0.022575572609256578,0.04842411738397897,0.06707365385854085,0.10894930092425764,0.05567569431945674,0.03260150376761496,0.0006295561211209344,0.035349664132877774,-0.012069824226878474,0.05287736185284898,0.02743220066888613,0.02223332711870055,0.021735600523048855,0.020498817656960024,0.009047084123549758,0.049250829357022914,0.08272298718703201
0.05018399948898275,0.03706393856932903,0.03586819689952136,0.02162125261580672,0.01508547571751655,0.032809288432500736,0.028986262081676647,0.031022099226265545,0.04557230034531731,0.044894151849213304,0.01857201783852982,0.04118007749438763,0.01999959286521905,0.020555064068944397,0.03311349595393088,0.04692966044538338,0.03048775824814402,0.03396068449208482,0.0562099326821726,0.052963898043690914,0.054042852160573536,0.05072921725306289,0.049180459515015776,0.0039115920950544385,0.04096711670806239,0.07213941462438733,0.05380678730570725,0.02604474249058314,0.0162742968222847,0.009506108957950473,0.030451097195988396,0.12865388544505593,0.03352309125788978,0.023938698935239512,0.0467708094325323,0.030016706294278928,0.003426264237057976,0.0764466552645638,0.02525497919977945,0.022398505999111428,0.00025777167715178734,0.026082853461003367,0.036127380295140545,0.023219197327250363,0.02184000839499947,0.053558239617111904,0.060452020894139646,0.01507741247084314,0.029336596152935098,-0.00041238219919678785,0.03280251109650962,0.051440281223168356,0.051125941968877424,0.025342612152611736,0.021866148459273763,0.021184759408558573,0.03471896579242725,0.00779009265477074,0.03517938412181029,0.024780423856989652
