0.4798228650927828,0.021562197430761966,0.05319668178022131,0.04221746998789426,0.06671163953439639,0.0258977071627344,-0.0008754243093659874,0.06603749767733705,0.02980074945074492,0.0531358523186365,0.15407083647526515,-0.026036080010053756,0.028015624842502897,0.07220847463834351,0.018660549833631124,0.07464582439355018,0.05524818470198559,0.00720520412564966,0.04487892043941296,0.08683375481390032,0.15175386602312121,0.03656906653603972,0.04865671368207247,0.010368723887469877,0.07312741870574217,0.0751328894769046,0.10499566841591552,0.0969146274738717,0.19111296881552584,0.002389085050727222,0.07031852883141827,0.0922161312725785,0.044617888891445905,0.07806621327475408,0.06677700074378291,0.051079257508724156,0.062476694600457655,0.050368515564246694,0.04529181633942871,0.039173214294414886,0.02733214293938278,0.03866747370086015,0.20731224902969367,0.037231123442933285,0.059144769356892606,0.0026298298873837582,0.009609836250018027,0.08287687184184984,0.08725646128918638,0.0006702203257066101,0.175203636994037,0.03981693303508931,0.09241811524893308,0.042865520435974025,0.0788214851945629,0.0916676493129932,0.04870379804241581,0.04515161148796274,0.06640201473427461,0.22875815580143585,0.04399675132030889,0.033760176438904485,0.0591910014442082,0.06571643794536948,0.0742053966407399,0.05540711591378123,0.1865431504465206,0.03966452155807567,0.1313757920872199,0.15779644958065145
0.021562197430761966,0.35692738634388754,0.03107820508944003,0.00012869631505281,0.027917825271197357,0.010728279635909622,0.0005787104059971369,0.016795724128657902,0.009855516599056239,0.012911578787805631,-0.0043951424401295095,0.019128835984408097,-1.7140583312280922e-05,0.037749054988744576,0.024038563606787904,0.02196189624044897,0.040788870167589204,0.003521180919869267,0.019677046213648172,0.0051073923863352196,-0.004583722333642088,0.026760189551231144,0.021725837660044663,0.0007917700771939769,0.02334712898979731,0.003957008407373204,0.01983654456566694,0.008429702087939656,0.04657419367367308,0.014584637447653745,0.005059564886256784,0.026050288995869024,0.029834579910221485,0.02533037426905632,0.019062160892303184,0.010051264336895696,0.021355716466477322,0.0075129307714718666,0.02176474669348559,0.017679820303523757,0.02552785400022381,0.01886745087749271,0.00020544503730831714,0.027973621848531086,0.016448261244490864,0.0018088968252218717,0.003358632650272132,0.02575213387659439,0.012386562903664826,-0.002293877750206567,-0.0001430329070888534,0.001231001055599191,0.028447362816198144,0.01286858884343016,0.02781135020990627,0.02799814837500889,-0.013695733651096848,-0.01574289981985393,0.05111458542158542,-0.012299472745956082,0.02045563652136393,-0.00015760749908290308,0.032079796102534384,0.04467820548387312,0.014997595048512353,0.0072667494967454055,0.006961550730115937,0.024672959635133752,0.03644336138425031,0.050268186185107415
0.05319668178022131,0.03107820508944003,0.12266796495273734,0.010980960661570564,0.03335089678951349,0.00868996853824524,0.0021112567836443752,0.03476046736117926,0.013141676376273649,0.02179903513222068,0.0709817602818532,0.00947876689414452,0.01433091830310486,0.030652239825848984,0.021595497801038224,0.03527836052703996,0.03334363191900879,0.007278641285491758,0.02035598726397741,0.025710975043961602,0.033358110406173015,0.02463763519739902,0.01768947970289925,0.009892430622046052,0.027580433586549175,0.008845966024955047,0.04166394449252418,0.03843382478327465,0.08318919401470197,0.004145074106264445,0.01708534737305724,0.0435605855304699,0.029870852988735524,0.03633921573756118,0.017489719683667214,0.011798197227793454,0.013612841678317939,0.027713991117686056,0.01636392566163389,0.012477614445854587,0.030371141535915507,0.027622337672335486,0.06126343331023527,0.018752945615294916,0.024386690738875776,0.0025212393328289677,0.0027080258027715846,0.0345284628542288,0.03131386465021311,-0.0008811054777198857,0.0755167524956527,0.01471146260859034,0.01761255759118438,0.02667500340727368,0.022204568853594113,0.035386855100300874,-0.005267436415300384,0.02487930530895913,0.052131974082891386,0.030965603561112682,0.02411105162497661,0.02164833684045545,0.035487569215536245,0.049271116028190495,0.02109069989490106,0.017773479808773477,0.025145379670535793,0.031584958923772014,0.03609355112829876,0.051810590053934305
0.04221746998789426,0.00012869631505281,0.010980960661570564,0.08448081101178563,0.031935660025706025,0.015575595523559934,0.003273469585901643,0.024322667624631495,0.0015922204472993441,0.013670768514446562,0.008017531479752584,0.0030369879291320084,0.018206709955675696,0.015165366795310022,0.01890137712664557,0.019266207184620174,0.023685518880104454,0.020446757635153537,0.012643876308456472,0.024151992111116797,0.02148347260751994,0.02334260042981283,0.014865527032961118,0.005022206245849866,0.02385195781724343,0.020148329833898106,0.04168677886259693,0.009589262545248717,0.022727583888500224,0.009813984225909865,0.02513831487396319,0.041252788281773346,0.014371192115922471,0.020145631019743523,0.013590454680897006,0.0014855759673656778,0.021777287010227638,0.013833244127352736,0.011916965108622309,0.012197706061365799,0.005469680134928544,0.017453963871588683,0.01907924156007297,0.013795765554019492,0.025451134328438017,0.015092603308212233,0.001958670251322569,0.03054907469543309,0.03635946486785644,0.013596491849044571,0.06052938587258532,-0.0037042146348721544,0.008242824648232294,0.009476757197585185,0.038444602604513455,0.03567353031295338,0.0013868897695340666,0.015082657947995858,0.021599421621948677,0.03587514144585519,0.0037955884430947253,0.02364628652914451,0.020962757645032526,0.023403863187927008,0.023042746921680027,0.015442816727984284,0.058799041642658124,0.020192909100762546,0.03192987372878485,0.061768806657030946
0.06671163953439639,0.027917825271197357,0.03335089678951349,0.031935660025706025,0.20354571472905636,0.019421433891774715,0.002742980196032186,0.03798490771440414,0.0073604049821562965,0.02629188115611503,0.0593003741707565,0.01317023476296932,0.025229780815119774,0.01629716654523625,0.037052698965701736,0.05447175802077122,0.04291485457508203,0.02457918707891293,0.029369121978285638,0.05441241935399626,0.07971815879931278,0.04759096345732942,0.01814057215030262,0.004704501761942646,0.037638854700260925,0.02837454619449108,0.13378524673346556,0.02955588233379042,0.04026354642757816,0.014932065301082743,0.04248971002466992,0.0478570730749152,0.03267563059909983,0.03356962294452711,0.025917528320484752,0.025703982107398556,0.031710553641380916,0.027017565089911707,0.02211125805192091,0.021617050459703732,0.024623290662699037,0.01722898763636292,0.09278213338521198,0.018913350498200688,0.04449060521992575,0.011387666111918087,0.0047005196811196,0.04212891800834525,0.04374785205624593,0.004082575331894533,0.09253999839208499,0.01660144302942942,0.032887732606656034,0.029245227163964035,0.048462593833015676,0.08033660573309018,-0.04965910167949049,0.026140941529525244,0.06415672361058523,0.059657031758083526,0.019933964915353018,0.03379728275939893,0.042600046550892105,0.05541674009903987,0.04411736319538656,0.027203904950234753,0.078323585336001,0.03357222186918975,0.037667097932724845,0.07652837474418493
0.0258977071627344,0.010728279635909622,0.00868996853824524,0.015575595523559934,0.019421433891774715,0.03470282290846197,-0.0010435375359374149,0.012778460159013055,0.00691734269626976,0.014175118432013802,0.005613656074992626,0.008961059781139587,0.016619842329283,0.011808527110029637,0.015184747157558062,0.015531677919049063,0.020660467879585243,0.016974820550341954,0.013242505974545654,0.02209294830712437,0.021589420450430028,0.014089873771025229,0.014082373436527717,0.0021734729582073152,0.011804829183373762,0.013961831720908173,0.027080201282021887,0.021822940648293262,0.023169313877783242,0.0029333396064581416,0.019892712918685728,0.02029353314860616,0.01804912395808778,0.019366823163072516,0.013145635460024624,0.01223348036305378,0.018823337084248153,0.0074667829227495685,0.01891574675124949,0.012100280125181597,0.019152019121407387,0.014375219873269918,0.027623388763552487,0.01599799439018,0.013661348893010506,0.01664503096722451,0.002243656507422032,0.01955797992535584,0.019073439640718764,0.013907287650939236,0.0002819191254273141,0.007934968273923699,0.012279942422392305,0.010165690963635789,0.026282916255004767,0.02182961273454795,-0.004207704476516721,0.012322860190640267,0.018141374441511964,0.019346763250688223,0.02080614897379158,0.01331322401736965,0.014120838389614261,0.018574855720884197,0.01015138162609899,0.011615264885012116,0.03513497946723995,0.02418854112682156,0.013214333950765919,0.019826019468572646
-0.0008754243093659874,0.0005787104059971369,0.0021112567836443752,0.003273469585901643,0.002742980196032186,-0.0010435375359374149,0.005092446052267082,0.0012605598480385847,-0.0018322900221359286,0.0010891396959772678,0.007832382470915394,0.002282665459629238,0.0006727330871646323,0.007153863675156974,0.0034236579033800445,0.002328528614897953,0.0006743546184542995,4.159223804906529e-05,0.0013108073034677487,-0.0034174721582011214,-0.0001620543598941656,0.0010305055118111485,0.003807942368494318,0.00043079396846712654,0.0020131614157127566,0.001971038565282965,0.013625417973675875,0.0019904923858484647,0.008524296402451555,0.0010641845152204738,0.0010988680858540856,-0.0017604265525923972,-0.00029811556068752674,0.0025947859756237134,0.0029763581115802794,0.000597346515026948,0.0005002063600020819,0.0035734160630391124,-0.0006973932210295745,-0.001557086281942412,-0.0005843958738806631,0.001984962620907436,0.014402558699325914,-0.0013139908553172065,0.0028349493803724256,-0.0002573036234436939,0.00033697981808569847,0.002393664976589973,0.002689195520628216,-0.0013781971437759543,0.006881246066188928,0.001424010523201779,0.0021715611828730164,0.0012673009245588237,0.0015778645006970888,0.009719466891132391,0.0029876938291601997,-1.6365132447391603e-05,0.0039061964896657257,0.0012266336474375788,0.0021593670830927004,0.0013143707977197544,0.002359279832232915,0.004242114983859792,0.0008772318215674149,0.0024762561009263385,0.016932642509444144,0.001279068773152712,0.01233753717500056,0.01040708877403331
0.06603749767733705,0.016795724128657902,0.03476046736117926,0.024322667624631495,0.03798490771440414,0.012778460159013055,0.0012605598480385847,0.08599772496761521,0.024154009224176015,0.043017053652291026,0.09340886157447621,0.0006783881738496071,0.017911453297314726,0.02280138326087744,0.01864200700200739,0.037947602521888266,0.05170437816246364,0.0038987356070383727,0.019054990481198485,0.036839694016976586,0.0798004146378915,0.0269349660374236,0.03528999103623568,0.013384923178663603,0.057024554934759844,0.030751376995345123,0.07312151023647266,0.06084586216360989,0.0880876492435265,0.006321778569014781,0.027481357703624476,0.05267655014764801,0.03790639586294567,0.03851837038324505,0.03929828687673639,0.02807433424255842,0.03307303313573665,0.02838424162807688,0.02026287354680213,0.01979071364331687,0.030821300527137302,0.0450946776291524,0.12251790557614098,0.023430502307430035,0.041321488787686586,0.003115005584134718,0.003992238683088768,0.0648241199856839,0.034936465145158954,-0.006604183411310349,0.1256057436647751,0.02499432439166338,0.044387448007841175,0.028534404439935178,0.05111361486708184,0.06081245949710337,0.015444433625073995,0.034098883278332735,0.05904194600827933,0.06516505102233958,0.04326356139059793,0.02423715141333628,0.04523642411521135,0.06459985604667785,0.03996172419497388,0.04183069400732883,0.07073305827229283,0.04904018637453908,0.074227286680777,0.09378728743759387
0.02980074945074492,0.009855516599056239,0.013141676376273649,0.0015922204472993441,0.0073604049821562965,0.00691734269626976,-0.0018322900221359286,0.024154009224176015,0.03779196469197726,0.010816781794294694,0.02270451466110065,0.006336592812967818,0.01246104462744248,0.005557896335857191,0.002868849455919226,0.009153497058700152,0.011837601226918522,0.002711137972460008,0.00692217553020747,0.009160019111837673,0.02728301708298618,0.009352195641419028,0.008572413929390134,0.005679959441488626,0.02155066753242421,0.013131402826708855,0.010844525706538292,0.015669442596964595,0.0026640428451767343,0.0034923002072566006,0.009789048168793375,0.011508684113065283,0.015623814091459964,0.013948491566620954,0.012195093764517263,0.010095478114804636,0.017210543916695215,0.005070077925418732,0.01067128835262532,0.013118664287426203,0.010717810376209391,0.012481825605572415,0.020929420178213247,0.01294937042503594,0.009705564474854423,0.0030997084440106534,0.0011643014839555054,0.02286656513569331,0.006766070288593064,0.0027072010266938587,0.02984629552987202,0.0037555720480039662,0.007062912614026589,0.012100024309037177,0.012976849162063011,0.01549080948132745,0.011373509170511217,0.015595671340507832,0.017015551021631357,0.01297676283813262,0.013641482263698289,0.008036972216566223,0.017360284305417837,0.022847909075301126,0.020236512921657547,0.009280780510150032,0.020969438346089768,0.015476736495230039,0.016718803912966058,0.0199108902959508
0.0531358523186365,0.012911578787805631,0.02179903513222068,0.013670768514446562,0.02629188115611503,0.014175118432013802,0.0010891396959772678,0.043017053652291026,0.010816781794294694,0.07148844186985877,0.082178076213608,-0.004805933071842424,0.008655823560876198,0.019772556923825128,0.016957292799352555,0.028514743110111738,0.042368931802747846,0.007390115802694626,0.022046382541895566,0.028907822206162632,0.05711580844445524,0.020094474172281378,0.03298752727979119,0.0028675840011283503,0.032926104254648356,0.031114014293567537,0.04849044595800911,0.05382626169425564,0.10429138867336316,0.007854194172521903,0.019920097028991286,0.040178098074961525,0.03126659235667487,0.03914380634285749,0.044997324686258916,0.026576856893722637,0.029705299399814235,0.026154591117126254,0.022297699822125875,0.011174992891177501,0.017102660330027858,0.03373320812418581,0.10669075586036612,0.020077232408276594,0.034739109854800526,0.007868674103621605,0.0023073040337897423,0.04160621358710195,0.01572829262492957,-0.0030485617471839904,0.14211999521766416,0.013444243198500079,0.045627709715708197,0.01969738777750612,0.045940989336959635,0.04831496869493862,0.006901753650785871,0.0246817869900666,0.05502928446367337,0.051240277231085686,0.034063864494886006,0.012654099804191129,0.02376142151062461,0.053992856384006624,0.024060718987630958,0.0373618450288913,0.060584937831806115,0.0412704682985919,0.07377432805424339,0.0802434734035993
0.15407083647526515,-0.0043951424401295095,0.0709817602818532,0.008017531479752584,0.0593003741707565,0.005613656074992626,0.007832382470915394,0.09340886157447621,0.02270451466110065,0.082178076213608,0.7109787614237983,-0.01369445184429198,-0.002182560429449112,0.07622302639627634,-0.00984250193867408,0.07775668578362452,0.08791496955891823,-0.014825268398271632,0.06913838267336145,0.07343858398118264,0.1503582699400264,0.018471382460959484,0.07207031075711158,0.02185272452229517,0.08968147906615355,0.08986971931506245,0.14151167465607206,0.1343146714509058,0.2181134217763349,-0.002443542630598559,0.025116830208343734,0.09878200802859183,0.06469755181789383,0.1091785930007929,0.0989999716173394,0.06864690769047298,0.041994545038866765,0.058694305827145465,0.024106514873326778,0.0266524743686671,0.02012424533849549,0.05458781330839003,0.2678671196368655,0.034949098233168635,0.0688413956927362,-0.0019696716663330873,0.00512368751294441,0.09113753002836315,0.028591118400786517,-0.024509992470472315,0.35202712194035424,0.053305219170695146,0.11170298883257604,0.06215813411594244,0.07983830085745901,0.14330908864753497,0.14308952843180273,0.04869216243185232,0.09793856672525372,0.12067340471076488,0.056015702590452236,0.03621748392524245,0.0949795292260938,0.09784205226521794,0.08339437016351915,0.0786034630055367,0.1630808411085569,0.06109003195873851,0.13879007484347888,0.20587643308114578
-0.026036080010053756,0.019128835984408097,0.00947876689414452,0.0030369879291320084,0.01317023476296932,0.008961059781139587,0.002282665459629238,0.0006783881738496071,0.006336592812967818,-0.004805933071842424,-0.01369445184429198,0.0721714194083643,0.011174241102228515,0.003975188890878344,0.02757791994950874,0.0028972552957531013,0.009686241170446998,0.01490780915139915,-0.0061593019053889555,-0.005244482058561923,-0.002898628734079027,0.01061116257375672,-0.006442742862790826,0.006310689934479465,-0.007452679423529065,-0.004175720641571072,-0.0011300721102898287,0.002916941654361751,-0.020527511752693243,0.008286098762421961,0.006922975750948424,-0.014579017527917085,0.012670652046463584,-0.002370095635063241,-0.009376072551946417,0.0035349082169402616,0.003824049505670858,-0.00020404104466618969,0.006787507496362866,0.004285196623663988,0.02293308379483163,0.006449823295664326,-0.014939743763485171,0.00748405399290463,-0.0010093757098662854,0.006542040950306208,-0.00015488210317176826,-0.007665469676452539,-0.0011553418746616934,0.010714500217537276,0.0006200146948395046,-0.005245267909586872,-0.0056460768743028114,0.019277442129125393,0.008551656626668987,0.00950550670511806,-0.018771730374520342,0.005324979513801425,0.015149799359687563,-0.016086814633144195,0.00568992888565406,0.010830901609657514,0.021939640832567713,0.011162636127717316,0.003864104955349553,-0.005923350346255768,-0.0036683104235820953,0.008095328282663985,-0.023954418633789654,-0.01121577061997054
0.028015624842502897,-1.7140583312280922e-05,0.01433091830310486,0.018206709955675696,0.025229780815119774,0.016619842329283,0.0006727330871646323,0.017911453297314726,0.01246104462744248,0.008655823560876198,-0.002182560429449112,0.011174241102228515,0.09353262366227116,0.03449343124124339,0.015200549928695638,0.027729680427220307,0.016947764212207273,0.02111483036040916,0.01812662929103476,0.021750660536693545,0.033074395912423,0.024307906721073122,0.012281061378987396,0.00880695941755589,0.01945615513291161,0.02641914968974543,0.01756748660158182,0.028919448685580544,0.01732843507397916,0.003923907734385139,0.03030762337921923,0.02819393571585766,0.025533132942737447,0.032871276094318086,0.007739469241844816,0.0267462333696129,0.020823007466948946,0.0032108396110209023,0.017554666521703066,0.01659030450350409,0.03541018161484853,0.020352095782961516,0.03882908009708614,0.026031263110453087,0.014540899450912578,0.012541838987788026,0.0009115910174182907,0.023519991567274526,0.036316019172559263,0.00879751482048252,0.0493832661990843,0.03305329653719461,0.02277626038705786,0.013858258736922504,0.02938846284648465,0.034931560743612575,-0.04392682614749997,0.024401788636481594,0.040514897709969154,0.039547949117966295,0.017454786727707592,0.021539184016484126,0.028771911673204146,0.024694598738530943,0.021425633444636185,0.018647571544129243,0.02255823497118391,0.030093844159887775,-0.0012419102361326468,0.043688168012195626
0.07220847463834351,0.037749054988744576,0.030652239825848984,0.015165366795310022,0.01629716654523625,0.011808527110029637,0.007153863675156974,0.02280138326087744,0.005557896335857191,0.019772556923825128,0.07622302639627634,0.003975188890878344,0.03449343124124339,0.26718154188151044,0.02424914607735857,0.03919338623655372,0.0411183304755103,0.004483022852953214,0.02403551994858539,0.032701294106036664,0.0864850081637265,0.03277710383751344,0.02331303031034969,0.009659013519379258,0.0333143659120831,0.03477305232520552,0.03245803074327596,0.038079385510452965,0.073995922795739,0.0037616498076350428,0.03782768187631237,0.04749066647283525,0.01897469776438586,0.047906024541136474,0.024393944547590092,0.031864590890044,0.020387033035660976,0.017935284421205202,0.026821423566488492,0.009675144870340551,0.026964749583087203,0.03710860763600759,0.07797357233238593,0.023869411430501586,0.021310314744456143,0.0042846887756697,0.0015323284409421167,0.020310393231074003,0.05429129100913452,-0.005177568790915313,0.0026066459332791557,0.04948727610045346,0.03579463520337114,0.038081851288777564,0.04445363878638344,0.07651461454335383,0.027707291866036234,0.023533840282885046,0.03828627955844566,0.058319802098724186,0.01446753008104906,0.004677305972462282,0.035507068726518,0.03598054193056731,0.0201479345413212,0.028313110735341842,0.08372435891121809,0.018256968920454544,0.06260621954473568,0.09879832702059999
0.018660549833631124,0.024038563606787904,0.021595497801038224,0.01890137712664557,0.037052698965701736,0.015184747157558062,0.0034236579033800445,0.01864200700200739,0.002868849455919226,0.016957292799352555,-0.00984250193867408,0.02757791994950874,0.015200549928695638,0.02424914607735857,0.12533907231160638,0.032530012884077385,0.03328663527068719,0.019431853051548077,0.00960690998262302,0.019649404873325525,0.03611090659952259,0.02540597257263548,0.009424351179812428,0.003405916442411533,0.0010821167511919025,0.012717866458750338,0.03159220948940817,0.01195790734435078,0.047335271380746884,0.004569717237587994,0.021871107082905968,0.023688237723132357,0.02234475804898825,0.02201115413833029,0.012198141790570221,-0.0013005813389819851,0.018914377833600806,0.010424833375378945,0.023103092132358283,0.012843792606419598,0.030120214432610162,0.01846238954098495,0.06279364837501403,0.01857307180233256,0.017940578470171848,0.014801532222321407,0.0017591789628617987,0.02559036453806921,0.024531570712527994,0.01649498113462971,0.03793024002205465,0.007996855067163059,0.003423891722684633,0.025856555519680843,0.030014351395803066,0.028544142237354433,0.0027536332417085916,0.018777802673655922,0.04420943698362201,0.019759497856299654,0.02931520533424407,0.01268182139805344,0.029743125312178178,0.039937573034760636,0.013325611816931008,0.019563444383083696,0.03832613122180348,0.03858016344212394,0.0410211090140481,0.02304563588265955
0.07464582439355018,0.02196189624044897,0.03527836052703996,0.019266207184620174,0.05447175802077122,0.015531677919049063,0.002328528614897953,0.037947602521888266,0.009153497058700152,0.028514743110111738,0.07775668578362452,0.0028972552957531013,0.027729680427220307,0.03919338623655372,0.032530012884077385,0.15025431559536565,0.021701501899932044,0.00794350561696239,0.036104119986150554,0.03203078336236861,0.04828019275912835,0.024572695008979996,0.02229656971274149,0.007282598841753479,0.030727737765646256,0.025243171016553215,0.06043842860498573,0.045874622973748974,0.08531487884625019,0.0020220248762368707,0.048773166960389656,0.051915081235646365,0.036437107500785104,0.03816553013892767,0.033407322326699414,0.021624311292147532,0.04788490465863769,0.014653482570916938,0.024908460031955796,0.020002340496076874,0.03137047281362677,0.03151167893564143,0.08432155900966135,0.024576279570011565,0.040701397755073726,0.008635247294497678,0.00599247000923775,0.050749450045138,0.06437277296993392,-0.0008728702713729197,0.09000444183788159,0.03437713543991647,0.04576856017723815,0.046434945001838514,0.0462504958762931,0.064466569096825,-0.0015170102511880097,0.03200093057349983,0.04508453647035616,0.0817314862794204,0.018045254772146916,0.035279143223034506,0.03385081635550714,0.04645997095426682,0.0255964336177386,0.04430527691152388,0.0910165942061632,0.028578235727360044,0.06771033185111884,0.10839602521355224
0.05524818470198559,0.040788870167589204,0.03334363191900879,0.023685518880104454,0.04291485457508203,0.020660467879585243,0.0006743546184542995,0.05170437816246364,0.011837601226918522,0.042368931802747846,0.08791496955891823,0.009686241170446998,0.016947764212207273,0.0411183304755103,0.03328663527068719,0.021701501899932044,0.21738547332398447,0.009668587441323389,0.02797661252666636,0.0416602415491119,0.06547094034690126,0.029667500735794005,0.03224347311992695,0.009979513038187345,0.039483306446579325,0.030404846467365253,0.07806404446649005,0.06075302223683079,0.07579782671682807,0.013781134877148866,0.02278319868409305,0.05068030156955137,0.03959962702337916,0.04818639471234671,0.03860288800464767,0.027936440841162164,0.03375129849903132,0.033902085304688495,0.020033671290331748,0.013615596907090218,0.04062027676390887,0.04655139707081212,0.12877800352766366,0.02978103741690862,0.04281073729783823,0.009884402958806273,0.002917362844335249,0.046703890197838424,0.03203785393864826,-0.00027398273362902643,0.11284079503359759,0.03251217982107064,0.04094678801394302,-0.006994069740891848,0.0386018350859736,0.07682927843834862,0.031187175811259293,0.030325024753180715,0.07624829125139578,0.07080456775227341,0.048398361162741654,0.025097161540251507,0.044029263234148915,0.0586148799687481,0.034552173082645785,0.04353379371564462,0.06877148005936323,0.04030498885663444,0.06402200110949821,0.09554594088698422
0.00720520412564966,0.003521180919869267,0.007278641285491758,0.020446757635153537,0.02457918707891293,0.016974820550341954,4.159223804906529e-05,0.0038987356070383727,0.002711137972460008,0.007390115802694626,-0.014825268398271632,0.01490780915139915,0.02111483036040916,0.004483022852953214,0.019431853051548077,0.00794350561696239,0.009668587441323389,0.0593735694645434,0.0012206481885871875,0.021524608876407832,-0.005341076940846504,0.016415701139098397,0.012735260217516763,-7.255238798619639e-05,0.006200188855413411,0.010513416374691888,0.03812184157185714,-0.0009690071589613069,0.0049526261234547385,0.005567514363119385,0.0189816329637833,0.012234261218552714,0.005641548626416169,0.006791239275414594,0.011442525422136226,0.001463249100298667,0.01759196379183983,0.009491841969095477,0.015260951734645225,0.013713096148498277,0.00828827642823233,0.007779547977179609,-0.0004912118928673135,0.008962185425226539,0.012002772868629805,0.01839372941729757,0.002701065837120216,0.011905273858468434,0.0034092510937933675,0.015752308213151833,-0.047452000119574525,-0.0017894621064160094,0.0015595805086738971,0.008136408909560779,0.013969539677299614,0.023428156362464557,-0.026192670250034085,0.009404076901474915,0.01899423545154026,-0.002673996241301533,0.004317799785495975,0.013339455971392376,0.01358376942694806,0.011715085639575974,0.007531995818944539,0.005306157268249244,0.03223667960685083,0.025142779778253656,0.01237485634672959,0.004683551938968557
0.04487892043941296,0.019677046213648172,0.02035598726397741,0.012643876308456472,0.029369121978285638,0.013242505974545654,0.0013108073034677487,0.019054990481198485,0.00692217553020747,0.022046382541895566,0.06913838267336145,-0.0061593019053889555,0.01812662929103476,0.02403551994858539,0.00960690998262302,0.036104119986150554,0.02797661252666636,0.0012206481885871875,0.09044970099733414,0.029195539529718654,0.05204829660189918,0.0195076988114945,0.016700191503756016,0.004026177622483067,0.027259604853218464,0.021276009358623196,0.051359455920639285,0.0260387618740579,0.027728410347800218,0.002275065642368835,0.021543957876546754,0.04408981412731476,0.02117804448181706,0.04336640488537869,0.018496303277815214,0.020940922007159846,0.024150838537937418,0.011783846500379292,0.012085334750737331,0.018754079757492735,0.013441440529206341,0.017150747826582123,0.0645838587430263,0.017209024799693627,0.024327564273345793,0.009602543934842927,0.001224555128379446,0.03298782812599963,0.03438171052064222,-0.0025045663652474986,0.06884909701960336,0.022654339930961307,0.025834657047368096,0.015857203300372998,0.03257421829762283,0.05011312080534974,0.04712840849301316,0.02037227561851569,0.031347668302746455,0.03622864286925783,0.016242337773026326,0.022131211261927363,0.027534051460319692,0.03175466876454522,0.025951593721832807,0.024148235485918098,0.047984344776296116,0.01910314110345648,0.016858759004189622,0.07243558122187543
0.08683375481390032,0.0051073923863352196,0.025710975043961602,0.024151992111116797,0.05441241935399626,0.02209294830712437,-0.0034174721582011214,0.036839694016976586,0.009160019111837673,0.028907822206162632,0.07343858398118264,-0.005244482058561923,0.021750660536693545,0.032701294106036664,0.019649404873325525,0.03203078336236861,0.0416602415491119,0.021524608876407832,0.029195539529718654,0.18327704761035768,0.08198993241811292,0.041097213465373705,0.022312938522173684,0.010910156189972983,0.03312865538652524,0.03274642025327966,0.033417611330124185,0.0656532846358615,0.04511602157872131,0.013181209354830506,0.032295109437541096,0.06882524309680634,0.03615398623911301,0.040565560921788715,0.027644236736725433,0.02034715585123566,0.034880195407229087,0.027598175814878945,0.026714298659983003,0.017023350309513616,0.033790142396031925,0.036205859861468445,0.08549144114713612,0.03484748714417159,0.034939161489007976,0.005819308829786618,0.0018552497924740454,0.034927152562333114,0.06924942774482774,0.0057294309751366925,0.09984398254163822,0.06154627031974464,0.04760158827366018,0.046479333353072215,0.06151210963082035,0.05069961882571686,0.05124697958246045,0.031801469908702445,0.06419261660199564,0.0891944087474331,0.03405725747338096,0.011083798213878407,0.03187078140531205,0.06281280272895408,0.04580941863262417,0.03163121562371107,0.0927324472237893,0.04747141154490892,0.045937750498951796,0.05589512033709309
0.15175386602312121,-0.004583722333642088,0.033358110406173015,0.02148347260751994,0.07971815879931278,0.021589420450430028,-0.0001620543598941656,0.0798004146378915,0.02728301708298618,0.05711580844445524,0.1503582699400264,-0.002898628734079027,0.033074395912423,0.0864850081637265,0.03611090659952259,0.04828019275912835,0.06547094034690126,-0.005341076940846504,0.05204829660189918,0.08198993241811292,0.5259867506101285,0.04722937381217355,0.03080625829425292,0.025237563035527294,0.06097422441090035,0.05722114716059707,0.10698829760678893,0.07493068709213338,0.13471304613177357,0.0072413063992543495,0.05624108994401375,0.0689269697554456,0.05327291777774782,0.07536709106112263,0.029660809930201107,0.04740019258671421,0.04124552386605952,0.04002885987783728,0.03936582537490659,0.023554731790273425,0.033275374873424204,0.06574740351729824,0.13574917655213536,0.0343040933353435,0.04603587242951528,0.001712743577615276,0.0024994301731905686,0.06783764163957087,0.08368699356424619,-0.012309353101166674,0.14956622082722865,0.060816855189226804,0.07063675699548251,0.048465118617721466,0.05077862715101862,0.0920462515265751,-0.009596250874837129,0.060608613983133997,0.07716993472788027,0.12709184811425905,0.06713575241138008,0.026979572290919573,0.08646081305891284,0.06947030070689122,0.05662631983161723,0.0626647079049409,0.14360429638294006,0.07102015486716055,0.07293702445470573,0.1345468759137067
0.03656906653603972,0.026760189551231144,0.02463763519739902,0.02334260042981283,0.04759096345732942,0.014089873771025229,0.0010305055118111485,0.0269349660374236,0.009352195641419028,0.020094474172281378,0.018471382460959484,0.01061116257375672,0.024307906721073122,0.03277710383751344,0.02540597257263548,0.024572695008979996,0.029667500735794005,0.016415701139098397,0.0195076988114945,0.041097213465373705,0.04722937381217355,0.059906192852079126,0.017595910094865417,0.004798957664615263,0.02712741122781928,0.02009078309218995,0.04567697211404497,0.029306449540981258,0.02542828215469586,0.012930202560313808,0.0299713148285156,0.0407231709253346,0.02473079519966178,0.028272710359936608,0.01746098929244297,0.018771639913078814,0.02488084878395135,0.010577001319646813,0.019625243489298692,0.015620204468719232,0.02616596413715863,0.03196001136648866,0.044095395341108,0.020696113013456703,0.026892408567115344,0.004665616035116786,0.0032324690384755634,0.03370643891420911,0.05004462497094944,0.007033463953287043,0.05621119815992164,0.02360970808346708,0.02553103291087313,0.025868950643836444,0.02991148823944519,0.042669608163616035,0.0019634969791600637,0.02215583312771436,0.036975635409862664,0.03378749133671399,0.005979347998701388,0.020964438341535416,0.030495861386390787,0.04147766921655666,0.028656978515069743,0.02320336757647598,0.061391543877155876,0.027453328905289263,0.024247571619370207,0.06752394312208264
0.04865671368207247,0.021725837660044663,0.01768947970289925,0.014865527032961118,0.01814057215030262,0.014082373436527717,0.003807942368494318,0.03528999103623568,0.008572413929390134,0.03298752727979119,0.07207031075711158,-0.006442742862790826,0.012281061378987396,0.02331303031034969,0.009424351179812428,0.02229656971274149,0.03224347311992695,0.012735260217516763,0.016700191503756016,0.022312938522173684,0.03080625829425292,0.017595910094865417,0.06542398954289182,0.003906521857236562,0.03443937505598816,0.028033541569803744,0.06270949899940906,0.05483721653282757,0.0741338235419167,0.0005038529499846539,0.017880374668238264,0.04075414198101017,0.020926980411460648,0.033898459524973744,0.05182074656764374,0.025270960911375286,0.02675367579958493,0.021552492618829265,0.01807656928410007,0.013582177802364747,0.007418097706687679,0.027506406047798766,0.08760792942415517,0.01644234280813487,0.035090948829915765,0.006868423030868268,0.0027849359347508836,0.03941213145238448,0.01590330523353426,-0.000960508045673222,0.03897816940323913,0.008417784043863615,0.029634638672120444,0.016299557640569933,0.0385142232427301,0.046735924949914985,0.010516895898931901,0.0147858721791974,0.04119756341555278,0.06259365439466774,0.02524157432147625,0.01912392122039926,0.017715212757655557,0.04036885854357464,0.022695863428866998,0.032206930638073734,0.07790106261469026,0.033329037835581374,0.08658882292130898,0.04204592332879192
0.010368723887469877,0.0007917700771939769,0.009892430622046052,0.005022206245849866,0.004704501761942646,0.0021734729582073152,0.00043079396846712654,0.013384923178663603,0.005679959441488626,0.0028675840011283503,0.02185272452229517,0.006310689934479465,0.00880695941755589,0.009659013519379258,0.003405916442411533,0.007282598841753479,0.009979513038187345,-7.255238798619639e-05,0.004026177622483067,0.010910156189972983,0.025237563035527294,0.004798957664615263,0.003906521857236562,0.017866448843681375,0.011118539514469311,0.004253726544326657,0.008828703866474172,0.01671135280386318,0.01606670042501427,0.0018978049232894804,0.00561003762754626,0.009067102819512842,0.009766822447884042,0.008219056529753719,0.0036605642706035984,0.00638202191025489,0.008088462704954195,0.00237751477266359,0.005209160464587534,0.003922347058844729,0.007745028148472429,0.008221824515227441,0.023662819321492952,0.006579628785173292,0.006635981327799329,-0.00020177454034933648,0.0002903284001243313,0.013048326647991498,0.009233519384118996,0.00047937532706542003,0.0176058289606384,0.012842747888926786,0.006355215620374048,0.012324894060269513,0.01152164865944027,0.014960568446794767,0.007737208670710767,0.012138807273854716,0.01828922142891773,0.0139403704877871,0.00803624604665045,0.006075611781340911,0.011072183579983647,0.012464999284412399,0.009955243316253873,0.005162513679848965,0.006100080209809709,0.009312549588746439,0.007781903490574919,0.0274724792425788
0.07312741870574217,0.02334712898979731,0.027580433586549175,0.02385195781724343,0.037638854700260925,0.011804829183373762,0.0020131614157127566,0.057024554934759844,0.02155066753242421,0.032926104254648356,0.08968147906615355,-0.007452679423529065,0.01945615513291161,0.0333143659120831,0.0010821167511919025,0.030727737765646256,0.039483306446579325,0.006200188855413411,0.027259604853218464,0.03312865538652524,0.06097422441090035,0.02712741122781928,0.03443937505598816,0.011118539514469311,0.07332284663126241,0.03271793662126001,0.06027241879750984,0.05390549558653662,0.06206902847082496,0.008927002124283143,0.02561920491790401,0.04904843348469362,0.033283965686746804,0.037970167326720074,0.03546112608717397,0.03133250306170444,0.03211169971878054,0.02403700669021497,0.01810137047385868,0.01917694135298691,0.023541245050026808,0.035113917959890086,0.08456129014598686,0.018869691105084897,0.03970505753555171,0.0024109700470001717,0.0043854284545455265,0.05714830650619801,0.03494315144167818,-0.006917940850492603,0.0878632916724702,0.021611091206719293,0.04754842794095339,0.021941796158805735,0.04587316438929026,0.05199090937440312,0.04842877481824785,0.02554631754232402,0.043068898100024386,0.05779531238942663,0.027674448153542617,0.0216430721955205,0.040680604789231474,0.05088798528927257,0.038387394194791806,0.037325544929516875,0.08054983605761329,0.03742134882657614,0.06990466316877816,0.10675384978995145
0.0751328894769046,0.003957008407373204,0.008845966024955047,0.020148329833898106,0.02837454619449108,0.013961831720908173,0.001971038565282965,0.030751376995345123,0.013131402826708855,0.031114014293567537,0.08986971931506245,-0.004175720641571072,0.02641914968974543,0.03477305232520552,0.012717866458750338,0.025243171016553215,0.030404846467365253,0.010513416374691888,0.021276009358623196,0.03274642025327966,0.05722114716059707,0.02009078309218995,0.028033541569803744,0.004253726544326657,0.03271793662126001,0.0919436506651337,0.06491887230992814,0.05200263286160538,0.09030080706154682,0.005899646464656821,0.043904597363337246,0.05433860954348635,0.02363169788991986,0.04639419812108927,0.03462017631565441,0.02485623919443051,0.032701538262190674,0.02561915694486521,0.022000592322242267,0.01586341674899969,0.022724253562923277,0.02250877710339365,0.09709372300637252,0.033377088175291565,0.02870984733180379,0.006420379590396698,0.0032334886487024096,0.0340841250812791,0.026143765827301553,0.0029653509866840407,0.1430096481908846,0.01501589468721198,0.038125562768128056,0.01297029734307128,0.03904769261776651,0.055848175961604296,0.005606882889786211,0.02576068571541725,0.03319222650877543,0.05869878584380906,0.029404526516132123,0.02361339718286125,0.03423287486961229,0.031147294501876917,0.02997709466795356,0.037936767368225016,0.07518357820558852,0.04254589517578203,0.06492208085060763,0.07890311048895012
0.10499566841591552,0.01983654456566694,0.04166394449252418,0.04168677886259693,0.13378524673346556,0.027080201282021887,0.013625417973675875,0.07312151023647266,0.010844525706538292,0.04849044595800911,0.14151167465607206,-0.0011300721102898287,0.01756748660158182,0.03245803074327596,0.03159220948940817,0.06043842860498573,0.07806404446649005,0.03812184157185714,0.051359455920639285,0.033417611330124185,0.10698829760678893,0.04567697211404497,0.06270949899940906,0.008828703866474172,0.06027241879750984,0.06491887230992814,0.6325874751162778,0.04876291819124339,0.16491463606910395,0.015231032065890339,0.12230835458476569,0.08172612171965538,0.04397995972710499,0.07119787540540815,0.07968108005049264,0.057822106599680935,0.05638289895470265,0.05963843032083399,0.019276109717562127,0.026388591846762014,0.046001269281833145,0.05383067356149401,0.15108799245196697,0.013572816983535256,0.07624372972490277,0.016171160862070304,0.010154701064500674,0.08779268293305076,0.047502034155050006,0.0008190537270688847,0.16704004974940104,0.03296852360081944,0.07136794731209106,0.015698981906031004,0.07028523824448275,0.19935394474764428,-0.022015717647870792,0.03545755486235322,0.06599953574633298,0.1251874296667375,0.039270257516182475,0.04798735950474056,0.06800176181458308,0.07310945554425935,0.06456725987291895,0.05931793185859027,0.1929346924965395,0.06083537900372029,0.08772273333276089,0.18581503610865538
