0.1247303586998176,0.030476585659790417,0.0011873389313010834,0.05049746760862375,0.02903229046255029,0.11126082839713315,0.029798287771710022,0.02524668129220709,0.03250008962826883,0.0008056025579971086,0.15102327320247347,0.022238122952383754,0.08356126075288701,0.012497007954026394,0.06082514574925275,0.012571554499210477,0.03091660787738579,0.05280356949220885,0.010065563848895016,0.09589427991507915,0.037963157799608196,0.04430444333868584,0.08246997534820927,0.03313286558179713,0.04180051022096435,0.07417905827678598,0.02990359698705862,0.02508498941046147,0.024176086557046703,0.01550456850955906,0.039044960290829156,0.041150206511321064,0.12209614323263811,0.029342993649859768,0.03732005577983145,0.008369414644197755,0.012837230118317349,0.0698868016806492,0.027513704993918968,0.020733398941480845,0.023036636024415216,0.05666877784492125,0.03436737399891626,0.06264758512077191,0.010014427723108716,0.027253328902934436,0.03892084923869525,0.036103383408716744,0.04678262315409753,0.01624281899815838,0.05077118261566267,0.04544122823166906,0.07505167906448333,0.05935202595825372,0.05384880520684921,0.033789131945421665,0.05744103136539957,0.05399083305385461,0.037586594929341806,0.03461639477311771
0.030476585659790417,0.08144832171555294,0.0006418685760492796,0.02389420949964709,0.015691306030090793,0.06393651577208995,0.023141389296330674,0.018883524066367556,0.030992928225510388,0.0013779426000409044,0.035014016025170604,0.02205745800587143,0.05976903091378532,0.020574665536623793,0.02796289439816209,0.019701536785287795,0.018664604984127704,0.05178832786323865,0.016372289216013983,0.09675672451223977,0.0251527202861294,0.028221820113537965,0.0527134278676962,0.038920045605246714,0.07537268354633304,0.04006047503722672,0.024282167919758076,0.02790338092452208,0.016802481709565904,0.008715317093530956,0.0344770686715515,0.019288392671134476,0.06494302423881261,0.032815952939769175,0.050502951264581715,0.00816192872671869,0.012890426312947302,0.03540908144871084,0.013737370401301121,0.03462189888779685,0.02845785366323484,0.024494146274306565,0.0196664038338633,0.0346163055538626,0.008408833910689428,0.022374054061302676,0.02738792736183401,0.04010359296831981,0.01652532893172873,0.009747575962476752,0.04124950308274203,0.03795612623834249,0.04005919235396069,0.03379481367797459,0.028383802005219307,0.013961105143917714,0.05620437522676206,0.02366953757919793,0.030331318823711272,0.02195223708873436
0.0011873389313010834,0.0006418685760492796,0.0003048848288336464,0.000783337786386695,0.000616710015925392,0.0012090289441800727,0.0010235233693799007,0.0008438685703568918,0.00042288094380791067,9.452761844401502e-05,-0.0010163155250422946,0.0007639242657353157,0.001195812901440488,0.0009272720753887736,-0.002372175534999088,-0.0008022295805449984,0.00057528660927899,-0.0003592811442861293,0.0006806631997709431,0.0004628235990886686,0.0006015273467333476,0.0009009755608949619,0.0017611465941571062,0.0009582127972243982,0.0012747751556949024,0.0009959385280054213,0.0003479008749493959,0.001054772813499993,0.0004929424597474205,0.0006403082710155283,0.0009545993157440101,0.0010410226869607205,0.0023942905208776378,0.001194435683602909,0.00010804733302171745,0.0004894821258815415,0.0006343093908470287,0.0018555036737148674,0.0007191105693480034,0.0010259834303538058,0.0008756933004486747,0.0012233574276492981,0.0010182942094527129,0.0011179067855990816,0.0006821410389902242,0.00040767527901076716,0.0007721008924421875,0.0012212005837362822,0.0009232052859450148,0.0005360986918839883,0.0007473525755197052,0.0005629527661509965,3.774668007394799e-05,-0.0004123716802952736,0.0007282792042371863,0.0007749178807299834,0.0010534811558511976,0.0008541690689021868,0.0005513984968146474,0.0001791520944809713
0.05049746760862375,0.02389420949964709,0.000783337786386695,0.05998505947002327,0.02359636884202079,0.07068584965975169,0.021987447558608136,0.02474702529691175,0.0237497105884498,0.0009770661656914022,0.07031150892642286,0.014437344485506645,0.07063181645861502,0.015261724998377591,0.02320007093323855,0.008549368001513572,0.0258164496527822,0.04963027050273958,0.003853062310726106,0.06847958572786926,0.025413979104193657,0.030512101845654876,0.037855566248957695,0.02992808645822274,0.04578811977912357,0.05655030011946345,0.01823662394583002,0.018379447050551598,0.014438708267616137,0.015382075454632072,0.03192376049118261,0.03038028827440907,0.08543508948075515,0.014996971847658002,0.0328290402471762,0.005423607883541629,0.005126322241108611,0.04577170219079893,0.019981168027829996,0.019902763254047964,0.011872591849240626,0.03546714506661759,0.039228912275226145,0.044293674963666645,0.004183660933086129,0.02278441675354546,0.028239747586265716,0.027282727394137615,0.04048331776853471,0.00999896299749734,0.0378739251459458,0.0341419939454569,0.045319902216899216,0.046330500925693595,0.03510317608776359,0.02407168334726884,0.03449709400510293,0.05407856423105682,0.03340830990715541,0.029831999870488082
0.02903229046255029,0.015691306030090793,0.000616710015925392,0.02359636884202079,0.02192627103122295,0.037218166262787164,0.015428950132732697,0.011004690145676448,0.016673469576182747,0.0007394503088132464,0.023814147764522477,0.01025280831638634,0.03546763195760209,0.008663760444946529,0.012214731540705872,0.007067902198860196,0.011632304004022622,0.03020497663487777,0.008915311435164304,0.034743674192458655,0.018901177304267477,0.016402355174929682,0.02715995149501632,0.01844412898368059,0.020984283442193937,0.027071271856070812,0.013771765349396347,0.01621343679200909,0.013746883024326239,0.015252873884365711,0.015966658642891065,0.007738191860723383,0.04751516956694701,0.008027461833857349,0.009843576575251888,0.008411319630620263,0.009027865286612998,0.028760049285540074,0.013464788172599081,0.01028324487096672,0.00789838788194006,0.02400569898681704,0.008498867760820275,0.029762031872107225,0.006787719252751704,0.013453893488086477,0.017320127527278444,0.015333116974301411,0.01918552459596793,0.00765228891668528,0.02277582993696118,0.022677049894624567,0.02561900958373517,0.01741303580322255,0.023071823776045056,0.015291899931144968,0.012640737398195559,0.026410998340597378,0.019777856155050736,0.01824518073852216
0.11126082839713315,0.06393651577208995,0.0012090289441800727,0.07068584965975169,0.037218166262787164,0.36984907460939914,0.0499260646548167,0.044922232851369946,0.06162636835832321,0.0021037643582379638,0.12929931378799409,0.05339176959633539,0.16395484306994898,0.054064086596930544,0.0674055310877267,0.043119464607187526,0.04184475725360007,0.1015511399560323,0.034724093788300256,0.17367522146115122,0.06660683761837068,0.0869255338972613,0.12601495947184282,0.05629603945816789,0.1229413972469134,0.08823191483547616,0.058531157240452714,0.050695701259462614,0.050214711589719754,0.0117055683259604,0.06031304625705841,0.077062259312775,0.14313748942177168,0.05556406573567165,0.08590526768952417,0.00616983020358496,0.017259562839075992,0.10289846455220708,0.05096010793237068,0.07189995607448725,0.050126583510582655,0.06986073875666227,0.05894998572196347,0.09010908315247347,0.0067906038058180565,0.04504455252868157,0.05739955365936518,0.07020489728766814,0.04470602748364198,0.026812541504119422,0.09975235863370022,0.09194818645931635,0.12626034684743956,0.13336826955501732,0.08861764998683444,0.05190701588168981,0.10323845231860586,0.07798237165204691,0.07258055049227002,0.08794636027047384
0.029798287771710022,0.023141389296330674,0.0010235233693799007,0.021987447558608136,0.015428950132732697,0.0499260646548167,0.04335424033055018,0.013844511999080529,0.021639792934387718,0.0014137455459926184,0.014093830580833192,0.019559268958559986,0.03909657517658392,0.012522154066746817,0.010713226304594425,0.012816833482127156,0.01610408427040554,0.02536748576473681,0.013850620478093269,0.046322414496419786,0.011338149961463243,0.027230784137187852,0.04680809281587335,0.02633083556132082,0.03568808552418245,0.020730092962724343,0.014176551463812151,0.019403923019931265,0.012300344905043161,0.0162070101109216,0.02403950394421156,0.014684713837593216,0.05450227557160063,0.014814884074996332,0.016949526032696175,0.01063698405459772,0.012467289593865012,0.0332258132839177,0.013242437766878746,0.012403258370746054,0.01794079486918431,0.023396635341430567,0.018163837634368747,0.036052334914345965,0.00888304119343719,0.017836909022209378,0.020377363606898184,0.027340721265579192,0.01478580734977668,0.007005221116915811,0.03266528803261704,0.020297129526019884,0.02270281147406597,0.03661300716992882,0.022556000175372178,0.0162031311008409,0.027007281155289553,0.021222671151404082,0.01805209640781806,0.018417526841182745
0.02524668129220709,0.018883524066367556,0.0008438685703568918,0.02474702529691175,0.011004690145676448,0.044922232851369946,0.013844511999080529,0.0905816791974716,0.015880960944035474,0.0014301280225940797,0.02708843078127461,0.01334796948564209,0.0402451101687194,0.013370701088390708,0.03279074258458178,0.019774491022820626,0.011162321965385816,0.03559973840650273,0.0005092287805872353,0.04818842615733765,0.012552148461419494,0.027408277236160523,0.04474858164239911,0.022032968575313342,0.04513811172824602,0.021426715468111302,0.015270403445194638,0.017088735701312974,0.011432152423190196,-0.010475632289875468,0.0238675754515325,0.016492251704604045,0.0398332710790637,0.017029503332871093,0.028074287689876992,0.008412284307718905,0.0033960792923608796,0.028649098037136927,0.013845337648077043,0.01976909781167538,0.009371049452383401,0.016357039274132762,0.03476060305349999,0.030645019540190555,0.006764774903463441,0.011278494602900703,0.017083451293946842,0.017559052164444186,0.013940217906025872,0.010561729601150328,0.013955337815494405,0.01184037040623034,0.023664206721891703,0.02408368885806038,0.027526203043594842,0.015350970960281735,0.0278439905745224,0.03153768943781828,0.023597978583089336,0.03922644022514512
0.03250008962826883,0.030992928225510388,0.00042288094380791067,0.0237497105884498,0.016673469576182747,0.06162636835832321,0.021639792934387718,0.015880960944035474,0.06801617924330224,0.0009767534994944377,0.013119500156750138,0.009572018670592,0.05269459642165452,0.014861342490952265,0.006145747660961882,0.012018803663788933,0.01283367648830132,0.02031327607574464,0.014330991057877438,0.0761989482262192,0.021428597930250055,0.025572700254651158,0.05657857784320654,0.011536353433028121,0.0732891868397445,0.043274725963211046,0.01477243749929742,0.019241006088125293,0.01618655353160578,0.013514534880987434,0.017733165684427517,0.019155935259025238,0.062376419059217696,0.021186641247868735,0.053505827267991364,0.003410703374781868,0.0040655839963477875,0.029350455669917775,0.007496911528117336,0.009084244059197635,0.011777252253992596,0.02575430292602682,0.007221828071619669,0.03250489931660323,0.0027288801213385242,0.016544522292103805,0.022286843396969316,0.027046419729008248,0.01941532798794941,0.0080507271648612,0.03156404492198752,0.028264851944775043,0.03542098405853775,0.03012044898557434,0.029465241722841796,0.01518125766290811,0.07491573042145869,0.02789316678966828,0.022631409055059934,0.029630454190111073
0.0008056025579971086,0.0013779426000409044,9.452761844401502e-05,0.0009770661656914022,0.0007394503088132464,0.0021037643582379638,0.0014137455459926184,0.0014301280225940797,0.0009767534994944377,0.0005754443190898975,6.899693875983327e-05,0.0016247623336729826,0.0025389873083344556,0.001996365132259741,0.006918793681147019,0.002263405886265374,0.0003667150780783333,-0.0004338287171554984,0.0017099540963945252,0.0017500833272367472,0.0004919652084818017,0.0026892185846094526,0.000562963759335112,0.0015766240203702194,0.0010115928137108864,8.480103221607408e-05,0.0010164995935967238,0.0023186264113578834,0.0009050331204518272,7.310167259235112e-05,0.0006232989311382077,0.00034259972939555656,0.003016648671256854,-5.20592502028872e-05,0.00148961051473289,0.0007461798213428873,0.0008912998559506283,0.00197881149850676,0.0009096062138175214,0.0004189618590175115,0.0006459388704172617,0.0008421342587398349,0.0016506197399424089,0.0012258970845802374,0.0009418075685115937,0.0006917558816485862,0.0013985793134834253,0.0014907941065223688,0.0006641399847666264,0.0011054477362939753,0.0004400337168393686,0.0013765769026295599,0.0009234560089634642,0.002268908093624345,0.001195547207594568,0.00012643891806314255,0.0013318649790741352,0.0012699214111875864,0.0005328200271380452,0.0011195657532394748
0.15102327320247347,0.035014016025170604,-0.0010163155250422946,0.07031150892642286,0.023814147764522477,0.12929931378799409,0.014093830580833192,0.02708843078127461,0.013119500156750138,6.899693875983327e-05,1.1503836895912243,0.010667069499303385,0.1007907260136148,0.04353223583334702,0.1783252986825376,0.05398328880225628,0.0324211998703685,0.24347578576824289,0.0017828773417611352,0.23065962845810628,0.03909614857231883,0.067855589822129,0.027047496711247947,0.04027822205771402,0.03294371775316815,0.11851352135536575,0.045530253163278744,0.02786696740992615,0.027240538925496032,0.019764365949883688,0.01620744751090149,0.05872502202343308,0.4078118195865099,0.0027635049637844346,0.07783147102553357,-0.0006960979938817442,0.01504201789802782,0.15928216000295622,0.01763769465656739,-0.023452363598084437,0.01630970847454315,0.14324584007408322,0.12442328920274723,0.07703516324957227,0.0017385395427404035,0.045546132173095666,0.029991928828878557,0.04228669667017586,0.05848088888181792,0.05779663736632869,0.09778750402054469,0.06372574883491093,0.16994141399192264,0.14382534474683153,0.06874634853575007,0.03320125099991926,0.07388241844663165,0.07278777095567043,0.06671531510027384,0.041108843467225674
0.022238122952383754,0.02205745800587143,0.0007639242657353157,0.014437344485506645,0.01025280831638634,0.05339176959633539,0.019559268958559986,0.01334796948564209,0.009572018670592,0.0016247623336729826,0.010667069499303385,0.07625729736644563,0.035923730857287166,0.01619712914203739,0.04880914299512577,0.009562301566034886,0.010563639131772537,0.019235113146538207,0.02502553216468253,0.03204696558861082,0.012309975705625685,0.034235598142282074,0.018071307059267214,0.03235548348071333,0.01940834062081398,0.007602807438312215,0.017168915195931257,0.02099624543677898,0.029863589374728567,0.01840885253338711,0.02895386826844349,0.013467852027552182,0.02389203260218266,0.02162967858693759,0.006214360381980338,0.015145009526659104,0.01985355262259273,0.015042240408277084,0.017237189994378416,0.01758624751383365,0.0439750436356647,0.020418244193490538,0.005624964852639437,0.025108603288551017,0.0240050812459632,0.016083480528757837,0.018786339757220803,0.017938091164078466,0.010112310851341146,0.005105511988551122,0.021466605584990323,0.015210623222625005,0.009570316809056553,0.020622519494233146,0.021426740399338652,0.010276773775351342,-0.0031169480002968325,0.012689972337822118,0.01559865900847624,-0.001258016388171588
0.08356126075288701,0.05976903091378532,0.001195812901440488,0.07063181645861502,0.03546763195760209,0.16395484306994898,0.03909657517658392,0.0402451101687194,0.05269459642165452,0.0025389873083344556,0.1007907260136148,0.035923730857287166,0.3102003925463112,0.03385457019556814,0.02169506262561495,0.036596036361894735,0.029656685303872218,0.08783890711909076,0.008725077584655377,0.1538784896913931,0.04832556661644558,0.0726734327230789,0.0807506916480227,0.049759194686755735,0.071912124172572,0.09405758329623974,0.04605893591878321,0.0524232547000794,0.022952821663061288,0.04116606401947219,0.06264224626285296,0.061268363552470666,0.12319397306302093,0.03074840312851079,0.083478032314116,0.009469401947437898,0.00775840269358552,0.09312567305166629,0.03937568273249525,0.03236003436743764,0.024511008622747157,0.0562695588723482,0.0493775305540794,0.07760098847353195,0.005363787147049844,0.034014223940585495,0.04366991257297909,0.05302808181244187,0.04970592296670083,0.02864317196153357,0.07417004045150173,0.07055692341103942,0.09243121625249211,0.094761206050318,0.06401782709914103,0.03710832654209217,0.09417824788818875,0.07277083594163242,0.05069150984631424,0.05745580998496374
0.012497007954026394,0.020574665536623793,0.0009272720753887736,0.015261724998377591,0.008663760444946529,0.054064086596930544,0.012522154066746817,0.013370701088390708,0.014861342490952265,0.001996365132259741,0.04353223583334702,0.01619712914203739,0.03385457019556814,0.05919619278687131,0.025317857702408634,0.030323670620769412,0.00739818283375132,0.04175570464376651,0.00815692477922106,0.05337876479817594,0.010937850042853456,0.024561838511694974,0.039271069645704,0.02553549543721406,0.03398448986487886,0.02283551968265728,0.010669007004580327,0.032292939484598694,0.011649749010560094,0.010682723029669973,0.016877612822126326,0.014242596070760923,0.060976080264235864,0.010543566973873757,0.02721516416889312,0.00461095797717704,0.0049778613181917465,0.03981949844999257,0.01544979217831757,0.031232633408108085,0.013300073648171283,0.02024421326557345,0.040933363709107266,0.01781775301998277,0.007979942640704132,0.012340248122865938,0.01402091048261835,0.016776017716690222,0.00698632178246053,0.014727191450264973,0.02010766166228609,0.021548917582638678,0.03073796501782672,0.04334480521106215,0.024433389320747154,0.004078463163087397,0.008397258417192004,0.017424339618652473,0.016682938624651464,0.010100007719535477
0.06082514574925275,0.02796289439816209,-0.002372175534999088,0.02320007093323855,0.012214731540705872,0.0674055310877267,0.010713226304594425,0.03279074258458178,0.006145747660961882,0.006918793681147019,0.1783252986825376,0.04880914299512577,0.02169506262561495,0.025317857702408634,0.9285496237585671,0.01520883819825101,0.028473538205473797,0.0698123599429991,0.028225798907287,0.1139709382309759,0.035729135806846064,0.030783687898884155,0.05046759562683807,0.019154017757234607,0.061486595239675555,-0.024941115629502415,0.02677692232388647,0.02521385664846053,0.032543080109495116,-0.01550564695688679,0.06380716433089557,0.03429486115632389,0.17492264272492633,0.0026515083271589756,0.021951490433156546,0.019702798602486932,0.02475550320614083,-0.006854035689131573,0.03550459158215026,0.004788609880735387,0.048761711553460284,0.030474056928307743,0.031236208132995772,0.06322366883397222,0.009236688163227896,0.010746193544682876,0.022010254833567874,0.023856658160964137,0.020888039953309352,0.026576240908219688,0.041483054261095435,0.007636976116312556,0.04915839679956402,0.029366423613973718,0.0008663083387190102,0.0004952435626755021,0.11207245021417919,0.014315353469319976,0.003976787239913386,0.05966202850393822
0.012571554499210477,0.019701536785287795,-0.0008022295805449984,0.008549368001513572,0.007067902198860196,0.043119464607187526,0.012816833482127156,0.019774491022820626,0.012018803663788933,0.002263405886265374,0.05398328880225628,0.009562301566034886,0.036596036361894735,0.030323670620769412,0.01520883819825101,0.17321292463470522,-0.0007238365396523191,0.021872670979344262,0.0048921972913914934,0.02416814531049831,0.0024318897287585505,0.022555652723121343,0.05542673225004371,0.02581438787253296,0.03669793669619539,0.021022895198277543,0.0013296225331836493,0.02704961977518752,0.011749794673728107,-0.022314540759983396,-0.007811253578685646,0.004118039132930833,-0.012510734780128388,-0.00032178251975268165,0.020437762696754895,0.004750203633576048,0.0001885795589774811,0.05960550824416639,0.0010493566018309958,0.005767548617954366,0.008847143912567882,0.015253494228667555,0.04476435197215032,0.01586488985383994,-0.001990634704269489,0.005052600921982358,0.00880000906732938,-0.006160257784098141,-0.008626560396341494,0.016944933904228833,0.013691162816879064,0.01541057728142776,0.043133487024896534,0.05600568457832491,0.025142612361721953,-0.0034607789527434985,0.06519907938132802,0.02234149349227068,0.016756716462860453,-0.014995421475738555
0.03091660787738579,0.018664604984127704,0.00057528660927899,0.0258164496527822,0.011632304004022622,0.04184475725360007,0.01610408427040554,0.011162321965385816,0.01283367648830132,0.0003667150780783333,0.0324211998703685,0.010563639131772537,0.029656685303872218,0.00739818283375132,0.028473538205473797,-0.0007238365396523191,0.10892788799541381,0.027194351341183406,0.00046652613795764844,0.032658834971175076,0.021282100224523457,0.018721984331597812,0.03428256964758483,0.015278012974203907,0.0369805766167348,0.03810217526162114,0.015569570169901787,0.013784241507449512,0.004417749564014823,-0.004913766283439719,0.024365253094124836,0.013020891565213102,0.05402355854010157,0.012667388538372916,0.01207972504287537,0.004787075504311226,0.001654391459194931,0.029953105439563466,0.006929445328396796,0.01892192470633216,0.012843467133921642,0.020857491808757248,0.007097051596923826,0.021811053940860435,0.0032664080622623517,0.01143285819853813,0.021456661666741806,0.021502119300293412,0.024422688266546606,0.005254824408671879,0.02403460892095652,0.019470855680612235,0.024473434296120547,0.01478889904476719,0.015007573286468104,0.012742204967414506,0.03525552475238137,0.026622558546654913,0.022187431696422438,0.014294673954779749
0.05280356949220885,0.05178832786323865,-0.0003592811442861293,0.04963027050273958,0.03020497663487777,0.1015511399560323,0.02536748576473681,0.03559973840650273,0.02031327607574464,-0.0004338287171554984,0.24347578576824289,0.019235113146538207,0.08783890711909076,0.04175570464376651,0.0698123599429991,0.021872670979344262,0.027194351341183406,0.4702743280469916,0.0005706184917210863,0.13928852400135924,0.033097256761112116,0.03711458805338873,0.08213419494532696,0.047978269503961855,0.011064107966609333,0.0864483333928847,0.02605002792558413,0.05022455643646053,0.011324502544771567,0.06928454504638627,0.06692478144081328,0.045700091799654924,0.18139468446355028,0.011016177565010915,0.022314283919148952,-0.004858585716778338,-0.00047055323103566973,0.10587822828052232,0.0451540838734354,0.05606321455481817,0.01703725157616911,0.05824362384438459,0.11652819221944798,0.048774472211205226,-0.004612769202029198,0.037199345694071184,0.026371781603943604,0.020499140548944257,0.024290231732280957,0.0362077359502266,0.0644409499414218,0.0468389180250328,0.10360983407681856,0.11303366277761172,0.07554204935105922,0.030575812560239557,-0.036340632775419525,0.0453359227453626,0.05371091885854166,0.04430890829249808
0.010065563848895016,0.016372289216013983,0.0006806631997709431,0.003853062310726106,0.008915311435164304,0.034724093788300256,0.013850620478093269,0.0005092287805872353,0.014330991057877438,0.0017099540963945252,0.0017828773417611352,0.02502553216468253,0.008725077584655377,0.00815692477922106,0.028225798907287,0.0048921972913914934,0.00046652613795764844,0.0005706184917210863,0.06239854472046274,0.008409855334624957,0.004028204957754141,0.025221894483969668,0.011098205554063292,0.017985905825115972,-0.0009477369607079238,-0.0005970015254618879,0.012416345196342228,0.011524722289355428,0.015461756963998497,0.016752454941999197,0.0019008524034553674,0.008220786266495294,0.050016680327818586,0.0056200663341191975,-0.006888551045697826,0.014765253291913355,0.02623342269507513,0.012275244004031788,0.004786747917050278,-0.004473321147730887,0.01947467973000228,0.012665149718588257,-0.0036242434027320062,0.009093607434740608,0.016931024857395775,0.019017796223349714,0.009161370783578085,0.014067623610023968,-0.0038856571093773464,0.0019006677663402922,0.008833742596252617,0.00814880503078591,0.009656678171179111,0.004556564022162253,0.015740851916166303,0.0031237219182166645,-0.0054056631156909115,0.00019431236079909362,0.011955190134197541,0.014441170618995166
0.09589427991507915,0.09675672451223977,0.0004628235990886686,0.06847958572786926,0.034743674192458655,0.17367522146115122,0.046322414496419786,0.04818842615733765,0.0761989482262192,0.0017500833272367472,0.23065962845810628,0.03204696558861082,0.1538784896913931,0.05337876479817594,0.1139709382309759,0.02416814531049831,0.032658834971175076,0.13928852400135924,0.008409855334624957,0.6313711689762497,0.06570175833983775,0.09071085427712514,0.15150505159275957,0.07246568271803913,0.25196858608769196,0.09473527029329407,0.05224417284626675,0.07307336858604345,0.03650778624196228,0.01934201494044647,0.0660550424683753,0.06390175919131344,0.20447223659805033,0.14144457493288176,0.19081396172495443,0.0014937262554579854,0.006301085621528133,0.08222138778507974,0.04439890030158633,0.06774802466863258,0.03382802535692827,0.07252860793520391,0.08776305584448395,0.09387230298268427,-0.003221601044145567,0.03765754790334219,0.051658500678505546,0.090534338104616,0.0630668952217752,0.02467281674418882,0.11385744602574997,0.08880975125228374,0.09402088839747279,0.13379608831205128,0.08375256059468551,0.03053620345240711,0.16348108416655374,0.07544059533087161,0.06059647184502583,0.06925886726595397
0.037963157799608196,0.0251527202861294,0.0006015273467333476,0.025413979104193657,0.018901177304267477,0.06660683761837068,0.011338149961463243,0.012552148461419494,0.021428597930250055,0.0004919652084818017,0.03909614857231883,0.012309975705625685,0.04832556661644558,0.010937850042853456,0.035729135806846064,0.0024318897287585505,0.021282100224523457,0.033097256761112116,0.004028204957754141,0.06570175833983775,0.1775795837601137,0.02693071753342978,0.050115608592544506,0.02486970766074858,0.029552962871972756,0.04053487392737496,0.017722745879940327,0.009586107331542465,0.01330523689886912,0.0074029998951566645,0.022911780634690723,0.013273397863476422,0.017610412415501996,0.01376755393382929,0.04987313281129565,0.0042876314811566745,0.0022048195064809993,0.019526141518485134,0.00501194590135327,0.012712509494616634,0.012297425915623144,0.03009383029783008,0.027803373161867626,0.0329541053454979,0.004387498278700223,0.010008596608658559,0.017630055915267954,0.014264142623310026,0.027368461077325927,0.011803087611497506,0.025625262440527312,0.02680590012242853,0.035877686574034715,0.033691063230895484,0.033019391111524424,0.026990699831221782,0.05023636558039133,0.03610809520407016,0.02512651091699151,0.025291182340099472
0.04430444333868584,0.028221820113537965,0.0009009755608949619,0.030512101845654876,0.016402355174929682,0.0869255338972613,0.027230784137187852,0.027408277236160523,0.025572700254651158,0.0026892185846094526,0.067855589822129,0.034235598142282074,0.0726734327230789,0.024561838511694974,0.030783687898884155,0.022555652723121343,0.018721984331597812,0.03711458805338873,0.025221894483969668,0.09071085427712514,0.02693071753342978,0.17195526400450303,0.028872341459239094,0.04618915409422565,0.050659428409573645,0.04048503669774231,0.027912984558030457,0.02392181214327635,0.025247396170572513,-0.02149276772189847,0.01642098527627828,0.024608237562742195,0.09940912226462621,0.030451054206999725,0.04140896892094477,0.011581209702011893,0.020117728610311046,0.06591001126623867,0.01943700068491811,0.022101546574911885,0.03055845325996076,0.030051977504618767,0.0296613905659771,0.03978397640225251,0.013408110393839889,0.027904961891497066,0.019442972167470686,0.02936032341202225,0.01985762391029656,0.019491187938359994,0.033452403023651656,0.032536245304806664,0.05141157405104131,0.07990380571592383,0.03829220897473146,0.011571036164558844,0.07180008307255102,0.041915290141322184,0.03203807194845376,0.05514860726164231
0.08246997534820927,0.0527134278676962,0.0017611465941571062,0.037855566248957695,0.02715995149501632,0.12601495947184282,0.04680809281587335,0.04474858164239911,0.05657857784320654,0.000562963759335112,0.027047496711247947,0.018071307059267214,0.0807506916480227,0.039271069645704,0.05046759562683807,0.05542673225004371,0.03428256964758483,0.08213419494532696,0.011098205554063292,0.15150505159275957,0.050115608592544506,0.028872341459239094,0.6743438100200823,0.04879899756247977,0.09615529803601394,0.08527852351214213,0.039032628636535366,0.03606803693131183,0.02642770311372257,0.043031118965404264,0.05984528997287712,0.07497405968711351,0.04106336266031778,0.08384684038247946,0.034046594804607366,0.0062246735111866555,0.013151294091554008,0.10054164923376335,0.02928620924909307,0.04424491623053708,0.02959582512596947,0.06050215312826918,0.03355905301717544,0.05708539180313814,0.00854281621269027,0.013370518925668264,0.028977973242668455,0.043095949041159,0.03182881797464034,0.01800748608338448,0.061652393203341684,0.054706092068506684,0.0829412199871227,0.06138914918421444,0.04843666524223813,0.026582916564228554,0.1736262446053376,0.053781899823185285,0.03928260185446805,0.019092004354114823
0.03313286558179713,0.038920045605246714,0.0009582127972243982,0.02992808645822274,0.01844412898368059,0.05629603945816789,0.02633083556132082,0.022032968575313342,0.011536353433028121,0.0015766240203702194,0.04027822205771402,0.03235548348071333,0.049759194686755735,0.02553549543721406,0.019154017757234607,0.02581438787253296,0.015278012974203907,0.047978269503961855,0.017985905825115972,0.07246568271803913,0.02486970766074858,0.04618915409422565,0.04879899756247977,0.08045898244954744,0.02998711090871415,0.041935164355541704,0.01842347254302818,0.02485618941759823,0.019092297311410756,0.005239786775804722,0.02651906644225682,0.03169503570578206,0.08058932528058352,0.020584293771641803,0.01294398372802414,0.01641842196295356,0.02126514775412923,0.05251131660496345,0.018814609458545076,0.03154253640510038,0.02897942866619391,0.03241162031301603,0.03327189662992452,0.04290514560400628,0.016907873955279127,0.02493331412172382,0.025272999972108544,0.033642889193388294,0.017393950682465364,0.011383989494836202,0.03803293623542623,0.04240703115751943,0.03411620558749321,0.03861578974330885,0.03601904312525012,0.018154816459755526,0.01264595030410232,0.028410855607630636,0.03111484772954805,0.01918914254035899
0.04180051022096435,0.07537268354633304,0.0012747751556949024,0.04578811977912357,0.020984283442193937,0.1229413972469134,0.03568808552418245,0.04513811172824602,0.0732891868397445,0.0010115928137108864,0.03294371775316815,0.01940834062081398,0.071912124172572,0.03398448986487886,0.061486595239675555,0.03669793669619539,0.0369805766167348,0.011064107966609333,-0.0009477369607079238,0.25196858608769196,0.029552962871972756,0.050659428409573645,0.09615529803601394,0.02998711090871415,0.5067226657798922,0.0752537639727378,0.03027360930799824,0.03960826062296863,0.02362987995628668,-0.012477989235998285,0.04955233407421552,0.014591806367521455,0.030978927118755554,0.04738274000704181,0.17779339036240538,0.0017962402500524407,-0.002221540964226431,0.031183907914992193,0.02420532973851957,0.045829411051508284,0.01779067220463507,0.03628803915289145,0.06881896482295412,0.04106390867629326,0.007109803144264952,0.01752779404674136,0.03547023151091694,0.061542960495600686,0.027377384113112312,-0.0027928612734445806,0.058836612800982915,0.05803272319361027,0.06647463940355301,0.07326289377684772,0.04179769727645935,0.03050755074530202,0.3127617785766925,0.049699614193867606,0.04684542780220708,0.060519025126119605
0.07417905827678598,0.04006047503722672,0.0009959385280054213,0.05655030011946345,0.027071271856070812,0.08823191483547616,0.020730092962724343,0.021426715468111302,0.043274725963211046,8.480103221607408e-05,0.11851352135536575,0.007602807438312215,0.09405758329623974,0.02283551968265728,-0.024941115629502415,0.021022895198277543,0.03810217526162114,0.0864483333928847,-0.0005970015254618879,0.09473527029329407,0.04053487392737496,0.04048503669774231,0.08527852351214213,0.041935164355541704,0.0752537639727378,0.17862032454621765,0.022033824593594018,0.02925686810283223,0.011868759412773993,-0.00227763469016279,0.04429636296741526,0.030185319004278885,0.13807598662532983,0.00396987685629948,0.04655996376569257,-0.0010165974142702149,-0.00036721108504758263,0.09783139149885106,0.02557247281547978,0.033113096272822856,0.011066321222013275,0.05459654095622064,0.049567714045825544,0.0511257048161042,-0.0004946119171540025,0.026211046265473253,0.03609397527612722,0.032657602726355296,0.03676954968016357,0.011147191830057307,0.07248592088722298,0.05121271204194175,0.07981015648527003,0.05857269682348176,0.05961949318863846,0.033191682098089044,0.07159488160715433,0.06078758662212714,0.04304294464884021,0.039159060136944035
0.02990359698705862,0.024282167919758076,0.0003479008749493959,0.01823662394583002,0.013771765349396347,0.058531157240452714,0.014176551463812151,0.015270403445194638,0.01477243749929742,0.0010164995935967238,0.045530253163278744,0.017168915195931257,0.04605893591878321,0.010669007004580327,0.02677692232388647,0.0013296225331836493,0.015569570169901787,0.02605002792558413,0.012416345196342228,0.05224417284626675,0.017722745879940327,0.027912984558030457,0.039032628636535366,0.01842347254302818,0.03027360930799824,0.022033824593594018,0.08901377180410427,0.012558968996555201,0.020192625188716982,0.03858977969493702,0.030975895078675222,0.03444902416468339,0.01215405687816086,0.014190859716506035,0.009145573214712936,0.005173430908242744,0.011293745590706799,0.009184020755115433,0.010616136693863779,0.02545145860498679,0.01851076286914516,0.020742610836817752,0.0077409649527742696,0.02561286327237181,0.008690046173144016,0.016168071232293725,0.02280803794697262,0.025132924747515453,0.01890081322783081,0.013541407826207526,0.00988616423172415,0.04672725328191085,0.017014956834510785,0.02996977841906906,0.017135758663595155,0.013689831078441283,-0.00964849291836412,0.021355400737528913,0.024843530067319302,0.030372336409471647
0.02508498941046147,0.02790338092452208,0.001054772813499993,0.018379447050551598,0.01621343679200909,0.050695701259462614,0.019403923019931265,0.017088735701312974,0.019241006088125293,0.0023186264113578834,0.02786696740992615,0.02099624543677898,0.0524232547000794,0.032292939484598694,0.02521385664846053,0.02704961977518752,0.013784241507449512,0.05022455643646053,0.011524722289355428,0.07307336858604345,0.009586107331542465,0.02392181214327635,0.03606803693131183,0.02485618941759823,0.03960826062296863,0.02925686810283223,0.012558968996555201,0.09707040439387281,0.015068333018221114,0.04878748985026954,0.026576696715603195,0.018844036858511385,0.0682436119196976,0.019229742422660068,0.027580945422740893,0.006266939455744969,0.007164371943211904,0.05286378080340665,0.018716484742198742,0.029994755888156786,0.011279170831127833,0.01937995422276505,0.03845892014460498,0.026687374813729695,0.00956609400354557,0.013221568639423522,0.018635977578438864,0.022721334987536493,0.010308654828929871,0.015338410160861347,0.03524697792535447,0.01672849868728568,0.0323611211709971,0.037655006847932125,0.0332161564224312,0.009954826138799226,0.033845846101261526,0.024418224224794897,0.02032490153412596,0.02168883729945556
0.024176086557046703,0.016802481709565904,0.0004929424597474205,0.014438708267616137,0.013746883024326239,0.050214711589719754,0.012300344905043161,0.011432152423190196,0.01618655353160578,0.0009050331204518272,0.027240538925496032,0.029863589374728567,0.022952821663061288,0.011649749010560094,0.032543080109495116,0.011749794673728107,0.004417749564014823,0.011324502544771567,0.015461756963998497,0.03650778624196228,0.01330523689886912,0.025247396170572513,0.02642770311372257,0.019092297311410756,0.02362987995628668,0.011868759412773993,0.020192625188716982,0.015068333018221114,0.038115198286536485,0.010942692791750598,0.01678902868386523,0.020630984782673573,0.00937330643931486,0.011515159082117395,0.014736687269299761,0.010769125464362126,0.014200092661909004,0.013861116331664156,0.012977919667037386,0.013793686716261638,0.02508713437567881,0.02094491858268954,0.0006003000885910627,0.0252010638008799,0.011892116506698738,0.015340085547933644,0.015777393777315445,0.012395222913599659,0.011911457266721388,0.004289729509005275,0.023359048352568225,0.022810748045574238,0.016977801962628773,0.015102822153423926,0.016855102049448067,0.01143559509163813,0.013803525851346575,0.015917423917911497,0.021133014968901274,0.023808390028190667
0.01550456850955906,0.008715317093530956,0.0006403082710155283,0.015382075454632072,0.015252873884365711,0.0117055683259604,0.0162070101109216,-0.010475632289875468,0.013514534880987434,7.310167259235112e-05,0.019764365949883688,0.01840885253338711,0.04116606401947219,0.010682723029669973,-0.01550564695688679,-0.022314540759983396,-0.004913766283439719,0.06928454504638627,0.016752454941999197,0.01934201494044647,0.0074029998951566645,-0.02149276772189847,0.043031118965404264,0.005239786775804722,-0.012477989235998285,-0.00227763469016279,0.03858977969493702,0.04878748985026954,0.010942692791750598,0.8525753324944121,0.041736278853329214,-0.0006253564766669421,-0.017986777898387152,0.04846947472609939,-0.009036167517515684,0.011413050235676868,0.010559160724684791,-0.0014673873094656156,0.010896120948109394,-0.014810691292009848,0.0034457345414454933,0.028720442357036212,0.07849143378070034,0.013509545663014592,0.018434812299949387,0.017429151685445364,0.01758071382300041,-0.004576010944057951,0.015698789842912907,-0.009958860591580966,0.01781126115303827,0.03883890362538484,0.033609479439604295,0.0451144293559274,0.008883546160049896,0.037373098922099404,-0.04365204344131285,0.014342411467742974,0.027947373676738343,-0.009960597032110961
0.039044960290829156,0.0344770686715515,0.0009545993157440101,0.03192376049118261,0.015966658642891065,0.06031304625705841,0.02403950394421156,0.0238675754515325,0.017733165684427517,0.0006232989311382077,0.01620744751090149,0.02895386826844349,0.06264224626285296,0.016877612822126326,0.06380716433089557,-0.007811253578685646,0.024365253094124836,0.06692478144081328,0.0019008524034553674,0.0660550424683753,0.022911780634690723,0.01642098527627828,0.05984528997287712,0.02651906644225682,0.04955233407421552,0.04429636296741526,0.030975895078675222,0.026576696715603195,0.01678902868386523,0.041736278853329214,0.1503068127914705,0.03835233037837086,0.043272552533664514,0.008665589217822357,0.033695555283692905,0.009199128096803672,0.0044578404307341266,0.031683119908617406,0.0275297772451676,0.045564856952039226,0.029357957566266912,0.020841904190534662,0.031194541346704577,0.03614038825593528,0.0042942127331072255,0.01684531140512807,0.031237229948569034,0.03212518764051818,0.0291502341131544,0.009797112859004623,0.03692393040177831,0.03599189647155458,0.01958822298480963,0.02954743218489171,0.03256688370758761,0.0222822872494113,0.007826556739556652,0.025246030659149963,0.02578025810797655,0.016903573889047122
0.041150206511321064,0.019288392671134476,0.0010410226869607205,0.03038028827440907,0.007738191860723383,0.077062259312775,0.014684713837593216,0.016492251704604045,0.019155935259025238,0.00034259972939555656,0.05872502202343308,0.013467852027552182,0.061268363552470666,0.014242596070760923,0.03429486115632389,0.004118039132930833,0.013020891565213102,0.045700091799654924,0.008220786266495294,0.06390175919131344,0.013273397863476422,0.024608237562742195,0.07497405968711351,0.03169503570578206,0.014591806367521455,0.030185319004278885,0.03444902416468339,0.018844036858511385,0.020630984782673573,-0.0006253564766669421,0.03835233037837086,0.2256787050621423,0.10256987303043075,0.006122787374343133,0.009154437542851366,0.0016145752559743696,0.012484473642350186,0.04838734956163231,0.01972102565801889,0.030800027895742915,0.014247346240892488,0.024967867534246044,0.017165529481449344,0.04582419145039901,0.002959802698591388,0.02494128450412243,0.01922544937652264,0.03159889576408016,0.027385295690284105,-0.0028046359035690197,0.035707585150072,0.025163741989014863,0.032206680347475286,0.040723529960801266,0.02906993574531411,0.02371999528678296,0.012477870632154615,0.02934250338661576,0.017846986117330748,0.04541467762762201
