0.04381245436078269,0.004150408269034023,0.0035768226287808897,0.00487534197421208,0.005928966126817103,0.010615395868940575,0.014275984310182024,0.00783533076575609,-0.000166141075344053,0.007986071502002801,0.012817126910605239,0.009155029459577503,0.02459895031376199,0.002592506894148286,-0.0036169199787332174,0.002485263971182285,0.006378385320597371,0.0005583861205441005,0.007716340267238394,0.005233940278372413,0.007558443216169019,0.013843445833421033,0.013735595982963034,0.007731763248622342,0.007441315455555685,-0.0011785442539608325,0.0022925663801095764,0.0036801074677600114,0.02574850850185881,0.012224704370136341,0.010392342394008606,0.007373582977073693,-0.0016774994096923476,0.009412553100408892,0.001981593835526818,0.008469681794844218,-0.00790322334827106,0.015391799558171515,0.007683241545533818,0.002771119175655321,0.014811345547450765,0.005778065031136752,0.003328775205475385,0.005220235419198953,0.011487702692024353,0.027626418702214207,0.004902922035388855,0.0022066604764691125,0.0032139898835319976,0.0037346743347646907,0.0054858311774282995,0.000489888072724014,0.016925089750861304,0.015332477928137815,0.003705278638365465,0.021487517346920483,0.01010485831386719,0.008251280526192074,0.012130728589531938,0.012202255580557422,0.017523385554309295,0.011928558495588474,0.010746559204708956,0.006925982020207449,0.006351758130119081,0.027283393439537822,0.0015717040630572475,0.00980340710712885,0.014455138835543158,-0.005801450371967588,0.02826278190526694,0.005312644911277494,0.012357072602001787,0.009707956988613433,-0.0002549702644378291,0.0031957165968394294,0.011682591380221135,0.005713852227232884,0.020911028438579348,0.00161296172899044
0.004150408269034023,0.1598046381288565,0.0606618498290196,0.035419218713107804,0.03895315392627718,0.05690043557741588,0.050652547260395954,0.016515085145339375,0.03243896634063069,0.018689436064196503,0.04085608945050661,0.005574473293006762,0.0017539653881923105,0.08014454327295353,0.013414884395282751,0.027783795988138734,0.01601116879938445,0.031005088585961033,0.016503444199223408,0.014311779893152755,0.040131240317870256,0.02133640457204183,0.009161699100357261,0.021366413990025545,0.019221376777264494,0.016419229036698683,0.006418594443096672,0.04420923383011414,0.009139548133929785,0.035703662554238444,0.018712260879402597,0.021025376659653552,0.09655268602701558,0.03257147050215022,0.10918870983708959,0.02688614205468231,0.040242268681536575,0.051053239141178326,0.025269128505526678,0.06530084328791812,0.006323400953206481,0.05285803635575824,0.04494206223482368,0.04559843862042156,0.023385293990888595,0.011767618777665089,0.04546081490909972,0.01522239366326655,0.03994030364523779,0.06339094072404824,0.03508131483200176,0.06052233972860804,0.07646745786102586,-0.01958444375040653,0.01538004062032957,-0.0031692350355791905,0.030671625512328035,0.032289659409798034,0.01877041272308187,0.022763794131210255,-0.00169010606668956,0.020545762082693826,0.03587339888446373,0.06346328971830076,0.03288859879259296,0.019564357127293274,0.05138882399825365,0.03711787389321197,0.049323855055438015,0.05935590810006643,0.003131041168471847,0.019535207671000487,0.02508204750288151,0.050366378242989354,0.05735638362503726,0.049654272858919164,0.03250640626162582,0.006740365495464169,0.11651364859085139,0.08719930549492187
0.0035768226287808897,0.0606618498290196,0.6240751253135497,0.030203041307968873,0.03176533395040129,0.04979978519257903,0.06621987180213977,0.015908620135385708,0.14632518580396933,0.020228061868957616,0.04111085562720161,0.020321775548280817,0.008065354853109104,-0.03914864008623859,0.01565226597456336,0.019061130092335055,0.05471829831194029,0.01828322958653567,0.01847522365157708,0.02778649766769975,0.0413809920149389,0.03380058402193894,0.003088827941415998,0.02778796064771862,0.024899377757391074,0.015191561067939825,0.023806990047225376,0.06119778632196066,0.008108416375591216,0.028171719486673172,0.0104223582564735,0.024934715739170405,0.09169654369607243,0.030338770753639072,0.24356682395091703,0.02552931695292794,0.07849326970857468,0.038616836344581545,0.034891661532081,0.09804427241921758,-0.008850858097643634,0.1445731988161345,0.0526667716648448,0.06418591514680404,0.024126604361985406,0.011446259526980362,0.04705968697307379,0.061119204838930685,0.0873574808089726,0.1422619737586692,0.030571966462780306,0.14364434454589825,0.15725988040713315,-0.02413377618817182,0.022800193787868614,0.0038561260006636593,0.031060789759904416,0.04758599292464066,0.010273175592711745,0.07516877887852397,-0.0020003533949101977,0.03583688989253387,0.032140017263151015,0.06077437429235595,0.03673229659063081,0.01467888699554352,0.06886127814760852,0.06578584952735722,0.046132437654468054,0.08019594169132772,0.0065420897116925895,0.0712599143372512,0.04131173178070815,0.05229761134212509,0.09822285838070034,0.09737393260119345,0.03851586112308331,-0.008668881964405557,0.060398113711272655,0.22635320167747683
0.00487534197421208,0.035419218713107804,0.030203041307968873,0.05843115461010089,0.029673135611410554,0.05409986161044847,0.02512718676583093,0.014248066630289078,0.006707232554487367,0.0152864867586724,0.0310507551488364,0.006110083558630757,0.0002147503659965289,0.05862290421516211,0.013835341083716512,0.021546709188325255,0.014096074740913093,0.021825459615506533,0.022994561898398005,0.01633691333455351,0.04215035855843993,0.02217437523582484,0.005218051693165338,0.01820862903784436,0.015916529810295843,0.018689746142445465,0.011619868637154234,0.036711963843535034,0.009882873712675887,0.022820870822472174,0.019250043049392426,0.018762519175052637,0.06196064094281387,0.024329784072851725,0.05574900608712696,0.029225596184539446,0.030181985518925807,0.027791528720323675,0.02952908474846245,0.030763839223485148,0.006980855320518005,0.03554150654445461,0.040527171183443934,0.018903498269199914,0.011855886064426394,0.011740168422760775,0.037367330827425285,0.017676099091902275,0.029620460944545977,0.04281855318711532,0.026151121125503416,0.03210986015423604,0.057895045856892216,-0.007924369450708705,0.016728288059812982,-0.00022930729693780563,0.020964712432547602,0.011939095348673887,0.006197919376859513,0.02973941648939719,0.001439899618120808,0.029440382875455542,0.030571348342655423,0.02800448741661816,0.022886520544518868,0.013303213194660761,0.039260110842365185,0.02314624310678401,0.03417773882609166,0.03983430466773095,0.004773220941843002,0.03321190287462615,0.017255057912539486,0.028531833600037696,0.023771681036932574,0.02773483943594839,0.026900473684299087,0.0049683553802022115,0.11766032492671254,0.0578316728710624
0.005928966126817103,0.03895315392627718,0.03176533395040129,0.029673135611410554,0.04793807900564875,0.0459728676239171,0.02396466986820317,0.014185218322163112,0.00851357281348354,0.019418876093246235,0.03222917280323921,0.00806445440279232,0.0026580093827891713,0.05590280353695072,0.014884054318161177,0.026174364855714737,0.011698303842942577,0.02234214326399644,0.016378336349039728,0.019039977812331015,0.03778380490879042,0.024074442797359544,0.010823059131624724,0.014039303723926498,0.019134192001321406,0.012168987332523404,0.008459758895447356,0.031242032470585244,0.007509385505557803,0.026042376762983942,0.01676238965119889,0.022185118040386805,0.039364568300854615,0.017344969444697173,0.05788027880198604,0.03568520849288355,0.030060906999537573,0.020955162741384783,0.02510849139641442,0.03180311814118719,0.0078009105858953655,0.031004673753930456,0.044939450995645766,0.024196158611184,0.016595351608716075,0.01001511025857505,0.03561422820297353,0.018682921184747594,0.023355057571061516,0.03688824984257046,0.020672827322018524,0.03766390743758804,0.06256891354500468,-0.018074420298894656,0.01197568475741217,-0.0008279058711672336,0.019948077876614508,0.014182651322224004,0.0126436897644119,0.021814645647644345,0.0013734372707440833,0.02021208641269656,0.029356960068968926,0.0227591314891158,0.03029129704622157,0.011965554786957697,0.04428741454319226,0.02869267204709831,0.042670819342639235,0.0446668392716491,0.003784478793803253,0.017763931225889144,0.01728975270691509,0.03369061584802993,0.029812894553778637,0.03403312079555177,0.026759244459670904,0.007924702424503806,0.04816999347608598,0.05219457029402679
0.010615395868940575,0.05690043557741588,0.04979978519257903,0.05409986161044847,0.0459728676239171,0.12571371072078794,0.04125571023288133,0.02081345794249053,0.04509799159242624,0.025089296569356392,0.05821642433727718,0.013725100446585327,0.004580173859797831,0.14825660225755843,0.034154940866171234,0.03369586707217322,0.017513683840079574,0.026731168822312957,0.02513784297278714,0.027876065296324967,0.07527653433231057,0.03034290014936408,0.015225006854236289,0.03477598857757105,0.03258898764630843,0.028113012893736057,0.01277551927870137,0.05032820118513042,0.02292718924855044,0.04142130963469885,0.027320247320850578,0.031733774413091796,0.11269983207682184,0.04465316245388078,0.09568850275350234,0.042672061881666785,0.06374704394172429,0.04789526473299129,0.05172495274817565,0.029035568724262988,0.012181061623751772,0.04920458977832084,0.0700805289129342,0.04597391207532838,0.03185917218127435,0.022678899021813293,0.06798968673761051,0.04420770209150486,0.07560996077207986,0.05703984612904817,0.04801244910971471,0.045951883303572874,0.0619980982863981,0.008530120674647777,0.032156366138271476,0.004644103120119678,0.04349334726301489,0.02583369201007805,0.01581224603893322,0.05708423335555804,0.004565339083181376,0.04240625365094056,0.04982879195943587,0.027757669222603563,0.03770998369819877,0.02508422783064295,0.06347605402827551,0.05164773529056656,0.05810764261582819,0.07599453357823412,0.00957914144571837,0.05490739003411276,0.02867947595146427,0.059922428693169036,0.06827721651026226,0.04751315520948659,0.041963053875459025,0.0094545381754864,0.14350047577749864,0.10312291266623662
0.014275984310182024,0.050652547260395954,0.06621987180213977,0.02512718676583093,0.02396466986820317,0.04125571023288133,0.08144832171555294,0.012785892448721584,0.03057454281908354,0.01425493796588266,0.03100243237136351,0.010753479391008255,0.01261588355372906,0.045642223276145526,0.01845174028465833,0.016050325184735377,0.016964124630426052,0.021793884003849257,0.020932431476950647,0.014477626478659229,0.03307242977174712,0.028849927061803504,0.013359764070873878,0.020574665536623793,0.015833355249578143,0.005140826174429397,0.01645413468422808,0.03895737801247202,0.020622277696697368,0.01647852253340212,0.01601430754724362,0.010880532411229719,0.06072640319571634,0.028332317967928594,0.08997843714261348,0.019315368194564357,0.02700837895842189,0.03845764995223435,0.020693959577108918,0.044176923371324756,0.008660313461961463,0.050778815160824504,0.030872226038192657,0.037644645692119755,0.023465530359429086,0.017656683928084126,0.04184376343943678,0.020598849419086795,0.03862023163764916,0.05301170537766403,0.024077200622554883,0.04439683082444371,0.07480366935478341,0.002156656970411956,0.020451759527311854,0.009879440224239578,0.023092515567497387,0.026933588154611797,0.018108353916852355,0.03346957907772638,0.009252907154662818,0.02878149004985384,0.02774561208769005,0.03744143369051235,0.025578403437463385,0.019471910497207034,0.032072918429418576,0.026625012679935094,0.0346163055538626,0.044609813378087816,0.013728348179442023,0.019711440697143243,0.02434463222252669,0.03194943494271222,0.03343793327758555,0.037744776921701376,0.0311081039072097,0.011234310600381563,0.06838234988330853,0.07039622861534042
0.00783533076575609,0.016515085145339375,0.015908620135385708,0.014248066630289078,0.014185218322163112,0.02081345794249053,0.012785892448721584,0.04485959356722539,0.018690484100141663,0.009363019954994329,0.0160209347242199,0.010764622026651379,0.00491170455488503,0.029258173272915917,0.010620963055740187,0.01227687225060686,0.013639671207587224,0.014067260824133983,0.014219729431438238,0.014871048890963261,0.017790243046983466,0.012256164971324361,0.006592396708570218,0.0046412863180489575,0.008458954240990153,0.00357600345864869,0.005710935461039826,0.015229233467056642,0.009331315565481163,0.013447299199080777,0.014309645981924038,0.009376777121931726,0.028856031062116164,0.018498479121925898,0.04135461407554042,0.013448512232688515,0.03147855025034004,0.003935692395996959,0.009864041138408317,0.01709609377672739,0.0004369177572406457,0.023780303146013104,0.021854184131495848,0.017328495068192475,0.00717804105244719,0.012315344894370469,0.02656696138377469,0.011017252421981896,0.012530683526762574,0.021579100511226672,0.016624918243759175,0.02307195545255573,0.04422331149184516,-0.001650073672140381,0.008581856824068505,0.005705010646295561,0.017272770621176964,0.008441902784243364,0.009984231502763083,0.020687068984086964,0.004794230742297915,0.011838370439829729,0.013169371626932902,0.021297530667976263,0.008870962136688709,0.008305329839950642,0.01027380307710607,0.022738883828534867,0.026414624177399267,0.018523998875340522,0.005968255959976732,0.007394805134606074,0.016187510158910488,0.015315967145461191,0.016593423820649086,0.02059888693388137,0.02126303413855597,0.007126034809506559,0.05452199611355412,0.03373990605702497
-0.000166141075344053,0.03243896634063069,0.14632518580396933,0.006707232554487367,0.00851357281348354,0.04509799159242624,0.03057454281908354,0.018690484100141663,0.8592351186048693,-0.013874952070687688,0.0333800057621283,0.015295600018848719,-0.009556907370434088,0.06110630285070135,0.017591746056524762,0.011084943953910716,0.028412977314916845,0.017899717893327807,0.0335335905625503,0.022098355767147047,0.022547409933245013,0.014617470315538686,-0.0032778294892463248,0.04390142777577139,0.015102322880867733,-0.01250256021636158,0.011792395258832872,0.02471971181367192,0.01372580383880144,-0.020586196050842928,-0.009981777866027539,-0.0024220226706035096,0.09922496022611778,0.02065950397212328,0.1213200800722449,0.0009706813505550137,0.12111957614128098,0.0407134506557842,0.01366532849016066,0.01478183597800293,-0.02877648360599328,0.06125240111883303,0.03994939344465256,0.0036648308327226313,0.013733386548653541,0.008971923441180455,0.036456140774265844,0.020639363346561735,0.0261264156451204,0.10402771093546954,0.020689902345477944,0.08757858182866775,0.1053477487786813,-0.02632993840141792,0.033540530237861896,-0.004354001925013488,0.024189014713430275,0.019829614926605107,0.012558415742291353,0.03418276116884643,-0.009474420085684875,0.002155470173951305,0.014228885331618325,0.0696987255755876,0.00040593748550998973,0.007599767848096636,0.018915681269955926,0.08331452875460908,0.026324952716991753,0.03209296980597816,0.00019224558141391328,0.06130389842896829,0.015825288591715645,0.013804019565964767,0.05382822990427609,0.049464240662600925,0.018127878573420724,0.004445060702802207,0.046722783494865736,0.14518108882059974
0.007986071502002801,0.018689436064196503,0.020228061868957616,0.0152864867586724,0.019418876093246235,0.025089296569356392,0.01425493796588266,0.009363019954994329,-0.013874952070687688,0.02862756950238723,0.01965355387444561,0.00787381831431013,0.00981520923139821,0.04029780503090008,0.009396458494803932,0.013863829270465904,0.01089752668063553,0.012254843475241594,0.012320526590607095,0.007482331646928738,0.01969122547559362,0.016125491859941502,0.010963555421721982,0.008073652637532644,0.014947644100565866,0.006889864269935922,0.006200934046664812,0.01709669375856893,0.009140051981540668,0.015978912762408766,0.011084234972293857,0.010812601067772808,0.0332589380420062,0.010478212330361317,0.03366417192236155,0.024383617912044152,0.016628837885221938,0.02209360502852036,0.01506966371970867,0.018763727832694223,0.013176161068931111,0.016574560216770822,0.028551095698149575,0.014799681427124605,0.012880518152729219,0.01102239144654774,0.020337140345563276,0.00812800166653132,0.023426801554410775,0.015049416726525239,0.013307035866890134,0.013937778525463356,0.025909531666451182,0.0030133179051002124,0.005668304885762527,0.008113801340708892,0.011667643590915128,0.011400311902823989,0.008309052362138818,0.01914323341552265,0.00746758921914894,0.014135806287736866,0.020526896968848348,0.018051896140323813,0.011887448656145452,0.011800816031204562,0.023692116844767783,0.01893597120903275,0.023095809015344373,0.023743688878079032,0.005132406220481997,0.014232955721147885,0.01256791360105193,0.027907372827272573,0.013920851456952378,0.01591625055330395,0.017037604717295887,0.006573790798543517,0.03796165067040145,0.033777579716735034
0.012817126910605239,0.04085608945050661,0.04111085562720161,0.0310507551488364,0.03222917280323921,0.05821642433727718,0.03100243237136351,0.0160209347242199,0.0333800057621283,0.01965355387444561,0.0689414841551109,0.01257771775496856,0.009772126884602179,0.08271189821972642,0.028361094719540392,0.02419144865210219,0.016305863262110695,0.02485680536072426,0.021806444878899735,0.023338660673089724,0.04955443424020161,0.01830881855236546,0.013069663184017947,0.01951646845573841,0.024429277408898654,0.01487393279870465,0.012151000844204573,0.02729683325972942,0.014824528783723213,0.02891214195135284,0.019059823202179835,0.024311757273878513,0.06818341791709075,0.030841257928650632,0.06090382024569588,0.031259823943607885,0.0284066673701055,0.033987145595233983,0.03527153755430736,0.02662838085942072,0.011932394482945466,0.034325162852520845,0.049687765897832026,0.03003090878045101,0.02545583145076202,0.01674120504990226,0.05291281484011139,0.02631142079013284,0.05216945119406882,0.04134300227525765,0.03246467938842916,0.03446714989314578,0.06385593297218145,0.002153164499993288,0.01738885552589066,0.008491401017038167,0.02952587072303133,0.022530807453702922,0.01057141684359117,0.040017647233468734,0.004868265351832708,0.039261652058057254,0.03390511554886294,0.028055063451593646,0.02915307092445897,0.02211714319416998,0.044059236038778975,0.04200567008629198,0.04781706659219847,0.051329449348541695,0.009597731295440448,0.036944157871561266,0.026619815399839538,0.048081734617098894,0.04021351873178075,0.03366329469014602,0.03377837671000799,0.00852674654207179,0.07541627881480281,0.06094420649574127
0.009155029459577503,0.005574473293006762,0.020321775548280817,0.006110083558630757,0.00806445440279232,0.013725100446585327,0.010753479391008255,0.010764622026651379,0.015295600018848719,0.00787381831431013,0.01257771775496856,0.05720370576720177,0.01631331887631061,0.01191891840726916,0.01070893499361541,0.012550132600328659,0.01335857558870108,0.012536019827583528,0.008704805091681152,0.016224473463340036,0.018912374344089378,0.005678609833026925,0.007693052475158891,1.1754976961739612e-08,0.014618413068838784,0.003412994211226187,0.006313174950642539,0.01618683472973529,0.00948502478655822,0.017671661112117307,0.011396755974599404,0.014104500623211735,0.0066725878697925945,0.01330328260846664,0.023319339094271353,0.010195906264919698,0.02651231370818593,0.006140317945771422,0.01088786258280072,0.01786587312715304,0.007822741506008693,0.014223786158762446,0.013864089938141904,0.009005077580952184,0.008651745374973973,0.011831141757879651,0.008007366105391416,0.010964752964556661,0.017855753895861172,0.019724256104630116,0.013967947604184357,0.003414378679701331,0.01839082856885254,-0.008395363606998881,0.008793354882777726,0.0158650447124886,0.01669911417003045,0.011852087290088055,0.006737774943436733,0.02420673458172231,0.010482943214590675,0.013585998769071734,0.009206749462558173,0.024956897750623267,0.010739721109865182,0.01338198153679358,0.0077005578745833,0.008546181992882556,0.020979234354837083,0.01336584145201416,0.01146226445960438,-0.0020515893213775872,0.015276890231261827,0.010683034355586254,0.004811552381900906,0.013665501431852625,0.009416895325836208,0.007966248902162153,0.03969344653036485,0.024956250618194127
0.02459895031376199,0.0017539653881923105,0.008065354853109104,0.0002147503659965289,0.0026580093827891713,0.004580173859797831,0.01261588355372906,0.00491170455488503,-0.009556907370434088,0.00981520923139821,0.009772126884602179,0.01631331887631061,0.03493113348611874,0.0001245195169540904,0.006160107137755196,0.0024436948035502833,0.0043556885740742655,0.0072335940324688855,0.007052743892289237,0.005980358594374321,0.008881338762456966,0.006580789349551433,0.014113533091086976,0.0039898013346931814,0.008093324321916926,0.004876196679097226,0.0006597788454486964,0.0034546920751916607,0.018889994459437027,0.013066049185289547,0.012460672438595291,0.00648331039820203,-0.0012367538075560883,0.007980697267745444,-0.0024685651294280545,0.005956515072004488,-0.013589744488961294,0.014894377986385031,0.011320511931147331,0.0029650170761903213,0.02220160026242084,0.0024900528708313584,0.0030050894097453924,0.004032603780093451,0.007852167265982327,0.020524870851293484,0.00454349312276549,0.007785337038543437,0.006640426918654679,-0.009805293490874244,0.010495063429836787,-0.004403764559466404,0.008893026752670128,0.02049171799964847,0.004511068065695695,0.027242965045435958,0.0084899596557922,0.007466734431705616,0.007337028750562404,0.016238381899187734,0.024046975225609706,0.011046605179671664,0.009078236815065388,0.012434974689203081,0.008143466756747816,0.019659577357799694,-0.004879976760135847,0.0028097413964438944,0.013945362608434018,-0.004800370644789559,0.017037629733224913,-0.004851285566899312,0.01457722322842325,0.009797719773770672,-0.008044170796518299,0.00012484546630823012,0.008428202301739915,0.00958523200335569,0.0263067254894232,0.005126094215277243
0.002592506894148286,0.08014454327295353,-0.03914864008623859,0.05862290421516211,0.05590280353695072,0.14825660225755843,0.045642223276145526,0.029258173272915917,0.06110630285070135,0.04029780503090008,0.08271189821972642,0.01191891840726916,0.0001245195169540904,0.8356271413808251,0.050289917288541645,0.05879136163984111,0.022441105488872664,0.04864373258546062,0.0511752978104444,0.04433624273455477,0.11899289544525542,0.006815860200966207,0.023321579485696717,0.04287077292026414,0.050725718096710226,0.04202170013654694,0.030825742441712625,0.03322916990215084,0.03157093723892078,0.04299217969189319,0.055922429069133014,0.05310935604193297,0.28762944914554656,0.04128087821379783,0.11855090378926265,0.0578475254227665,0.10697966575695898,0.0760044773334181,0.07584595126734538,-0.09544587853790544,0.02794154673510871,0.057187815330159986,0.13939817850197492,0.06968647042754665,0.04202935644365618,0.028371775800915888,0.12514428263316033,0.060395367252308985,0.1247623314129953,0.030533745682367382,0.08395198742732468,0.016829108965924867,0.03476659531140164,0.050344075629495194,0.05852230082647265,-0.001287606515234722,0.06690286191725224,0.0282719754388336,0.0231273773542931,0.06340049581444673,-0.0037669912946574307,0.06825999189365221,0.06725046293854636,0.0017972850103769613,0.07505633620818286,0.02458779759546987,0.09051689265119113,0.06445548709681774,0.09500692179729138,0.12199187446088532,-0.01209634251938649,0.12114574816406116,0.034847586494967005,0.0977472747178369,0.10820041991668261,0.04225106634947667,0.05476035694473449,0.012630986139745986,0.32935268316042526,0.10679429921867846
-0.0036169199787332174,0.013414884395282751,0.01565226597456336,0.013835341083716512,0.014884054318161177,0.034154940866171234,0.01845174028465833,0.010620963055740187,0.017591746056524762,0.009396458494803932,0.028361094719540392,0.01070893499361541,0.006160107137755196,0.050289917288541645,0.14409033078037242,0.014548995185212858,0.016611381527165348,0.017250581860596227,0.011674943852368438,0.011747566104768651,0.05481667202558439,0.0052881626163965275,0.0016886262915396574,0.015222250909630261,0.01650727869977978,0.01462898922434038,0.005862754557332543,0.02750664063699134,0.003490652309560262,0.03091658165556322,-0.006696649886199291,0.01732015491108422,0.04154699922074126,0.004598560091071447,0.02266794371462971,0.014939354621699789,0.03457807583787068,0.020023224943003976,0.020892246349073756,0.02030174125937432,0.002336823377059033,0.00525070043905544,0.026273744880351863,0.02667889963459984,0.015978375206398714,-0.0015547185467199283,0.037685229147381316,0.027652676380097226,0.03952790867111738,0.009621376411516173,0.01927548986971692,0.02621942388885717,0.024280765315177012,-0.018923678506816907,0.025295868162839498,0.004389824283099257,0.015543741421473103,0.013540268519900254,0.002594271897093774,0.03666461010392973,0.0014750338023535757,0.015279149084640979,0.015653798147828198,0.010586501677728894,0.016247139174891057,0.005532972791507711,0.022471754329177317,0.02374929549094596,0.018318090189543595,0.038813242130509795,-0.004188173681758771,0.01684446411831301,0.01756436260918035,0.023766911738484834,0.02553297873292235,0.030459283393183288,0.024107733518053894,0.0009902990381678105,0.008825669356108424,0.022421072884593104
0.002485263971182285,0.027783795988138734,0.019061130092335055,0.021546709188325255,0.026174364855714737,0.03369586707217322,0.016050325184735377,0.01227687225060686,0.011084943953910716,0.013863829270465904,0.02419144865210219,0.012550132600328659,0.0024436948035502833,0.05879136163984111,0.014548995185212858,0.04627239977245865,0.012101633251221988,0.02298364010692561,0.018598595971435438,0.029078253767155674,0.03550102570012856,0.017878314536537085,0.005526894755122381,0.008893434797370415,0.017125129900603595,0.010535347322121342,0.007720592323229678,0.028835970063223137,0.007096281084561998,0.022653049499922792,0.01787608959993666,0.02606165170285923,0.031648547821884226,0.019233488242171037,0.047422090027904366,0.02546702549224225,0.0414289969439931,0.015405201590050637,0.021516220291993113,0.02468656210077174,0.0056460591965723445,0.02156214156160887,0.03341609689620487,0.026131682481121587,0.012660177282473277,0.008011235104584786,0.02944211886199398,0.02255932058682778,0.03607865829038554,0.027662773873750896,0.02605954976415705,0.01757313663622672,0.03422539905930359,-0.02292895933668255,0.02094330562924118,0.0008179644966092055,0.024909813361731016,0.013140108124457655,0.007766656601956571,0.03021806355319476,-0.0011600786277180205,0.023215578312520028,0.0185380232806115,0.012809725677435272,0.025068316744212674,0.010287490579331302,0.036315620606322194,0.021452317975203753,0.03180669912765598,0.034347921700683064,0.0008994223007426671,0.015198530850598555,0.019057641188107165,0.020148344022118923,0.019687632758573423,0.02025515792334593,0.01891830611219518,0.005400133866767073,0.07678525948340371,0.03700673411747324
0.006378385320597371,0.01601116879938445,0.05471829831194029,0.014096074740913093,0.011698303842942577,0.017513683840079574,0.016964124630426052,0.013639671207587224,0.028412977314916845,0.01089752668063553,0.016305863262110695,0.01335857558870108,0.0043556885740742655,0.022441105488872664,0.016611381527165348,0.012101633251221988,0.08327414887901216,0.009852602567938167,0.007604313500167278,0.008680845431108518,0.006353815097799314,0.015860909144483286,0.010489944458110634,0.011413527303413464,0.011493599044547732,0.00667538048501967,0.013710140469927587,0.021913292672513726,0.005090275973320613,0.010700822757803107,0.012882107837359045,0.012416854805434049,0.016626416898958253,0.011924605101535422,0.06149932638332461,0.012228281117985467,0.0027383235841330128,-0.014217510497433852,0.008691804545736476,0.025021994812364057,0.0032235399816794223,0.04864546373732843,0.021580209460898236,0.004670395535259719,0.009608253359657022,0.006250113238654398,0.01679927168320475,0.008823936193062518,0.01385311199953064,0.04903718658018809,0.015196992389567706,0.03353516242156152,0.03125192083332793,6.962899296244276e-05,0.011375404169202557,0.00615730425738034,0.014053609261190422,0.012917204127143783,0.002791059022256875,0.01111350340864211,0.002569918868820096,0.018198807858572957,0.01800465848388555,0.03535866799811925,0.012884604895789617,0.007306776228625226,0.027472834146377478,0.00787584134301789,0.021324163828375552,0.025242429374885807,0.003019053666536818,0.014889424530024793,0.00685902831460811,0.01457655709664298,0.030282150868472704,0.025011317562478375,0.015508146319776615,0.006979730274960348,0.05457266414934273,0.05716075829046773
0.0005583861205441005,0.031005088585961033,0.01828322958653567,0.021825459615506533,0.02234214326399644,0.026731168822312957,0.021793884003849257,0.014067260824133983,0.017899717893327807,0.012254843475241594,0.02485680536072426,0.012536019827583528,0.0072335940324688855,0.04864373258546062,0.017250581860596227,0.02298364010692561,0.009852602567938167,0.08200033346225753,0.013796822523375062,0.02177458647113392,0.040777456720644874,0.019663612111033228,0.008904572118288032,0.00709172446984995,0.02414472585494821,0.010014534055091362,0.006071230941230464,0.029937871009116334,0.009298952578600812,0.019007395169121092,0.02240789401094183,0.022717546245654786,0.03484227677161109,0.01949594248875784,0.056344954712278225,0.02361808936037412,0.02570620444137905,0.02438687692808908,0.024989075076193648,0.028634012421714976,0.007679812147748318,0.03519202437618109,0.032373638962405554,0.030484345123796212,0.020366491263280464,0.009147973682259643,0.029375979400169536,0.02006937460439062,0.03629833164798934,0.04898668624416161,0.025903445535828313,0.017433268282057608,0.04645567402530857,-0.007175920101207875,0.01947776098461922,0.007388299845572824,0.021589472972016407,0.016741743484234673,0.010394612404101451,0.03249688009539879,0.0036448098759454734,0.02511436415443275,0.01804290001499744,0.019675199159746144,0.02460323908542789,0.01358949015916413,0.027150783626267792,0.01858313565302216,0.03433015604223949,0.03388518775709299,0.0034412094865398112,0.018375027855986558,0.024817750013539242,0.03234685356327086,0.01878509794936045,0.022577366269937112,0.01784283144730724,0.020679189597673776,0.08657648517508733,0.04793745216978279
0.007716340267238394,0.016503444199223408,0.01847522365157708,0.022994561898398005,0.016378336349039728,0.02513784297278714,0.020932431476950647,0.014219729431438238,0.0335335905625503,0.012320526590607095,0.021806444878899735,0.008704805091681152,0.007052743892289237,0.0511752978104444,0.011674943852368438,0.018598595971435438,0.007604313500167278,0.013796822523375062,0.0830276776631038,0.021976740779797777,0.03692577457196976,0.00984404081005056,0.003601926647710683,0.010204294212521184,0.008910951426421024,0.005358697189715199,0.012357538490573456,0.017318513277126246,0.012240782532768339,0.025114854112903387,0.02324303098796892,0.011603904259073539,0.058748015038607035,0.01379805568254193,0.03905395759257413,0.01386229517581989,0.03509293706946944,0.018229729564873984,0.017716447536019777,0.02020472144839036,0.004999897337558589,0.0226505810003279,0.03346427257646317,0.020958537935620504,0.008060133932241814,0.016952787075420462,0.022762758997122132,0.0170268196149809,0.02292629067352088,0.022160722260886848,0.01774298934822364,0.013880454174890321,0.03235982730498307,0.007713808120708061,0.014539070946130977,0.005516481889068739,0.017635189546629473,0.007019777322365896,0.007822751976625136,0.022035679415567794,0.005429255675930377,0.025175975270155942,0.018518689216307522,0.013651635086385628,0.023036933405564775,0.012112402565506965,0.015326987186973787,0.01196754859815409,0.029270029108433557,0.028062999129093397,0.0034169220761966173,0.028510667742765106,0.01576701713520782,0.017209237872182395,0.009614484482700034,0.004417150685217109,0.017213926580499212,0.0028574138086465122,0.057935225212843985,0.026239181126063535
0.005233940278372413,0.014311779893152755,0.02778649766769975,0.01633691333455351,0.019039977812331015,0.027876065296324967,0.014477626478659229,0.014871048890963261,0.022098355767147047,0.007482331646928738,0.023338660673089724,0.016224473463340036,0.005980358594374321,0.04433624273455477,0.011747566104768651,0.029078253767155674,0.008680845431108518,0.02177458647113392,0.021976740779797777,0.07036444943172862,0.038982817421931895,0.017123183104430704,0.00885324331355562,0.004912260400103102,0.016622319398198724,0.008402637596845713,0.0037712852766220756,0.017932823761856828,0.006336418907613467,0.03443225373149763,0.02328834031195181,0.022203066011099892,0.024178440972609058,0.014055543426796244,0.03786444605978796,0.01829047635669976,0.04399871464466325,0.022634980552131662,0.022394767668601174,0.014813052540436062,0.005460230682802915,0.02031602081770432,0.028964772291626216,0.02782477557229972,0.01519456785862778,0.0058563720697733974,0.02780826367051756,0.021632632056450985,0.031716244588309704,0.029504767636507247,0.023139417023603157,0.00577229651575677,0.03191895069776539,-0.014646333800795842,0.01953260844961053,0.00739895960280239,0.02387853578605502,0.016923365716568498,0.015395819425191703,0.02331104762202842,0.003443686915404951,0.022396950595135478,0.018151436332420154,0.0215699143719669,0.023416426426960655,0.007594774049006512,0.02556079361931382,0.017631764028574245,0.04254254498677699,0.02892818436401943,0.0022242061944616038,0.013243970612232625,0.02386454716660405,0.020623131664056063,0.01029934005223895,0.015619741381483948,0.01015463356909202,0.007315201048970819,0.06302562999228066,0.03437756984582197
0.007558443216169019,0.040131240317870256,0.0413809920149389,0.04215035855843993,0.03778380490879042,0.07527653433231057,0.03307242977174712,0.017790243046983466,0.022547409933245013,0.01969122547559362,0.04955443424020161,0.018912374344089378,0.008881338762456966,0.11899289544525542,0.05481667202558439,0.03550102570012856,0.006353815097799314,0.040777456720644874,0.03692577457196976,0.038982817421931895,0.2559157108558305,0.016560092597936685,0.005363195111093734,0.03222380986148798,0.033981267422681906,0.017701319256143183,0.03441793969022458,0.04086894815054729,0.018659088227444737,0.04787606543786896,0.030081421031328003,0.0307687619854751,0.08675062456525248,0.033487634091898984,0.0779554218038622,0.03729947814802206,0.06547860882218723,0.047291189950428095,0.04411134066885902,0.03544800192773184,0.004380400029449151,0.04112074817522863,0.07050771737047894,0.041810899328557645,0.028480619020637025,0.01861878968127837,0.061013314038607123,0.041957939091116794,0.059713432058409656,0.07711841142390446,0.04329774007418577,0.04322180966852519,0.09050357520487086,0.021065049397469098,0.032972899393540034,0.00633313706879105,0.036869937512037966,0.018742426272670445,0.019328531255582343,0.047400040854161316,0.0010589859174625395,0.04398533148483067,0.038371074954380587,0.02865285410383681,0.03671523025449772,0.021980001853580924,0.0558332811272514,0.041663854949137116,0.061320575823160084,0.07317293527091702,0.002475429070892014,0.033257125837329767,0.015812264413708185,0.04285967597064169,0.035095497720064664,0.0481969149039572,0.037091674307468056,0.011006590659982355,0.1292737386125046,0.0757510364674056
0.013843445833421033,0.02133640457204183,0.03380058402193894,0.02217437523582484,0.024074442797359544,0.03034290014936408,0.028849927061803504,0.012256164971324361,0.014617470315538686,0.016125491859941502,0.01830881855236546,0.005678609833026925,0.006580789349551433,0.006815860200966207,0.0052881626163965275,0.017878314536537085,0.015860909144483286,0.019663612111033228,0.00984404081005056,0.017123183104430704,0.016560092597936685,0.08849530513161706,0.012893189761077275,0.01173021287388457,0.01640133083904147,0.010239817489365638,0.01193726121216894,0.033665362920851406,0.009676225380243226,0.018215452205263525,0.023186087937233157,0.017641199349394683,0.028738394118901146,0.025031718042051114,0.05113397154953901,0.0230032259605742,0.03304701288160018,0.02026548950102252,0.011680687151911432,0.03774441952307829,0.011652203574643938,0.03390300404818786,0.01944599330271899,0.025590784091234255,0.01676043634787943,0.011214647103151261,0.026120257053388808,0.015308996822665986,0.014682658004412596,0.036716444420095966,0.0176181839590179,0.017289484120083413,0.05958706672556118,-0.006847249062292246,0.015068327433296561,0.009493210654908369,0.017495383451201985,0.015349519216409337,0.006127830799824901,0.03148216883913013,0.006360110590804132,0.017905073052524496,0.01902303868176049,0.017209199736578338,0.018012328317087555,0.016561168749978056,0.02669005660185268,0.020243812877020255,0.034811919071531014,0.026556951438797768,0.012214032304726046,0.023251185190761265,0.023606049758775657,0.025956072916046097,0.03372452110942891,0.02269526950566376,0.017629347845324994,0.005633042121728707,0.04815950128394307,0.04381435569282243
0.013735595982963034,0.009161699100357261,0.003088827941415998,0.005218051693165338,0.010823059131624724,0.015225006854236289,0.013359764070873878,0.006592396708570218,-0.0032778294892463248,0.010963555421721982,0.013069663184017947,0.007693052475158891,0.014113533091086976,0.023321579485696717,0.0016886262915396574,0.005526894755122381,0.010489944458110634,0.008904572118288032,0.003601926647710683,0.00885324331355562,0.005363195111093734,0.012893189761077275,0.023281610044563337,0.00891566708279175,0.0122263719397428,0.004169188194963808,0.0035495476444548303,0.005714804375821464,0.013842058867987672,0.012261682291891403,0.020038423943360664,0.007723767114050647,0.0017939356997889015,0.010727423855947452,0.009580231477800287,0.011901912783767087,-0.0012850550071529466,0.012617521802280698,0.009930195130930174,0.011802038746288174,0.019113642679302243,0.009483694401532168,0.014753169278230482,0.003873351162265211,0.011986801619234008,0.015336527652563851,0.009247018481304173,0.006805124782146734,0.007982978754056876,0.0057818708473129365,0.010491846591007102,-0.0002432380209436637,0.007394049823124693,0.00874323153600896,0.0032982476429020266,0.013934763137920367,0.009455328485556636,0.006940098491859761,0.005773928409425979,0.0070423035671287075,0.013027778670850738,0.007676285724645501,0.012583566687907529,0.006354965084423799,0.011665792638673431,0.013442470650327233,0.0074515784053123205,0.015366236141784107,0.01938637993548592,0.010581361690485673,0.012005979682563495,0.0036273316632921167,0.01589411355287391,0.019556339010149134,0.008116643311870782,0.004099502808205217,0.008471664527028439,0.009904066203082793,0.02388115140453927,0.0031755015704977695
0.007731763248622342,0.021366413990025545,0.02778796064771862,0.01820862903784436,0.014039303723926498,0.03477598857757105,0.020574665536623793,0.0046412863180489575,0.04390142777577139,0.008073652637532644,0.01951646845573841,1.1754976961739612e-08,0.0039898013346931814,0.04287077292026414,0.015222250909630261,0.008893434797370415,0.011413527303413464,0.00709172446984995,0.010204294212521184,0.004912260400103102,0.03222380986148798,0.01173021287388457,0.00891566708279175,0.05919619278687131,0.011371189993882444,0.014035240820104657,0.011732523896496578,0.01891223412770171,0.009245405255540833,0.013891752228458076,0.0035192166041815905,0.006805537440560966,0.0537730558575076,0.013859674717997195,0.04587041286377082,0.01529428876838069,0.014703320252428102,0.022717911348320425,0.015729817223602616,0.026512370411503068,0.00921238308346531,0.017734897284574506,0.024486976839972856,0.011792107885549335,0.013208380654280392,0.008987607728950402,0.022273388149983475,0.011347142123711513,0.02033442386734464,0.0364356858709903,0.022239047697121917,0.025528549853486012,0.03841547309854097,0.007665507089127547,0.010565438147650449,0.001934601981139496,0.016851344808978954,0.006187756539611296,0.004437676289716715,0.01885812560593206,0.005120573511988028,0.022142061907606606,0.01864344790508197,0.005307004446434773,0.009228403377671394,0.008630245647904492,0.018470012091495267,0.025343632170066098,0.01781775301998277,0.027285651297771166,0.006257062943873708,0.05888559899280754,0.006667688806946281,0.022058776094565316,0.026697194860724423,0.012902209134443659,0.018307754025914037,0.0010140245774489642,0.06901549100904017,0.028080311011248325
