0.15021182596714863,0.019726138019771328,0.041218388010206004,0.04196658744903745,0.04206699543344421,0.02664889778154827,0.012764502156499533,0.02810157632794953,0.01265126844796886,0.022907209942285286,0.013677494122687732,0.021882699083026213,0.049294308267638684,0.008183371797117318,0.02554203164157137,0.019332615691189357,0.03686141832311698,0.040308770572775376,0.037652670242353546,0.015185151745642238,0.0014349587812585276,0.0018417243424894072,0.0372323492482333,0.021117501741884353,0.0439964090278791,0.010232471287397153,0.008968704029240628,0.06156625829176967,0.02347538676245004,0.029112401378733357,0.013631876881748457,0.043586475026098935,0.02399105930898056,0.060094673391336055,0.025467176370331468,0.05051535484924233,0.023535945917172053,0.00728154765976538,0.07152314620086127,0.014739607127227584,0.0060909566880058275,0.04245267496904795,0.024945678417649882,0.021504836579294282,0.003900271562871767,0.05868376012303488,0.05546691567877292,0.01572287875441231,0.06691726415138126,-0.006219336427719499,0.012492574095304371,0.053295450501925655,0.03216038490507718,0.02953749652838692,0.02690262108764781,0.036559189561319275,0.03722795716902878,0.019560242321566463,0.009001702179776647,0.03442581956950856,0.022588169127004266,0.0016037196595803179,0.01770925582789891,0.024449947223703514,0.046869648923233025,0.01999731430800948,0.0347791637111394,0.013353106998132835,0.01327618222822709,0.021129820696238408,0.036823941056249504,0.031886914889149805,0.034932905064435436,0.04523916524652728,0.03463010810577943,0.02752653256634641,0.0174698175262945,0.010521786638746805,0.022702983822693926,0.0190394443019753,0.012429414560057526,0.04283122714480617,0.00934856645379916,0.02901880625257445,0.021784900057720706,0.01246897025326573,0.07033435663205956,0.037929492856968804,0.03132497669646072,0.04602989876749599,0.035103283557691024,0.025571109069105542,0.03662138956687007,0.036710436566095836,0.017811585536187603,0.028729879304546048,0.029517705786169822,0.041978147654085474,0.03647678653673395,0.04371493004166733
0.019726138019771328,0.04038123407173696,0.021153098255261796,0.015178605026965442,0.020985550434755317,0.021667795509731833,0.013554717812241532,0.020649924206627264,0.02298863671894663,0.016734602946027643,0.014536423815473664,0.01980997396472363,0.027797037184152416,0.001043069357235925,0.031186258492296552,0.015880163700444944,0.06212768828770378,0.03902118504949164,0.006087050946223297,0.0073058197372427355,0.02788297626366005,0.006383951418402639,0.015644501959024577,0.012711880853181137,0.022525871694933874,0.01011268103626003,0.014177844133832058,0.02938490439580247,0.013172569337997257,0.01320266822199543,0.015880032749014585,0.022310921245329678,0.018558468757155378,0.03935801525572384,0.021855194954351717,0.02890588646759136,0.0237143557886997,0.008721263506618768,0.04709273722793316,0.014279037608704569,0.017777801669950757,0.01386728941348766,0.01882705951031752,0.01764662743538271,0.007806766540875566,0.03833966193954625,0.037954847108798116,0.012173689498044425,0.03399768119688321,0.0019405042087720242,0.012335310881327268,0.012985998787606716,0.025416832692990398,0.01739399314241837,0.01857087847969517,0.021420520718495113,0.030716643152068367,0.018456272981293275,0.006960032568428906,0.02662334732456788,0.018635630992813013,0.007045254825697523,0.016807537170766457,0.016667084894310853,0.03169673947892353,-0.009719380639173759,0.024598177207960096,0.013453211913110311,0.014330272067381323,0.01526737056673254,0.025144359183893912,0.018849143904835528,0.02151313938876259,0.0330218938604528,0.019409541049916504,0.02083040232821033,0.015835182079459054,-0.00501826700936724,0.014495749729856414,0.015619577112636942,0.009385938038965792,0.021190439891961798,0.005373911794877449,0.022838896447886593,0.007541228456783719,0.010463644737474057,0.026573423906562182,0.025375659026488275,0.024251159374772003,0.03456267322389254,0.024551046059953972,0.025808374005482394,0.01891533498619149,0.021783973157031032,0.016268810782979388,0.021613740871919175,0.01458051476974995,0.03043342570593997,0.024698757364509882,0.026581665842733394
0.041218388010206004,0.021153098255261796,0.1652547510610001,0.058891151426967346,0.021964750309108313,0.036646745898007024,0.015450895043122167,0.04680306863262619,0.02688465398940459,0.03181145022762813,0.030357585019710254,0.03606007647141489,0.05729426206742315,-0.00041100851698252193,0.02831162052994943,0.02557718554956898,0.06775139408240402,0.07771321418163006,0.08137039916184192,0.00633655122912771,0.02323304425229509,0.001605997691387345,0.035604829898653316,0.0160478192543322,0.0455971403873893,0.008945838938720401,0.029438043334412578,0.09262995755560688,0.05244125420010707,0.018995434606181704,0.04615950781219166,0.042037132444680554,0.029126394692565432,0.08979712884721906,0.047815025425263925,0.07368428447647153,0.04212890162109481,0.009468978542662095,0.08542672468197787,0.013111254636236153,0.02240173075946745,0.025870796566547033,0.026591687241883797,0.00969275370387408,0.008690533648787795,0.08043918821684626,0.04826051659105346,0.019229510604694973,0.05519482824101439,0.018944694316267854,0.011663288967996824,0.03472573980489617,0.04575174743977537,0.03463583325399671,0.03710360344303373,0.017404592911677674,0.05833309406358513,0.020265534486334804,-0.0002537682508993492,0.03830898182871011,0.03853326934494869,0.001672269363327975,0.01820091004696302,0.02514087857276591,0.03352456907580526,0.012368428868094203,0.034776385583552796,0.02061047466202609,0.009517898593931384,0.043757390141140454,0.028595552899046885,0.0323659672210688,0.040173027062558146,0.05789766608967043,0.03282014953190185,0.0380557583924191,0.022953571259287254,0.014833957681686728,0.01663006403391422,0.02477980123026226,0.010133078355678917,0.02715840697637519,0.001961217828720306,0.03713572474435136,0.020379060722433676,0.010223040752264777,0.05753451819859001,0.03880041388328541,0.027572566279544058,0.06903641618860552,0.04573356467567778,0.047810263938908415,0.042328239289740166,0.038186983558808944,0.023480261063795582,0.030227024623575856,0.021045748759861267,0.03773476733639164,0.04146798696042367,0.08850566907321628
0.04196658744903745,0.015178605026965442,0.058891151426967346,0.3262734817742493,0.03795724350508644,0.04118075123998951,0.014764101274782658,0.04294973169227035,0.019701903161454735,0.028411780749017713,0.008795144137103748,0.03972343876127282,0.03207236057344941,0.004370961120429851,0.030614000831916947,0.019740410466928565,0.09168229522188061,0.06493427547450091,-0.002230946878702822,0.002897101792310344,0.06746209927141833,0.010720195621663218,0.03659757019070191,0.031524114176395016,0.047021615992588195,0.010727114019959055,-0.006197415679580284,0.06588012348270424,0.08540773306091134,0.02792651218214681,0.043400006959644556,0.013129845903593439,0.03475765658072062,0.05063171507909303,0.056002276634787476,0.07050731512990782,0.0333428091675562,0.012173492044206022,0.0897604524456257,0.011707750387047458,0.02787975559977645,0.008509970452939723,0.03580330453140861,0.008347840094379264,0.014640175608399987,0.09674554953589266,0.045896407216905286,0.01413716208724175,0.032152138968421555,-0.012210895479846226,0.005208008579462134,0.04906669335281419,0.058097387082087906,0.050395594332686304,0.01485779933904659,0.011641246649970051,0.060626313359825566,0.017532149635489814,0.0022551042042389118,0.016782768203114924,0.03889815629836927,0.013411601334869364,0.025567349618563013,0.024056675489026583,0.04042861527355861,0.05027708346408017,0.04568136574610195,0.02418150755762484,0.008879525200941072,0.06734038165299704,0.02777914191374465,0.049062890401618126,0.03431439551072184,0.048051316945649694,0.029351280483385082,0.034211971788402615,0.018988764175351284,-0.03832213872973194,0.025893573243375288,0.02546414311370441,0.007573839622267665,0.013447260167059029,-0.00047458708584649484,0.029715822135099903,0.014689256453868338,0.01211433262203974,0.046261120080825585,0.032040344478982664,0.03822313190357729,0.10549758044312488,0.04423044674487479,0.04391950775595769,0.05320805051302083,0.03684157112588825,0.0282407650751542,0.02795126227022635,0.0238904099181239,0.022926300125850244,0.027946893982088893,0.07882053473955374
0.04206699543344421,0.020985550434755317,0.021964750309108313,0.03795724350508644,0.8445697089745348,0.05225286637029235,0.033301807039382215,0.025022428483074993,0.023032702478845323,0.036988177866390914,0.04557968224401514,0.04019899383093535,0.05031304091206758,-0.0014061424639346413,0.04145984315698307,0.034157133052680214,0.10170848980353317,0.08899366305993742,0.10497275531193175,0.02529772182909604,0.04545435391225552,0.002470178738651807,0.03126881134512729,0.01599629991546356,0.04026034870730304,0.0194409375818039,0.006474234361495958,0.17282575501032943,0.03170732697840181,0.041416347376954245,-0.004337152632379539,0.005342524417306866,0.04446731112559914,0.07087288834156769,0.0369866344333656,0.0632649741397774,0.04363703104223168,0.011328943882404715,0.0835007061294982,0.034138176097619176,0.039079278789237004,0.04104305568394562,0.037049993389547196,0.028768384207815103,0.02780446644254311,0.08536003371866334,0.04043530471178056,0.022035102370935457,0.03450038079798639,0.042503024147685864,0.006761049304846899,-0.051862849708244944,0.06617225301002035,0.06470543502197855,0.027953757552633223,0.03967748734060004,0.07445617510935403,0.03431054411363834,-0.011994438291855706,0.03307983309079561,0.054887950311319315,0.017265389269129246,0.011965401883504416,0.011038995362951332,0.026491622552474062,0.03331679385060146,0.033070526907447745,0.00908081602304488,0.031173870489692956,0.03096262046906218,0.023761871964633734,0.09567572404022243,0.04060700454559388,0.05816426732840257,0.04538729693622692,0.06903526311995503,0.03366027988986375,0.04039620707760286,0.022892263960929308,0.025976117866005975,0.059255372454710735,0.04061126620088546,0.021632739455135136,0.04698067126066986,0.029627164210945828,0.015530008916811763,0.051390937978987486,0.06228874166443745,0.03510336014057016,0.0356218038360747,0.036186346386377355,0.05189440057592993,0.09240579825761633,0.03102485999653485,0.02998844589087504,0.03038958219213434,0.025992503224057786,0.04351450219602621,0.04099713566598122,0.04894397544553076
0.02664889778154827,0.021667795509731833,0.036646745898007024,0.04118075123998951,0.05225286637029235,0.08272563835101698,0.015454942446621257,0.03038094890278634,0.02785159382630724,0.01797054742197316,0.015099215885709626,0.028252736412205215,0.036731422651436155,-0.0006153409512191301,0.0371437202819696,0.022367728977994758,0.029787046983668766,0.05803375643491738,0.04755325779112713,0.020191732521511734,0.02128769461047334,0.01312458290357116,0.019111684620174565,0.015984870420029187,0.018432104143793808,0.01706876979911453,0.010892461952461104,0.04995737882949771,0.014193011599902062,0.0106475537784839,0.014118998349530384,0.02833953131395658,0.016612719339716874,0.04854595885194314,0.027371894767026714,0.011203100219877778,0.02204509145233316,0.011893698442469113,0.047163296613448244,0.018182315451721328,0.021439653533421525,0.010931690553695578,0.025374040110962344,0.015904325902829163,0.015980566912923117,0.03977970233072508,0.03891028407949861,0.0159358192439376,0.03686011487127043,-0.005111810101280987,0.01459009790821235,0.013469252113632035,0.021221275457775288,0.02198616940778813,0.01620643612302967,0.021214126795713533,0.03618910687422467,0.025509449053562387,0.004904026334328563,0.030635296414624407,0.015510769418054553,0.011863193407919762,0.017384908157558353,0.025652180184396974,0.03646992572099207,0.0031949523423735497,0.02453008054125843,0.017891579387472503,0.01826443119329004,0.027303087267395634,0.021113769487677063,0.02664273181391438,0.02545635854909496,0.04181014081779908,0.028503529566047445,0.043906593745594955,0.02915810137487691,-0.015948784151745644,0.021125270717724243,0.025453325620577606,0.015358015044108352,0.024083200351887657,0.010126769481244436,0.027595747253875483,0.0163693976268713,0.01569980359572271,0.03208349565952819,0.02515581643343304,0.025358918463659955,0.04122695472471429,0.03053355230793065,0.033832253303195954,0.03684904767219858,0.023018418421148636,0.027019822414141158,0.023260534052045992,0.016628601059305026,0.02608534189275217,0.021856276583916378,0.03910192345361971
0.012764502156499533,0.013554717812241532,0.015450895043122167,0.014764101274782658,0.033301807039382215,0.015454942446621257,0.03470282290846197,0.01763650343752788,0.017006533882254538,0.011274946628495503,0.007275973616409683,0.016389227286042803,0.010281788598381966,0.0035360538762732124,0.018287343208782638,0.014088097200240148,0.04370697916323643,0.010370015985115829,-0.024954449517921633,0.00626313119194403,0.015530199457608532,0.014000189272653937,0.012571844353681165,0.00645658705018139,0.015144044181576884,0.013598178289747359,0.008229396262042409,0.031271850413221905,0.021129704555256628,0.014837735601172982,0.006503012556746113,0.020450924544537005,0.016073862436767228,0.01895894724756881,0.012084715424195081,0.010310860879323095,0.01804912395808778,0.013981159922176712,0.00736869207835388,0.012625672502609197,0.018949088677773524,0.012837851854107137,0.019120614372428645,0.013277257100868675,0.015102562196429376,0.012897802628271813,0.02092535741851572,0.00804220317953158,0.018533398994076848,0.006666343953050231,0.01535664668714675,0.012327971277413533,0.018586745671565753,0.016075163832296818,0.011546912219190401,0.021485479807973374,0.015404359272300017,0.012233086188389147,0.002491471892848796,0.015309197602072036,0.007573273577235183,0.016409021229900702,0.008878604781096273,0.01362081770814504,0.016532656359488418,0.00466527717144352,0.014855676111904841,0.011067632794191323,0.013834786871875296,0.008966714455499169,0.009902392234745256,0.01954661489173621,0.01858099065994789,0.024300014891146273,0.011916998343432994,0.013433661229574121,0.011376227323751207,0.013616902914135974,0.017309630122432206,0.01380007941921801,0.0070507740685764085,0.019259306693525297,0.005897969591219126,0.01704934087632442,0.013986594727076248,0.006170983540533498,0.009825525700912361,0.0148439669681905,0.016943759356635214,0.02602455094284718,0.016974198736429795,0.01834867282360637,0.01847964665837358,0.010220651401643799,0.010855276201685152,0.014416223774715709,0.012600302135104392,0.013772639103857152,0.016778398296443148,0.021044272359605796
0.02810157632794953,0.020649924206627264,0.04680306863262619,0.04294973169227035,0.025022428483074993,0.03038094890278634,0.01763650343752788,0.15237363359445866,0.020532696202545563,0.034138934983542035,0.026095688235514933,0.021238154354616273,0.030566440051687235,-0.005436158578570108,0.031345618294881604,0.016532009231524803,0.10233138233015557,0.0746227907942778,0.07337724066435136,0.004976487553664161,0.11688687956426978,0.008302495897026198,0.032819226050649034,0.018773892841876465,0.05982809495589022,0.008735363866068891,0.05828407350919541,0.04873989681463664,0.02357211051906318,0.013964905122798132,0.03160771156734564,0.011370696578223202,0.02841087583770948,0.035041896394555856,0.02906829721542719,0.15025132200372893,0.018023984710063893,0.00791264282279996,0.07370651168216513,0.00834647237386857,0.04004703444928465,-0.002339877727485089,0.02238215146106502,0.00859205863498253,0.004150770452688942,0.15820454740905854,0.054150965472373,0.008893722085247191,0.052425523680456235,0.000636687388694991,0.0003007691489463848,0.0455520404674198,0.09713756217072986,0.035714295828422775,0.021898958913324,0.017583934684231174,0.05562552364798724,0.01576400750840815,0.0009974000630517596,0.04033138054511493,0.02107027733066042,0.011467517847676384,0.01596976038334467,0.017002410930546257,0.047512020063887786,0.0261813896923188,0.04228440767503874,0.01712625769651544,0.006789151056666981,0.02636422546675853,0.020512507216607304,0.027587368650953327,0.012822092345931915,0.06459978994910394,0.021352181645011573,0.02537297287736716,0.017116727370602543,0.007540640756253443,0.014076434988803881,0.02074002235511206,0.0198924390645863,0.023673788126019897,0.005601315452838563,0.025752709936475916,0.020175346448678633,0.017749316628329168,0.05470426506915296,0.029175947184487266,0.011865098954846104,0.13656270658913966,0.020313903411770563,0.036177813751243876,0.052496085436194405,0.036826513195182105,0.015496396382189382,0.03338900720928297,0.021886890016315944,0.038694779762909595,0.04070538061585878,0.0838414017592479
0.01265126844796886,0.02298863671894663,0.02688465398940459,0.019701903161454735,0.023032702478845323,0.02785159382630724,0.017006533882254538,0.020532696202545563,0.15153841479668,0.009459737281451627,0.0063792293907876385,0.0185677386571521,0.03172443966990717,0.001116849017805153,0.022282375728839492,0.013780298989099044,0.06116996813323597,0.020406055242393105,0.00033098974477135685,0.009263520985020889,0.007569009519081835,0.006409005054373197,0.014535256561125615,0.014246486220531072,0.024226571152961143,0.008458851111927956,0.029678832491724653,0.0416559105177101,0.015191382876104413,0.011237678563562071,0.015171742678641426,0.04702217215779981,0.01815349754726043,0.04408827191735928,0.026309819070920407,0.017731948713513968,0.023003807976412972,0.008554818327970762,0.052066399193728755,0.01212350912132702,0.010631636164601789,0.011523841949123367,0.023637662702097686,0.0101954032779282,0.00945255673501147,0.032240620015606916,0.035367296040988906,0.01099611096273588,0.04239960771479085,0.005237247471598099,0.004673621830992963,0.009078041151179987,0.024158535394467027,0.02657601633541289,0.02010652005218529,0.024638290870921536,0.025372836579751132,0.017775470677223387,0.0014211373907322266,0.032335827944469354,0.02915962247267846,0.006257312170403876,0.010159447584292618,0.011855158196826265,0.028886571575666316,-0.001229859395700062,0.02345217433785111,0.010267818300255228,0.013287125372987372,-0.0009438753884561653,0.026965972463809707,0.02352365996377809,0.02629082759306589,0.0344405994419091,0.01575218251656224,0.03052814935731365,0.013954418218735193,-0.017847021006440724,0.012003341719592886,0.017241003364283136,0.007387584413209187,0.016433614658615404,0.005830840177183864,0.019152867386092124,0.014028156285849348,0.006599387135440059,0.0024541701943907495,0.01692320291510918,0.020434012812492092,0.035672385993909934,0.02197134744496904,0.029902640791461196,0.021534326291636867,0.017647050669683053,0.016406052580924185,0.02615812253131273,0.012939814998931385,0.023897582194989605,0.028384155804895905,0.02884737977636811
0.022907209942285286,0.016734602946027643,0.03181145022762813,0.028411780749017713,0.036988177866390914,0.01797054742197316,0.011274946628495503,0.034138934983542035,0.009459737281451627,0.06032971286684271,0.014771711184032194,0.02151001130295232,0.031080136873989087,-0.00015710788695516098,0.02851591892145543,0.012790358546643817,0.0549704716750327,0.04496297068999964,0.030030899096022412,0.008282770864033657,0.04730103920000479,0.009025484388629646,0.02190933091103513,0.010257368177169804,0.030788266789393608,0.011868301690855182,0.012402043032019154,0.04053963231111073,0.01926778731819031,0.016263588019841603,0.01789742885454995,0.018905187945053522,0.024815996767699012,0.035360860129357075,0.029985062983397988,0.05775285876211861,0.014561186323084133,0.00754599923156656,0.049804219508057315,0.013083154298500998,0.025393327187133455,0.014329288331025909,0.02148402763015664,0.01495688813722409,0.006476749842846991,0.057027328584042095,0.032111334801004934,0.013087269378170063,0.03668541360840394,0.010760958040759341,0.005711258427765412,0.013803866090643532,0.03343617052590283,0.02126246275346786,0.017472041493357654,0.021076241279931462,0.04597262909756998,0.023653614343104853,0.0049744518660652815,0.01975788832880387,0.010633175477486354,0.007213167188097539,0.017740145390762546,0.018823021705909628,0.019475887268320342,0.010423255112464528,0.032022745932727796,0.011121621073175708,0.011944450689123233,0.024100453647421718,0.030489818714618994,0.029257425622916132,0.018280572586549314,0.041135808546763554,0.017584760645126638,0.02391389397546434,0.020031465803983673,-0.011256164779514313,0.014705002246406917,0.018971596713243093,0.011629800091126389,0.018368664773481234,0.007214395524094673,0.02368677695148405,0.011106993842903284,0.01332821538727265,0.035159409943051986,0.021857615361610048,0.023345876293107207,0.07019311897169503,0.02045138776623978,0.037866558669147454,0.029574218934952344,0.02405536118338957,0.016162456546506197,0.017524149576252226,0.018163154126583658,0.022577915607165468,0.022310816020195266,0.037353046000850404
0.013677494122687732,0.014536423815473664,0.030357585019710254,0.008795144137103748,0.04557968224401514,0.015099215885709626,0.007275973616409683,0.026095688235514933,0.0063792293907876385,0.014771711184032194,0.0830276776631038,0.016022012138648945,0.02458334254383294,0.0023592948276253004,0.01244531218742746,0.011749658959842396,0.03475695374735641,0.035501925561155744,0.045746920731080026,-0.00032963771275561974,0.03629080738711854,0.0027324271711281455,0.01595434255841811,0.012305605774597075,0.027619781570997655,0.008276508215083054,0.020649862688610358,0.031310262172336865,0.013615785030525521,0.016306585735021407,0.020174222794634246,0.01731569378331409,0.017716447536019777,0.03412851555853755,0.027790432772799356,0.049240578557670917,0.022303785874138202,0.004419301209178758,0.04400760413973461,0.014162192144102647,0.01176516416197608,0.006388767037218908,0.012205466707789695,0.010753813798933707,0.0009337417784964404,0.06217923914579213,0.022887504224843945,0.008090957286275747,0.017611380475599684,-0.03132949236965772,0.011251603639955112,0.03756328037334905,0.03115382880065134,0.019148251567614034,0.022450144808021023,0.00420681356266191,0.028536107980212968,0.015265456025221884,0.0057483919299169284,0.025430581847264246,0.010871339980541742,0.006837058042764522,0.00618960381799091,0.0073493773007670665,0.02559343880050139,0.0013059824717121084,0.01703011149721509,0.012839435214899152,0.012146257541456998,0.017455892161261123,0.014144313460030995,0.01650312290588086,0.01944177855245282,0.03605454757452123,0.02079521970152749,0.016843349763819588,0.015943258048424277,0.011404658909879085,0.014117939999022297,0.017599066219527938,0.004516977039007422,0.01798007268790108,0.0017846384893646498,0.016082642865551833,0.011256456584449823,0.013523463174510145,0.021710494674278224,0.018939104335020673,0.008808905977062485,0.04531083889214254,0.01618143751326686,0.02866887843554376,0.026370188778877163,0.017320263054742515,0.009404281436442419,0.014060632401441477,0.020020924561341854,0.023111861414964262,0.031402642556730656,0.038428584456566946
0.021882699083026213,0.01980997396472363,0.03606007647141489,0.03972343876127282,0.04019899383093535,0.028252736412205215,0.016389227286042803,0.021238154354616273,0.0185677386571521,0.02151001130295232,0.016022012138648945,0.04659322582780102,0.026667721461346612,0.0028447337721983056,0.03527938095120775,0.016253474161735004,0.036479900440848485,0.04053224498745406,0.019757785622136925,0.014796582212407306,0.021064777525674257,0.009509486075164306,0.023788270496150104,0.009666867154545577,0.02238856742286191,0.014577436683987317,0.01627265788510134,0.0508053717017189,0.055468945721259245,0.0170204354624756,0.015980209827451238,0.022394185454875315,0.02377199031434545,0.045480376548558646,0.029070739966169632,0.018924166622128154,0.026886102176666378,0.01067089185617949,0.046591721236617055,0.015345940140899158,0.029441637337726426,0.02053631053786248,0.025051411904342312,0.017141748647760555,0.013090599294795195,0.039234335596037416,0.03228783242940463,0.013306581156286433,0.029697348943365707,0.007363758926310974,0.012401064358180358,0.026305086042069874,0.025321596536751527,0.02256732342045163,0.02307478250836095,0.018340163599174165,0.04091917600971001,0.02214028819041848,0.00478605476709761,0.026183914858645425,0.010077642326172984,0.011661626384885677,0.020796775478587694,0.021633378900850268,0.03076121337306842,0.006189336933555239,0.02725327660035756,0.01608929905178673,0.017428635105874956,0.024010032515725553,0.024728091492823935,0.0257887079535358,0.03032001165704573,0.02658140052953365,0.02871202297222998,0.02739720671122888,0.020676497331679426,0.01308439299637296,0.024733952323062917,0.016952754143539837,0.012751697832529423,0.025233926522022845,0.007580040838255864,0.025221370645161074,0.01862024155329265,0.008786504028627004,0.031800836800032053,0.024372208275313646,0.0255015889884165,0.046983018128024384,0.027177886198754924,0.03409913340548613,0.03800011447003142,0.021320829449046334,0.01580476183541987,0.02169551092366905,0.021042617170574728,0.024083111393889346,0.01987039089327355,0.04584632332298853
0.049294308267638684,0.027797037184152416,0.05729426206742315,0.03207236057344941,0.05031304091206758,0.036731422651436155,0.010281788598381966,0.030566440051687235,0.03172443966990717,0.031080136873989087,0.02458334254383294,0.026667721461346612,0.20298372378466714,0.0022187078006236406,0.023523411287706714,0.028297320015016905,0.05401409800909173,0.07352347193565044,0.12928734003506445,0.010176779271041046,0.011695960305446538,0.00670940488126259,0.04068674264684172,0.018006222371734656,0.055614934974697716,0.014494725990846499,0.021279418485865058,0.03633975257863144,0.06265807607436076,0.02614347159344819,0.031310571608051764,0.0394970724209071,0.038871123543485826,0.05414817314153016,0.04753706220735751,0.05522912326911725,0.03263519400871879,0.015714545060072915,0.09300848138595146,0.019133807206156633,0.024763291193113466,0.030782986640750718,0.0280110689071474,0.01794139806799111,0.010747375628969453,0.06981451823655371,0.05577117230669446,0.01995243744916512,0.059766673443014395,0.01810605666623527,0.0074117053239808744,0.03430545778774118,0.048902467534470334,0.028828919972477513,0.027572673430216965,0.031181054182382043,0.06102898803830073,0.025940545491032502,0.003978345743502219,0.04864766077161455,0.008989831431656005,0.00408878325759462,0.02071226357952261,0.030331908399546123,0.04992720327013442,0.008464732532116413,0.04052065773405927,0.016994206032683347,0.016102915897690213,0.036812437652998964,0.05380469197683166,0.03671877599308701,0.03536014800174991,0.06779415847779967,0.047317144101948413,0.0296280011475792,0.01920387260517935,-0.01253468760744945,0.017249361903191974,0.020962156730600374,0.010468366623814288,0.017395472187403373,0.007333787920333342,0.03404690954115196,0.014471377358874918,0.010702822632860941,0.06767008172695574,0.048427989968698563,0.028213402341919894,0.03190025600426152,0.037286935058491025,0.03701307061313733,0.04313859029030645,0.057964274054588656,0.014252917078777527,0.03748458417618759,0.020326283546868443,0.04847468572966202,0.02907826466305757,0.06088043896077222
0.008183371797117318,0.001043069357235925,-0.00041100851698252193,0.004370961120429851,-0.0014061424639346413,-0.0006153409512191301,0.0035360538762732124,-0.005436158578570108,0.001116849017805153,-0.00015710788695516098,0.0023592948276253004,0.0028447337721983056,0.0022187078006236406,0.03034536160523224,-8.562470655825204e-05,0.0013304517670172048,-0.008654307392177018,-0.01409182539696667,-0.008105186156500598,0.004035240348075473,-0.007813974872105868,0.003885568799832953,0.0023009219771463725,0.00043744489120006773,0.0002515807427016541,0.00401852997351193,-0.004165479277124248,-0.0022469163314635834,0.002660322633809257,0.0013472414265142528,-0.005275721813238104,0.0084751353950187,0.003162128835679282,0.005378071514819681,0.007522363703747736,-0.00040633699324588504,0.004196899254827136,0.0023538552744966313,8.219912056101957e-05,0.0014193382532673852,0.0030992041963220193,-0.0023806488311625545,0.0007911405503744841,0.0012462411962321429,0.0043711470009591535,-0.00483929395963053,-0.0010036667718782198,-0.0002725914549332469,0.0010329907612235225,-0.0019778774501630616,0.0033467119638815874,-0.018700048546818292,-0.00202384774149383,-0.0035458775323148903,0.00013957534251365334,-0.0020823731607925336,-0.00013828854489077955,-0.0007363212143838494,-0.0036863247674829864,-0.0003018656432234929,0.0006113877576612078,0.0025952260157498905,0.00161392438259725,0.000959945510557044,0.00400489929684887,0.0002883274555413629,0.00365210500886754,0.0008863513380747501,0.00403873356950204,-0.004206122771101765,0.0031874522172654685,0.00010064346941817171,0.014832385912829506,-0.008061824505557062,0.0026198522514075027,-0.002872200633797556,-0.001088412424295075,0.000467846951247015,0.0027099224633967056,0.0006801322589231163,-0.0043114060148474465,0.0015079128534196315,0.0024160741049922933,0.002610879588170594,0.004957243970885975,0.000541205445690187,-4.3571266017845223e-05,0.0013012494549550708,0.0024483810467365408,-0.010712414820119654,3.0258864981795053e-05,0.004191939646302394,0.002645165057364554,-0.0010614342030834272,0.0012364438844081984,0.00165631418805136,0.0037359036033026696,-0.0011010536976409665,-0.0038858153979168014,-0.0036399713157776047
0.02554203164157137,0.031186258492296552,0.02831162052994943,0.030614000831916947,0.04145984315698307,0.0371437202819696,0.018287343208782638,0.031345618294881604,0.022282375728839492,0.02851591892145543,0.01244531218742746,0.03527938095120775,0.023523411287706714,-8.562470655825204e-05,0.11154567509862356,0.021407740170056595,0.08633497769672879,0.05295982192460989,0.0022916633530579893,0.01817773681156348,0.045966795415731905,0.0075540886139784155,0.01949409271964079,0.008061347020678442,0.022756868287793094,0.015361967561980027,0.008297401719074206,0.07101768913551403,0.05193082188633723,0.01157914893740802,0.01738383076914443,0.030235947734972537,0.011708879185637181,0.04962183586278938,0.037072959084873666,0.027842932315440484,0.025621522472574595,0.009795276833257007,0.05942136518298003,0.017201916865850393,0.028604181994480712,0.024023641692836613,0.02176794846766145,0.020803986644070512,0.011136449031456773,0.05459531323835039,0.04742448072216298,0.019516528746679005,0.04722851062672723,0.004584928405727026,0.006339828600291805,0.02549887657063661,0.02004396748202345,0.020841547887779165,0.01480135387475245,0.031798917955810586,0.05024997462340841,0.02911236275802193,0.0032102580593217226,0.03458682447770347,0.02423067634627984,0.00597783572533837,0.022067008881198457,0.032565177679450406,0.031710522482389474,-0.012485862112206701,0.04658040646076244,0.022837307536925214,0.0186380626400961,0.027072377010101203,0.029743388450012353,0.026378361694942527,0.02657165935769018,0.03220345990363639,0.022471939325140168,0.03330083820016588,0.022582460314929526,-0.004306358613025045,0.01677593901178429,0.019663079958722702,0.012907140319923288,0.03450825333507023,0.010649144482484624,0.029028526856159288,0.01858161635480623,0.01118043466076509,0.02830652178658299,0.027541607187018705,0.04343994384574604,0.06130128767956524,0.03136665075988594,0.0558566595006415,0.022110708190975614,0.029565255633937956,0.023287618742611135,0.024728417467832182,0.021330282982696742,0.027742588031000187,0.03823708200223911,0.030211335065795323
0.019332615691189357,0.015880163700444944,0.02557718554956898,0.019740410466928565,0.034157133052680214,0.022367728977994758,0.014088097200240148,0.016532009231524803,0.013780298989099044,0.012790358546643817,0.011749658959842396,0.016253474161735004,0.028297320015016905,0.0013304517670172048,0.021407740170056595,0.03797358554824032,0.03345364692573942,0.036480748976595964,0.038286689274428284,0.008206614179361537,0.01937943051748168,0.00791154381152077,0.01710104899302626,0.005951741797717846,0.024271541184888456,0.010993958243986498,0.012324439530345616,0.027937979869072562,0.014676029900895593,0.013524360466134415,0.00967961834563756,0.018007696549854946,0.014423990657377084,0.033695902962398376,0.022746816567342485,0.025603331205186406,0.020341322929496194,0.008413236217990413,0.03359866950886856,0.013657122140507268,0.013935153432209762,0.01245308127926401,0.016599425738048675,0.014104569081707905,0.008677812922944974,0.03003582292529231,0.031220023238551962,0.011684308148899413,0.026231165674024115,0.0028703724463437917,0.008939858026559198,0.015164714541490088,0.02197236713202516,0.014925296779911083,0.01676319976812957,0.018407892112787337,0.027097203708777023,0.017812281786378795,0.0041639233602832545,0.02010944595139538,0.008160034503772194,0.008160562715580612,0.013801763509223311,0.014956935174191215,0.020712229868393616,0.0003486394002812581,0.02026463653427698,0.011842574001375184,0.013413910636790842,0.014655340052866556,0.01902055372711367,0.01922909368297534,0.019619019185264548,0.026957335170651377,0.015226122877673751,0.019858287035038218,0.013937880733919186,0.004814929323878035,0.013631748904151742,0.012869004309700416,0.009458166649604033,0.016096978056166517,0.006756543922952355,0.018543421948054247,0.012399520722006993,0.009152119036458739,0.02607741712731713,0.019923040171865858,0.01994111301912641,0.022844476685380713,0.018400811161698775,0.01874422808350133,0.025247958158059643,0.015007342290949218,0.013726918511154172,0.013388442443142877,0.015957294365916617,0.021921290883951436,0.021509317345125515,0.03448059616499501
0.03686141832311698,0.06212768828770378,0.06775139408240402,0.09168229522188061,0.10170848980353317,0.029787046983668766,0.04370697916323643,0.10233138233015557,0.06116996813323597,0.0549704716750327,0.03475695374735641,0.036479900440848485,0.05401409800909173,-0.008654307392177018,0.08633497769672879,0.03345364692573942,1.0532890355354305,0.07639436347045864,0.17737946790758494,-0.042951580582744266,0.13475006086319494,0.006313595090576172,0.038805432287264165,0.0458670449247394,0.08091345742845914,0.02231749071174286,0.023005672735148266,0.06140603087764435,0.09575829684038534,0.03557605848531296,0.009673379546274558,0.026843968755003108,0.03726161257453331,0.08992204510628865,0.06760603159255557,0.1554797427454674,0.029900265930050886,0.013963876011788922,0.24156398413460972,0.03504125384794274,0.01878595841785642,0.04076286457716992,0.04944951305435285,0.03218478596793397,-0.02382236267276255,0.14290336476877824,0.1260380120319095,0.05062032336846857,0.0813619753956571,0.02047834794359465,-0.006297012014190975,-0.021609931556506697,0.08877628019767239,0.07049258434419159,-0.0036816940413717456,0.021472525636939306,0.10509675081424215,0.05307129978495246,0.007479269394786879,0.0578482315054712,0.0030166071330915197,0.009947149196125193,0.02397583796739338,0.04949688231859223,0.06114101553158898,-0.024658772648185757,0.09706755347170418,0.029659137952241565,0.03836246233667805,0.04751985206080781,0.07265180493307884,0.07953845840276098,0.04424793684111663,0.05275939747506532,-0.020104526915720542,0.02784975426857249,0.04362394222367241,0.0031048394912654986,0.026649608460609934,0.04154126443223815,0.015996881926449064,0.05824345211567267,-0.003981099186313948,0.028585113815770835,0.009415124013259111,0.012339297390090027,0.0912059254372903,0.02806711365812198,0.07281610810762303,0.19428203640051644,0.052254390654378424,0.06952439343757422,0.09976869854946717,0.07355849018953577,0.04281807865513793,0.043753346939798016,0.04644283933772286,0.07371712981986686,0.052753480209056375,0.1554353322243691
0.040308770572775376,0.03902118504949164,0.07771321418163006,0.06493427547450091,0.08899366305993742,0.05803375643491738,0.010370015985115829,0.0746227907942778,0.020406055242393105,0.04496297068999964,0.035501925561155744,0.04053224498745406,0.07352347193565044,-0.01409182539696667,0.05295982192460989,0.036480748976595964,0.07639436347045864,0.3035269794311401,0.13325957671870625,0.021472504804382692,0.09841004252432206,-0.008470970763114009,0.04525856391991265,0.02975438388027096,0.076147725351884,0.0012298364104104246,0.0627727627052695,0.06684879196138067,0.058812376680476494,0.0199574060103696,0.055518072441094704,0.023363756143785684,0.046427033794061795,0.09498158139586514,0.06447140763448043,0.17205355080339854,0.061073884134944516,0.007462946886781913,0.1364869395649494,0.011004954655442363,0.043613276435150714,0.021967736882161543,0.027189372801913553,0.020234800530123827,0.003770468487301327,0.17931791069020225,0.09483392896261172,0.026677927774798126,0.09038035653081768,-0.003912485598101136,3.4546784570280153e-05,0.04093146066295909,0.10852828807155149,0.052317222854688546,0.03208669969098872,0.03414540125890192,0.11430953724952805,0.0420804541408599,0.012672997868429445,0.07385860908816724,0.03697273933041448,-0.0007001995328232049,0.031063014015334355,0.029549434824392734,0.07138555617991461,0.000594867004445381,0.06116339850281524,0.03285841967423122,0.004409221356817231,0.044951426413552806,0.04892135853549015,0.03632503047313938,0.037692101540311336,0.0844784887069432,0.06644141643843539,0.04982085337784814,0.0330569356621647,0.013186277225976744,0.017615298076076386,0.02784973513564175,0.031704510384799905,0.03286579540474678,0.016612173208594205,0.04572116387773431,0.02371613125463732,0.030237344979813407,0.07191568733028073,0.06342073430876956,0.04429695795402558,0.14657241888821076,0.03856032192865021,0.04917937475489558,0.07834251733727846,0.04491001338652438,0.025966066345626412,0.04299166797144096,0.029833441726307374,0.08398112528566332,0.05632495663084719,0.09597214471564411
0.037652670242353546,0.006087050946223297,0.08137039916184192,-0.002230946878702822,0.10497275531193175,0.04755325779112713,-0.024954449517921633,0.07337724066435136,0.00033098974477135685,0.030030899096022412,0.045746920731080026,0.019757785622136925,0.12928734003506445,-0.008105186156500598,0.0022916633530579893,0.038286689274428284,0.17737946790758494,0.13325957671870625,3.8282687162898457,0.01295401086019793,0.12049701709037486,-0.011486023539363304,0.07024122467874712,0.019495250228224164,0.07551563554697363,0.003233787403549278,-0.02416510052865552,0.0030979585563984365,-0.0015072342886705194,0.021931507725139136,0.01848800943886335,0.06374008475544846,0.013273522165290317,0.06915058722662852,0.08316486835989619,0.18639966414322304,0.015108267003968676,-0.0001754524724703768,0.2539930531712405,0.019750501988037756,0.03586616917145625,0.0598407243015158,0.028681098270636054,0.038772977194701005,-0.01737744901999184,0.12687353713930197,0.09844123158161558,0.027355810936762905,0.14460340527292986,0.03194442202247774,-0.03528224479325613,-0.0195306623644354,0.08146780140007959,0.006604870084675267,0.05704697072747443,0.040903007723216665,0.06149216606262448,0.015560489509299018,-0.013371288261104241,0.07939966089968789,0.0031905962502378525,-0.014380988576018394,0.041483166063214394,0.04083610709381687,0.07068076075475675,0.030650872230979283,0.0583001133709937,0.025147319887217336,-0.012168926530564842,0.021510509800055207,0.041345308256309984,0.03565721178112273,0.03882362958242732,0.02818928133321578,0.07296685843648587,0.04655640059173062,0.04459253587916503,0.03652009591134439,0.0047300148330729885,0.01351931228142654,0.013482038384814389,0.05348459820618648,0.014085136246715615,0.028753060748560308,0.013045222794341862,0.04353746643995814,0.1957690299196108,0.044007202423733724,0.039204784132587524,0.16724338169730352,0.04136064341622202,0.02803439338844827,0.09100808741015443,0.07646948285782812,0.04326761495162835,0.023354417217549116,0.05236419413797112,0.12309513258273459,0.08225419109431088,0.24591067904980918
