0.07331626695760955,0.030432351659976892,0.00515200555201735,0.01952967056183407,0.016515501875295747,0.02286349608802323,0.024802631953918273,0.018850030262588705,0.026833248027391496,0.053191838678798106,0.013741116594297643,0.025742514516192264,0.039669369212842864,0.013940464812437868,0.016331918586686797,0.05892976872597766,0.019935203571270148,0.014043649982037543,0.009388411629995583,0.06107910931045564,0.08684725892423001,0.013311389595291502,0.02406530450522613,0.007939643251000187,0.017555889205003884,0.012220890351753845,0.0027277862255927427,0.028462210455074553,0.017147723070850468,0.028218536929009438,0.002921069179967602,0.019468584301680556,0.017946231844156467,0.049809561658591656,0.027175207744267408,0.020644690728408143,0.024954794933988056,0.01614165964048082,-0.003576550543105325,0.037877685515145997,0.03577576047670219,0.023377163472633387,0.078895271467223,-0.0009656632240588621,0.0512427802714865,0.013366882478045046,0.007624135329309697,0.019354193055420334,0.03383962140781986,0.015061489515980905,0.02173725795913748,0.019698188629572323,0.05147071842314976,0.0032743528617028912,0.002095768278263339,0.023197586781617912,0.018261775807537094,0.03925064387828858,0.012697239877225144,0.04290004241553834,0.027673697846673954,0.024014072260657736,0.010574049330202274,0.03196743933317388,0.03482173408146971,-0.0005979005839359525,0.006574097593133582,0.020834154659114177,0.0211259602698977,0.023674178232218648,0.057205630080874224,0.01383640679655691,0.015320275111528402,0.013028416168804166,0.033082221395602684,0.008428332984593783,0.032173149560569,0.0080574090666995,0.022270024930642198,0.03018897193277959,0.029574134063773894,0.009725322266198374,0.023976150619653074,0.010976857160390324,0.029565368064096025,0.034554210562969256,0.03126131643901069,0.025751359316482283,0.016006452923197117,0.026670893318750447
0.030432351659976892,0.1283284389247743,0.014564710591814632,0.02048722413535188,0.024618625948346552,0.04150562606614365,0.035835643073058907,0.04249688482522444,0.02872155325958571,0.022683355387113774,0.021151759440727436,0.03171381215905138,0.042654583199531575,0.02594647175202225,0.018423669367954632,0.06359907237124622,0.03136845769634969,0.010895398552416126,0.008620561529153397,0.0683372008202675,0.07269854752235413,0.011669851914732292,0.06064763839754125,0.0062463206246243935,0.007659990150888869,0.028073068700406406,0.0032068099648540813,0.048245135076939914,0.029223913420787766,0.04466430114727909,0.027220377971679147,0.058789366040440355,0.014079346230435677,0.07748499291689084,0.03718402791850306,0.03529672338171176,-0.012223839839691313,0.035618085131232435,0.01062748758704058,0.0332121545819585,0.05667297014584834,0.035276112559518825,0.07483958548903541,0.008381481796536366,0.07026518060561157,0.01630743649948594,0.020375904578564856,0.02796994986433822,0.05622914127370461,0.011224252826101195,0.036881502090506744,0.040265109673536824,0.053733122740305284,0.01582503676106944,0.0036948051461483987,0.009333021245160522,0.03187456234777267,0.040690154942044025,0.024926293129922863,0.06256810583762426,0.0571175836604441,0.04646707703242927,0.008973236781778426,0.04030763271337291,0.028788919020570507,0.006629333054653823,0.020361565102112338,0.023683060757046747,0.02714579646205987,0.025649755742713606,0.044723899483976676,0.026936833773674805,0.03024367943502425,0.026420340205480793,0.044670463211424705,0.01849663977515181,0.03722646928658616,0.030853262826715806,0.0687258318261794,0.052557462322770296,0.019383764643920002,0.024301013921139595,0.03079358432729458,0.03147221925508089,0.05167549872197837,0.04805466158753809,0.03186327369328558,0.03957607330551064,0.03126411996235281,0.037020424513638274
0.00515200555201735,0.014564710591814632,0.35692738634388754,0.017615631764006504,0.007275865985108161,0.0260321936459498,0.020713655029431996,0.018231588591686793,0.026322675274252506,0.036043873417401846,0.012462246685681999,0.011668544472023916,-0.01990728990971056,0.02349295359180674,0.031230506916429836,0.013928808898162219,0.021263941228126745,0.01983337267820191,0.020509226158233217,0.05952831179567853,0.04597407639969294,0.005159055543952532,0.03235696952152193,0.01069131540850976,0.024967826280530892,0.008378796998805208,0.001595098940506116,0.022613600891771012,0.017817924855215283,0.018031855655413796,0.004896815693587465,0.040671815905771264,0.016063792698892923,0.02111625295345728,0.002565537345170837,0.00983500546913893,0.02066087123922893,0.02129339588712281,0.002559861567898153,0.013322108369824398,0.003613734411348654,0.005059564886256784,0.009569917572488975,0.0038758234425261906,0.025418718418672208,0.023433020414310828,0.09219361261823515,0.02533037426905632,0.009011872801479975,0.015095686275334507,0.012314796804035447,0.017565913894516075,0.006322671807687843,0.0123152741562896,0.0132520226004311,0.0360954109639903,0.018447022740071047,0.01959273033360702,0.020228472987820895,0.02516690717383792,0.04711053044942957,0.012166914259055516,0.035746090598266785,0.015835752760420874,0.03855913071512587,0.0037619230112432046,0.011047634173207687,0.0167017943199299,0.025581323521543593,0.018273967229774285,0.0074565323144354335,0.011669170504269613,0.010057699281164982,-0.0427367739277217,0.03359636738211287,0.012821523591909875,0.0028461747998748993,0.012672478461925266,0.03282208797899427,0.00468009372005644,0.03298018732379357,0.012091303003059212,0.022310073551028903,0.01834639096413741,0.02803355313332597,0.016346838216370552,0.035230375213154266,0.02711923598205591,0.018278070569583187,0.027429204252862802
0.01952967056183407,0.02048722413535188,0.017615631764006504,0.05843115461010089,0.00550202763792449,0.05409986161044847,0.03315025528833346,0.022403918965700393,0.04632227491715016,0.03922066802865362,0.01820048583767884,0.019019944137415968,0.028517818265148157,0.01485442134116776,0.034012508135461784,0.03696809316842603,0.016634045323426626,0.0222712776541776,0.027184237034659674,0.03984859213129857,0.03956292823303162,0.021869005516504916,0.04591356312271343,0.009077367902435423,0.021607195970448814,0.02257704709389205,0.0030425251422388,0.04342853838836748,0.02728803928524657,0.026553835883709753,0.003340378861362928,0.03620884313930264,0.018128872459088907,0.046227069684422556,0.02669535094235455,0.027530290617241264,0.02166121023876558,0.02314129344892688,0.01894144031449196,0.0501156972070338,0.04942368095290128,0.019867354982714525,0.03861556333465114,0.006980855320518005,0.03554150654445461,0.016802919903268942,0.008893770616159133,0.03686838346711537,0.034622863651015606,0.021968958141499722,0.025727283778171992,0.010227738224364928,0.03565185281664697,0.025741918078861666,-0.0005320092970418891,0.03435586032259581,0.02231691267087218,0.04887995560177388,0.03610942042266837,0.0287180023843598,0.04994012461737456,0.024742926370851338,0.006660185576311045,0.01896092972500794,0.01289298048179567,0.001439899618120808,0.010222668205797494,0.021100209499542843,0.011914695162025448,0.04651884774318678,0.02488657468316683,0.018792554955957854,0.0203447704513576,0.027994653587450034,0.056187153721141574,0.022354902934466386,0.03983430466773095,0.012791420407905069,0.05933818494925311,0.05011402178968871,0.032788725414710625,0.015867029743750854,0.022800676571645626,0.02155647629044633,0.023865460103082325,0.03987034492368619,0.02842034745310284,0.028485958763254993,0.024624397510293036,0.016051036388347605
0.016515501875295747,0.024618625948346552,0.007275865985108161,0.00550202763792449,0.1986983149309183,0.020093473895675132,0.018493918484412803,0.013056934953308305,0.039376261657586634,0.020252900044784836,0.009327227368550453,0.007137359414449198,0.01457564009363814,-0.0005820807613657855,0.011004936241655555,0.030578005128720866,0.006089183740425852,0.014202877987433473,0.01653593526721655,0.052326630257601224,0.053720690634679574,0.008293610067939916,0.039482842760810766,0.009123931118043205,0.012168735678000904,0.014480035677498913,0.0038925888624747698,0.00909460815206331,0.0050031043004316374,0.0242438076087342,0.0009502826152730735,0.016024198060982868,0.013728777523207248,0.00742396015003037,0.0009795937543817146,0.024460024220391105,0.01321711195748709,-0.0033643473324753846,0.007141494437708343,0.0280990715980645,0.012000315913781546,0.015896896358066716,0.03886722043305053,0.008452022233317473,0.023926857075778376,-0.0031414807674476843,0.01829879741243897,0.023318294074792387,0.03249594319785258,0.01676230966351718,0.012116682398466371,0.02399583929910077,0.006820493183231224,0.039867157028208595,0.006298596152760666,0.027641054094678742,0.014118401859120996,0.014496620252772967,0.020771415594911163,0.019124361221009786,0.02537780645770039,0.021483375375370744,0.001494439072607013,0.03984029276390078,-0.017348056706730463,0.0007517139955950198,0.007171499556025991,0.010718061083800695,0.016859752625558482,0.01799145792824246,0.019850890026711098,0.018235641747369635,0.008468313794081089,0.014279918367429397,0.02325856160985599,0.021608406062468045,0.009459025463841014,0.009707313756481496,0.05576145988889095,0.030897467867084485,0.0068520854095125375,0.007992952770461964,0.014481408384236573,0.015810267883193542,0.019152540212146393,0.0060352285958957695,0.02863788580093592,0.015636341284720575,0.017701871350276614,0.015242477504451743
0.02286349608802323,0.04150562606614365,0.0260321936459498,0.05409986161044847,0.020093473895675132,0.12571371072078794,0.0525270107793488,0.04081970705849763,0.07842454740028361,0.06556814314057803,0.03483080658776825,0.025203708398289882,0.04901843896975433,0.02426278965237575,0.049756436995578864,0.0635636877755015,0.03191464744142664,0.03203273429478799,0.03846636705882671,0.07123489892822941,0.07032083300177878,0.048959746288013764,0.09161621921300837,0.016792343148516763,0.030288260332618184,0.039356516417157844,0.005835931057677899,0.07374887881086711,0.04241642682451641,0.05073438266295783,0.013221309458639714,0.08192824713594904,0.025426118926631245,0.08713963870011976,0.029530922719223453,0.04204958247115732,0.035063225049335116,0.048835683109009126,0.030322955925791376,0.0934646308058319,0.12250281451343321,0.035676423561108575,0.06006726984520427,0.012181061623751772,0.04920458977832084,0.015305322535717671,0.030204329846770985,0.06737983455288214,0.07369212600080338,0.03294553826486797,0.04256144921402334,0.02992477328400704,0.053251358185814265,0.05280231963073719,0.005138337915648609,0.06143669100832838,0.042744516232017075,0.09289779100997368,0.07852569954143114,0.05977409387296985,0.07118902107461615,0.046212387757498884,0.019884975367844678,0.044804429110617244,0.026318355239883004,0.004565339083181376,0.02580055018541752,0.04560321818526751,0.02799432055541225,0.05488370762433784,0.03549489299809397,0.03531849915190542,0.04272082170986724,0.05103359866874926,0.0879098285067986,0.04273948012544616,0.07599453357823412,0.02813873610514272,0.10522030905839856,0.09930811298208175,0.05455790395500477,0.032154934843849174,0.038511108180650795,0.0435024204679975,0.040338027637553835,0.07111485525702835,0.06959885817837316,0.05196878388650224,0.043787697737655513,0.02451626822278055
0.024802631953918273,0.035835643073058907,0.020713655029431996,0.03315025528833346,0.018493918484412803,0.0525270107793488,0.08931903409348156,0.028477801189098803,0.042038141872779905,0.05429076706426536,0.02497883403340645,0.0179245679231224,0.024137060851170858,0.025607376393784975,0.028054464780021306,0.046663797457008445,0.028793807861601968,0.024372777121582055,0.02247654967604087,0.046214999431589,0.060581705429236965,0.02596915125136655,0.04796188030041112,0.013706154103195858,0.028839461152564635,0.020823814424229727,0.00339615190801531,0.05029369063650017,0.02611692510973095,0.04173066807396967,0.013996247282614704,0.039762084846046604,0.02263113271423332,0.043040002293176866,0.025893502857770416,0.0279034407603105,0.035363061780913925,0.019699778380075215,0.02641781929331092,0.04936790817094866,0.05823176577289265,0.029321167913808534,0.04846271018287946,0.003017492667077844,0.034928154699824965,0.020053719133363804,0.01934994584686717,0.041762460535431895,0.0414455461232182,0.024658345086774044,0.028728352280438473,0.022967207214887837,0.044893278507770515,0.0207645711048251,0.005432539667331349,0.03392694879477852,0.028470616983780946,0.05069514395168485,0.031939973289991166,0.04390890232748558,0.05630740165268273,0.03147503638458761,0.014244510197479802,0.03683465397030429,0.01040051106280278,0.00243752760888189,0.014792814657292382,0.03824005231269213,0.027763387184197273,0.03799626927605124,0.027778711866542807,0.0228378839805677,0.03421396299467899,0.03607957557141798,0.05870672954644284,0.020086574010970425,0.05144791528968871,0.011900190864935668,0.06431018909609895,0.040793727855290424,0.033550804480383334,0.023850249584260106,0.031213949085273838,0.02714414512530437,0.03029510409092916,0.04615951103986567,0.02757188529062849,0.03347545588845401,0.028266675264634878,0.033915702927529545
0.018850030262588705,0.04249688482522444,0.018231588591686793,0.022403918965700393,0.013056934953308305,0.04081970705849763,0.028477801189098803,0.04888246179060898,0.0386427739314804,0.0400101418281925,0.01963727844032895,0.019424585194152418,0.028051494861410557,0.02081505210941224,0.022973783653136327,0.041522244581711665,0.018549768692667643,0.021134009332523226,0.012935303333652672,0.03758386656602524,0.05706017927502822,0.023846490767541476,0.05266195384887781,0.0084887642685742,0.01657085519061941,0.022826066715072042,0.003483151820150899,0.03799928508469053,0.02721073679293961,0.036316026146661705,0.015803965122382753,0.041665835333803504,0.014658791672083997,0.050184805676304275,0.023100483902749096,0.02578526361395578,0.029232527493431405,0.031311735398251266,0.009491489229658551,0.04271543399888407,0.05847636044305086,0.0291332918344654,0.0508622006831619,0.0074748870479941,0.04192269452328257,0.020861180893212813,0.01857584786049089,0.03523906699757614,0.0431843556029123,0.018245666903602784,0.03217055627487339,0.026811415121928923,0.03192228807146858,0.011264568495801555,0.006678591037554463,0.027066369403433946,0.03077915654763875,0.042431680644893784,0.01935666827056629,0.039744257764190376,0.04486944816064354,0.03273485000372542,0.012260155358997868,0.018194152183195037,0.037744387420415276,0.0060673552315244645,0.014607268896436822,0.025382417343922947,0.0237037902867255,0.03503408131069173,0.031097102717839758,0.023708994758231846,0.028277138117542493,0.027036868884870703,0.0486444100259623,0.02258497276041084,0.03676513017736611,0.019868301708397314,0.05318792195605507,0.04347546853756118,0.025080592515569322,0.022295625266636313,0.027157945832599777,0.02485857064038188,0.03824807146036929,0.04124680702982409,0.04914743717341823,0.033341880821983104,0.025569515757585013,0.02496186206978666
0.026833248027391496,0.02872155325958571,0.026322675274252506,0.04632227491715016,0.039376261657586634,0.07842454740028361,0.042038141872779905,0.0386427739314804,0.2472934544512255,0.07954525956143939,0.03845094930577348,0.00874503356264457,0.013055231131402455,0.019122860750620325,0.052704788397699764,0.052242913677068764,0.02790944089505925,0.03627514353434386,0.05049229271098323,0.08747628526457939,0.05250009651375272,0.049271021138018734,0.10043552778854946,0.018061207193547004,0.03386268642881861,0.05937626520358697,0.006332859673510651,0.06509082796280163,0.04356443508765084,0.04344326306914403,0.0032363762743532576,0.1209077430013237,0.028661218956846524,0.0795095252266449,0.0067242361588457315,0.021886602458765878,0.025418843070000825,0.03807172544763626,0.06694009130963742,0.12667242113006075,0.1377668231020647,0.03318358261800643,0.05101320247281131,0.01934015281164105,0.058636868245733,0.03732226479386055,0.016268401211391753,0.06121116967242975,0.07108374065601752,0.026768471097076862,0.036794054971956355,0.039506439243870366,0.054395449379669086,0.05273582804245704,-0.0014711367998443531,0.08211439347715226,0.04093370518966504,0.09149541818246737,0.08478069897939905,0.049392229099678324,0.08623621255431033,0.04936121795989441,0.02226079928818513,0.04028164325921063,0.07351419965945333,0.011411627599514366,0.021291153200316205,0.051291770294017755,0.02812916869955986,0.05600238613049805,0.04178343300898308,0.03988406482793325,0.036162946463789,0.030304031165553545,0.09557050359063199,0.08507823054463311,0.07950018952429254,0.04522627705105691,0.13387529059377007,0.15773603588258825,0.05615544560314388,0.018034520040892305,0.04090214868965788,0.039986735158534105,0.05664253941044913,0.06980015184504987,0.053532725544764556,0.043679807386746636,0.05209563634062434,0.04675398797697434
0.053191838678798106,0.022683355387113774,0.036043873417401846,0.03922066802865362,0.020252900044784836,0.06556814314057803,0.05429076706426536,0.0400101418281925,0.07954525956143939,0.4155866122394771,0.03467179226697446,0.022700876564345145,0.06983919090205937,0.03343947179040598,0.054488365652518814,0.08239818536589959,0.04844656920677552,0.05306202423471221,0.05539106684572401,0.14948569208466123,0.05675649616903457,0.09089443251124797,0.08988281837758284,0.03331672372599483,0.052631886056070804,0.03971648812271762,0.0056834803722674385,0.06924004935053212,0.045567313322390945,0.08689581247695677,0.0012278308178396203,0.07708575162443736,0.05328714348640658,0.07375678017565848,0.05312530430566164,0.01577295485896245,0.08265954607472276,0.0726181608400881,0.014202789657165574,0.08164164131541289,0.17328608254054384,-0.03723264160525401,0.07172711765430946,-0.0070823929990590515,0.0558113712968985,0.03703688865489188,0.001334484986248914,0.07272260818280653,0.04050004994841382,0.060063264458391906,0.03916335121410093,0.03238817375010888,0.05651499579094286,0.015375147727720313,0.016888098209947203,0.06580978146403617,0.031859591627951614,0.10969921192561104,0.07229604879379364,0.048382509671433926,0.08144463622264106,0.028208963679852452,0.03171712461607672,0.05597828447272771,0.03776713661071118,-0.012061340265027571,0.007781512622706165,0.05590460259324294,0.0374794096454248,0.07223316427975228,0.07597070254848753,0.04118302787193452,0.09851256422027821,0.06109339713305613,0.10124413644068593,0.03623961612259165,0.09963877524350206,0.004259603068987601,0.10886403594146257,0.10002692190475092,0.07205049025265832,0.02674860716534719,0.062202322339925925,0.028667607204442357,0.04600395260944144,0.07713673202643129,0.05940245956673453,0.07305120820218747,0.03912819850533454,0.045165938951685476
0.013741116594297643,0.021151759440727436,0.012462246685681999,0.01820048583767884,0.009327227368550453,0.03483080658776825,0.02497883403340645,0.01963727844032895,0.03845094930577348,0.03467179226697446,0.02751090490684108,0.013109862141334711,0.01891913474654371,0.01326569421328399,0.016055924708454076,0.030465751844432665,0.013599003072476896,0.015618446409219118,0.01819095533904321,0.039897946361366336,0.03161401011713773,0.021083526128339417,0.0371581908100364,0.009196803558491163,0.016958361633492253,0.017056786441829872,0.0030082699752642687,0.037017238071424916,0.019890827017504317,0.02946968064023426,0.006428088472270524,0.039850709724021736,0.0132393427811356,0.036306626554369156,0.01643764450251844,0.01940006966121355,0.01527628298587483,0.015386273076692113,0.012396771574596184,0.03747792585970461,0.04727351215801107,0.019674640966196366,0.03417347564195981,0.009996803447677331,0.028545282282315305,0.014216831818092855,0.015751295116154394,0.027040198056841856,0.0366572388268268,0.016132067127835242,0.020382125401010517,0.01870419725733613,0.03397770930890675,0.017584137449260667,0.00543944002163701,0.025053875096625742,0.024165341054616978,0.03348733015599283,0.028985777699994122,0.030870062268048188,0.036361710391236354,0.02655254763393352,0.008225734273917457,0.018006964608048293,0.019417579243675556,0.005391222479446708,0.011555335322533963,0.024488568924593782,0.018521326490729025,0.022562569572209864,0.023063495939520923,0.017160378715935978,0.023058387319931626,0.018733926649278435,0.03712805713223371,0.017904562841323586,0.03290447301583743,0.0169576341033869,0.047454449262172474,0.037067267025457436,0.02324443859807311,0.01595570419587417,0.023688859884227535,0.018784142080706008,0.021660523730827524,0.024066490672904242,0.042950316847314846,0.026291359012516016,0.0217762020040939,0.02022714911518092
0.025742514516192264,0.03171381215905138,0.011668544472023916,0.019019944137415968,0.007137359414449198,0.025203708398289882,0.0179245679231224,0.019424585194152418,0.00874503356264457,0.022700876564345145,0.013109862141334711,0.2403196887447167,0.02692211360646029,0.006841660108856485,0.016130923358792355,0.05031229154360865,0.030771417313013798,0.009629309461085844,0.02357338357757549,0.06040903197567087,0.06558116544192347,0.018398611719131604,0.04134855319908998,0.005018852620422261,0.00894421006843355,0.017490876952943723,0.002241653863773217,0.03564738729729698,0.014011867182117358,0.029175519731812302,0.007958822422893993,0.04600307622595878,0.011455442991833046,0.03252307297038974,0.021813161723434997,0.030576346505200035,0.010524926617974936,0.025905032165752656,0.009193810021662557,0.049606068173669374,0.04870818256095855,0.04332186555583188,0.08442000902800964,0.0017199468611080076,0.058777665407494475,0.004772625951912646,-0.012682952313160295,0.02338654308658432,0.03822360990106542,0.00890285115322998,0.02741602131477833,0.01957797049826297,0.04765552477667381,0.004719982478935901,0.0030334149217519178,0.03169084471566914,0.015720841797497075,0.0392883970386804,0.03494947503110676,0.030770742947565488,0.03389326269314781,0.019798992293557152,0.0009255165477684503,0.03532409684079888,0.025604475241477357,0.004058540037764966,0.0125001091516987,0.013918209465692674,0.014114890825785733,0.020359392409853544,0.04353144154534786,0.011681793086606109,0.004095994449856247,0.009759129403292996,0.03302385349724034,0.009384501421411062,0.03024108172305199,0.0158276092649947,0.044040113995347144,0.01474264518422452,0.02459440482615798,0.012934375667340264,0.012791621717358936,0.021517138649741332,0.010961201783827187,0.020114701829074006,0.06607348394813205,0.022973097862254096,0.011015382299612195,0.030998305681548835
0.039669369212842864,0.042654583199531575,-0.01990728990971056,0.028517818265148157,0.01457564009363814,0.04901843896975433,0.024137060851170858,0.028051494861410557,0.013055231131402455,0.06983919090205937,0.01891913474654371,0.02692211360646029,0.24303591372645922,0.01665956803834756,0.004258505146950864,0.05727720035558905,0.006175052489388242,0.015351062889777946,0.019697832650880754,0.05670837179069942,0.07960803323039828,0.0187963873738238,0.032732522031547584,0.002082935909234025,0.017223925433549093,0.023567386669657957,0.0011321622039862395,0.03754044860573288,0.023943203147646155,0.027291193076702625,-0.003460242575632128,0.032980568063739384,0.015361117156606822,0.06776364047238549,0.02337066940742489,0.03569675777665708,0.043233352003443186,0.047799950914020777,0.017371228037986526,0.04348461721448386,0.05477484708073381,0.02263618710852963,0.08485293999023814,0.0017360446940658059,0.05859123255926789,-0.0234485249355312,-0.018875668845219542,0.054368964454694586,0.04139680088883943,0.020519846321675562,0.0163572647378497,0.026039152210304825,0.05541832705278225,0.014388089759597166,0.003929933329224886,0.010105327336818456,0.02157177237442328,0.05753916699835482,0.04304418406807508,0.04026976813940761,0.036804464837869144,0.016309811830269628,0.004859904018397204,0.023684759469572488,0.05487796128691411,0.000184205841461951,0.009795455545243633,0.02046634543221226,0.039570175372684986,0.037273849601211745,0.04150724418613512,0.016744640730228345,0.03818286408131304,0.03651773041384409,0.04819628510674613,0.012147591332190547,0.03997469970249313,0.00507696937196226,0.07915306510638137,0.06845227290564286,0.038914747691789986,0.022327772518580598,0.011202759244325114,0.024933106650501212,0.023180886347088578,0.0407128912047279,0.045950430036451995,0.033485687337259956,0.022518264721631907,-0.011251919690889055
0.013940464812437868,0.02594647175202225,0.02349295359180674,0.01485442134116776,-0.0005820807613657855,0.02426278965237575,0.025607376393784975,0.02081505210941224,0.019122860750620325,0.03343947179040598,0.01326569421328399,0.006841660108856485,0.01665956803834756,0.05494677409106773,0.021058547836847116,0.012093459013604002,0.014096387814100523,0.017557528075427892,0.015682697214783933,-0.012247082928129985,0.02266903437770178,0.01397928950699173,0.03669895265571161,0.014272956238733482,0.01538128229758658,0.02092091615293289,0.0024659642895710826,0.028665057792924983,0.02767798865222035,0.02814628857815549,0.02720213320422451,0.026291220803037762,0.01694133358742999,0.012131038594502003,0.01330264081218928,0.02255001269981595,0.022063285250497288,0.03301801208290023,0.007510995487552704,0.02440158879872091,0.04472070081869801,0.025390314950278523,0.0066491026634420145,0.012884899104743488,0.020868952991119252,0.02205626585212864,0.02368856779135269,0.02119079728332778,0.024338887017214404,0.016406159769994166,0.02034327799649158,0.015358499094973091,0.026802309196695025,-0.0022274725268022154,0.022245464566019123,0.023542110935561106,0.018424324094934705,0.02118088256932695,0.01307076981058967,0.018131088350156022,0.026979928549550843,0.01970137830092387,0.017339628808656568,0.015034618809069577,0.014525316291069599,0.015614780784594839,0.026151784263380932,0.023979024270187582,0.02484343250049658,0.023669045686133393,0.018795481267074702,0.01232354369654165,0.02103034596682325,0.018293792207129157,0.020783073001737776,0.01115845486178788,0.021515441831964993,0.01681136732218304,0.03609481623399353,0.028995657617467595,0.018781558415520306,0.017961409457361962,0.016819488393756077,0.016123589475005053,0.020412592070751124,0.02223394056534488,0.043011573341575515,0.027557179306908867,0.020382549361128672,0.004405649775999556
0.016331918586686797,0.018423669367954632,0.031230506916429836,0.034012508135461784,0.011004936241655555,0.049756436995578864,0.028054464780021306,0.022973783653136327,0.052704788397699764,0.054488365652518814,0.016055924708454076,0.016130923358792355,0.004258505146950864,0.021058547836847116,0.07921237172976003,0.02407904136194714,0.02445045135577417,0.027896004980099202,0.031105194852327288,0.03594287930877601,0.04278785856603491,0.03363347324641235,0.04655677454032048,0.015799524519922413,0.030282244412040474,0.027104774064148105,0.0027688454936795185,0.04159294297702654,0.03255591974103237,0.035940961688212696,-0.001147421674461226,0.06767703603286689,0.02400416712661934,0.030306171281380995,0.02217306880336741,0.02429354305558665,0.03371015553343729,0.02932171124156158,0.02141377689982823,0.047449851186680395,0.06515195810786593,0.027639905376909663,0.022150726307319468,0.013624420517459254,0.02596565003752807,0.023580585272178368,0.013933418942970949,0.04362190881123693,0.03876595128771479,0.031239850179135442,0.027717490474509915,0.013752178342074426,0.03707255259584513,0.023530377054408247,0.007632935081937839,0.03947828496104427,0.022810428058709108,0.0482103593188465,0.05545211399011265,0.028915389281213514,0.054640425953745714,0.026581821440528966,0.015908121160254616,0.03165721730466148,0.0027801294523355233,0.003797432823058023,0.01270537932473109,0.02532785040709498,0.024549588595290318,0.04584058463045254,0.017460142632506687,0.023834164450465777,0.02023248662534063,0.020049894639580845,0.06325314180146936,0.02895892930463486,0.04579322809516183,0.0210901040509016,0.06113637478059762,0.05404516687885904,0.03676088243067603,0.01659355136033485,0.027785205612170315,0.020250159603461305,0.03325319598258219,0.0354606992812262,0.06708558187285371,0.03437317481624609,0.029966841547128833,0.008792886005499463
0.05892976872597766,0.06359907237124622,0.013928808898162219,0.03696809316842603,0.030578005128720866,0.0635636877755015,0.046663797457008445,0.041522244581711665,0.052242913677068764,0.08239818536589959,0.030465751844432665,0.05031229154360865,0.05727720035558905,0.012093459013604002,0.02407904136194714,0.2091663316070864,0.04362312370925814,0.02323386136805525,0.020487118200574275,0.17105049253601026,0.16520988712260598,0.03568132908676628,0.0627180501008771,0.015331691424652799,0.029147868694282913,0.022158952263467327,0.004263233538096031,0.06729774758697474,0.03090984856136861,0.05392993114723736,0.010356249737255303,0.08576072905354078,0.027492727254420746,0.10107896303702486,0.03748692018408925,0.036522127382686675,0.054682371313238796,0.020704786392783444,0.030840619049962405,0.05763319460758912,0.09282847555763504,0.03319281029233697,0.1372262063547346,-0.010222957898996722,0.12496933029357703,0.023369963202352392,0.013158698640889414,0.05576264404401084,0.0772128124664507,0.02665134656087891,0.044626439857661085,0.031449238875671436,0.09714950761935288,0.03795373559543631,-0.014828030595595471,0.03714261991526681,0.039727209489604474,0.09296561994172008,0.027360984616962878,0.08987664902609867,0.0712590132353192,0.04494256905058076,0.01810267394794877,0.050927494262800244,0.05917308339844711,-0.012147175672307808,0.005999825038531676,0.039394928604290044,0.029716487472382088,0.04290891112937696,0.10844748157638712,0.028855331457958672,0.04510251671740455,0.05562560404941797,0.08871647244018278,0.01850997227469749,0.07421097579646851,0.01362670791296486,0.06359541730754686,0.06252932338753765,0.047632685288774665,0.028396503702077264,0.049862543835826556,0.03614118064443288,0.04840509125671355,0.0715472803436703,0.03954580180119099,0.048942743720442564,0.03132467757740924,0.05274403903720176
0.019935203571270148,0.03136845769634969,0.021263941228126745,0.016634045323426626,0.006089183740425852,0.03191464744142664,0.028793807861601968,0.018549768692667643,0.02790944089505925,0.04844656920677552,0.013599003072476896,0.030771417313013798,0.006175052489388242,0.014096387814100523,0.02445045135577417,0.04362312370925814,0.10601433501023518,0.02154372724253473,0.013479939028047408,0.04814913354988879,0.059091461365416806,0.02892704106069793,0.02509757080838812,0.01270613618473416,0.016825239503179993,0.015333553498249929,0.0026213952567965388,0.03353262285715538,0.021040210381412253,0.028369218018564426,0.007042386965523148,0.048094782318435905,0.020415301489803934,0.03263352435424327,0.028629437643360678,0.026798988009966985,0.023649682297457293,0.00031418489538636614,0.013024378987445248,0.042157114377613776,0.03334051541311549,0.02353687128307185,0.033595104342112624,0.00455479764571059,0.03504927817751058,0.031638818458919554,0.021779601438438906,0.04133025377979627,0.03567247534128132,0.01650009015181367,0.024694189897123457,0.022999012320126997,0.03804283357092259,0.016995585071203457,0.00928695152445997,0.017439424951507267,0.018015688509877132,0.03666581265183183,0.029758701614813185,0.03757771066748724,0.04456679891239444,0.024555194679673462,0.01975473134027272,0.04527353978683164,0.030360335595116677,0.001672778907166409,0.011196439870313164,0.025818586139655642,0.024840945782011806,0.021071040268289765,0.036387329471761654,0.014720607442794227,0.022633902891457947,0.019601210522970453,0.03866570568359627,0.008525093080907495,0.042979343212638646,0.014770003732683374,0.044975284023517935,0.030488795897217296,0.029515599445664797,0.013927260958937086,0.03044492272284721,0.01745053137384665,0.01821861070556129,0.033752214483855285,0.025136088040487167,0.03551284352522505,0.019034820005167367,0.020887511493911912
0.014043649982037543,0.010895398552416126,0.01983337267820191,0.0222712776541776,0.014202877987433473,0.03203273429478799,0.024372777121582055,0.021134009332523226,0.03627514353434386,0.05306202423471221,0.015618446409219118,0.009629309461085844,0.015351062889777946,0.017557528075427892,0.027896004980099202,0.02323386136805525,0.02154372724253473,0.07532535745749962,0.025830330555787567,0.03224805155425352,0.04712770949097257,0.0212903033667185,0.041813819925114466,0.015997517922878762,0.033132067828858615,0.023141105309164346,0.002554492227726433,0.025394789363427258,0.0313332616136423,0.03177564710371277,0.008366546955816945,0.031227455913785535,0.02882386253126681,0.02565941209159362,0.00267500856995759,0.01682192850368211,0.025913445330993424,0.032304428113817334,0.01397938408945496,0.03941731540717505,0.0374550012330687,0.021548975792566486,0.02169429740209544,0.009173182707434958,0.031002972774838492,0.015502534070518399,0.01264740640345289,0.03339464151521215,0.020196878565004215,0.03226643990076344,0.022736939993462664,0.015826585798804468,0.03602206117866989,0.015007190538116527,0.011496492065690478,0.0294392674727482,0.02269025746009122,0.033840941658477536,0.018286650769937022,0.019744653807028223,0.041371613909004304,0.01583292621780484,0.029114759584852712,0.03185102677776727,0.03488530605996445,0.0022099022533633114,0.009384224612133086,0.026359266789728678,0.025424338318993718,0.036597213560404115,0.01580071589327845,0.017785492755182243,0.026793481335338057,0.02180954272914051,0.045857795769441656,0.016968082016739616,0.0331804764459742,0.00959038622396619,0.03198794662016785,0.0358967152280154,0.02465367776865522,0.017539873122618253,0.029959255063387584,0.021825329912372713,0.022735352447795423,0.027585028466724452,0.0555579437127004,0.03211927331383721,0.022580447119208466,0.007042250559133265
0.009388411629995583,0.008620561529153397,0.020509226158233217,0.027184237034659674,0.01653593526721655,0.03846636705882671,0.02247654967604087,0.012935303333652672,0.05049229271098323,0.05539106684572401,0.01819095533904321,0.02357338357757549,0.019697832650880754,0.015682697214783933,0.031105194852327288,0.020487118200574275,0.013479939028047408,0.025830330555787567,0.11860438587336465,0.037097027993596224,0.0039132206100688975,0.03283715030942772,0.0652690830772135,0.014092182889315198,0.021554427583748644,0.024320504165568566,0.002502276423843006,0.03448288294094798,0.02418259256990728,0.0334995796233645,-0.008628056325158107,0.055168184704908134,0.021188633507278166,0.04974546816371691,0.014765769838633687,0.018494094607583698,0.02693437025305474,0.01761672507390154,0.012898797397665047,0.0523016096877057,0.0434980398564766,0.021306009681872035,0.035429411275152194,0.007395195012888457,0.01575297502138466,0.017579681694483252,0.006705958123746548,0.03685282846042685,0.04185742884757952,0.021178383126803313,0.015980044439154198,0.01800288921992363,0.02938240795180798,0.06570300262184485,0.011275064786388459,0.05152616647250761,0.017542310076388956,0.04333777402980955,0.06054908893878384,0.016844295391429672,0.04519052665477997,0.01119817865247264,0.01568836204223995,0.03845595430953949,-0.024682297047760354,0.00410100331811237,0.0087188515230374,0.029117545550425568,0.021585234269833147,0.03451625841301831,0.017901955693554603,0.01885063083998842,0.025813753744862965,0.01847196483415083,0.04688974878980618,0.028874927591702803,0.03674476062261083,0.01054095690048025,0.053716815420610596,0.07135020440390918,0.036485794070063214,0.01283170686198165,0.03140420345168171,0.019160984725241546,0.0165844552854903,0.04765267706840553,0.03801031827587345,0.02684602010979521,0.026234668882783904,0.008147874068353888
0.06107910931045564,0.0683372008202675,0.05952831179567853,0.03984859213129857,0.052326630257601224,0.07123489892822941,0.046214999431589,0.03758386656602524,0.08747628526457939,0.14948569208466123,0.039897946361366336,0.06040903197567087,0.05670837179069942,-0.012247082928129985,0.03594287930877601,0.17105049253601026,0.04814913354988879,0.03224805155425352,0.037097027993596224,1.1125463666497362,0.21166724838923928,0.019431525664300123,0.0604206616270773,0.021121669663476585,0.04058869331171158,0.03152769309721273,0.005926129323936993,0.07237260893505132,0.03335409484502052,0.04795228200837363,-0.011010960367775064,0.09893346798488979,0.03478073631160118,0.14574742248763675,0.027907950909275357,0.03194506968861413,0.03882786171507111,0.01711446662867835,0.022655322694131726,0.0779728498401419,0.09482671485803289,0.04110901479643341,0.19095268142136904,-0.002313854062270605,0.17576210957420849,-0.021627586218467408,-0.013731655400563635,0.03240730837458667,0.06727611649084009,0.03919295731043448,0.03960258541502221,0.029440452763547224,0.0729663178620673,-0.03472150092199623,-0.010698142329357086,0.052502525428799005,0.06086631216794334,0.08620835372536229,0.05166418639332568,0.09850138800603903,0.086987277865563,0.054022237438494776,0.026941388673159077,0.07785462586277529,0.16824149876788572,-0.01615349492831464,-0.013459870068585877,0.04675016775120105,0.03981603432340161,0.06940122397668241,0.1263249276781352,0.02981118774179568,0.06314338393934492,0.014651855593900321,0.11119204211342139,0.03139822689871498,0.07471984595344455,0.038431782312502175,0.13806142984043265,0.0772637818143249,0.0643380929333557,0.023721429297860332,0.09902753915441433,0.03480530532444373,0.046968035947309174,0.055669607351150764,0.07525828263973279,0.07884925377834477,0.034321582647736944,0.05420188537040068
0.08684725892423001,0.07269854752235413,0.04597407639969294,0.03956292823303162,0.053720690634679574,0.07032083300177878,0.060581705429236965,0.05706017927502822,0.05250009651375272,0.05675649616903457,0.03161401011713773,0.06558116544192347,0.07960803323039828,0.02266903437770178,0.04278785856603491,0.16520988712260598,0.059091461365416806,0.04712770949097257,0.0039132206100688975,0.21166724838923928,0.8498832100578338,0.037578041940773146,0.04485794926865284,0.02085490938583421,0.03129011227591738,0.016007358042670585,0.005929263470858816,0.07578402003948669,0.036606961143016314,0.05507263761637571,0.012237375760449833,0.10169963687329407,0.03509138344048824,0.14115556006210048,0.029028873842341457,0.052352163521630246,0.05449028945066907,0.06507069729769743,0.008071609040356222,0.07478404063316565,0.055320343949090044,0.0516931012100798,0.24276141518608435,-0.005134292806892264,0.1780719015980344,0.05477736484673866,0.018851170440325575,0.05806434639526711,0.08730951316023984,0.0347827718671126,0.04037121650622064,0.04635705659331544,0.1550323304557377,-0.009131100850140059,-0.006913599927351313,0.03882237277022764,0.05696457186112732,0.10197361605629816,0.03810917965932165,0.12354247646096861,0.07790117992587302,0.07654003690328008,0.028511394424378222,0.07457687214127846,0.1409448095222093,-0.01678042617194228,0.016448925255661113,0.04646147188130887,0.05371044306720535,0.054849968040765446,0.14086890339552033,0.025145790202784266,0.0061464541537592865,0.039272995149457396,0.11490442867079141,-0.0007742109226470906,0.0959369402004897,0.0338214335386463,0.13578209666174165,0.031079389633347332,0.036243120142833256,0.03862438737253177,0.023216137589604606,0.0497387165281982,0.05486505126887664,0.08828010200216514,0.09205559889192214,0.055415355454463605,0.0405806582514448,0.11361620304502104
