0.11738284449928521,0.025648045222078066,0.008374333027522577,0.01921779619319809,0.03714868771513052,0.029077958158928142,0.008696917160335306,-0.0005220405015684606,0.004094765080039446,0.022954021464182406,0.016654730144624458,0.028174190697327888,0.017820023071702065,-0.016279139271419985,0.03490890134181107,0.01868534619469633,0.03026121702501473,0.016020077625905713,0.0013847741524610898,0.009449614215798138,0.004700943812889526,0.04255319354977158,0.026976275398815266,0.014869227148894484,0.013612530003233364,0.017130049220010695,0.008895359351483582,0.02123434002033288,0.012536014803610478,0.017687596574805606,0.020040530677577727,0.009546981985107469,0.022608323762216054,0.012039617229647505,0.01249585041579065,0.023840127016013023,0.01518388429313892,0.01523110085250945,0.020291161353416787,0.006276164597609173,0.006761354686296276,0.0038113108425778587,0.010930537524732659,0.0027101345427677855,0.04109892180929377,0.015339194327833773,0.015065472729217176,0.0446261263641097,0.012283829844233474,0.08666077492709764,0.012832063476155123,0.038681559697795666,0.033007280022718376,0.012631142787557696,0.024716285879997458,0.0182073886583527,0.007282988674901611,0.0324372271679691,0.02116715893532798,0.05309876528518789,0.037289495871601616,0.032246626280802215,0.0012686422342493469,0.029155551242185204,0.04558171394875129,0.022952363298499437,0.008771967132387674,0.031218626692029045,0.022910521992167605,0.04126379501320911
0.025648045222078066,0.05843115461010089,0.013308769042292492,0.034995099392137595,0.018937313999911873,0.03922066802865362,0.014374559282570518,-0.0026760287400821024,0.0024089044965292226,0.020569515936429254,0.02239544908002826,0.03388386782698728,0.024145092469671066,0.0006320623098806718,0.04229712277170513,0.055447521585771355,0.04591356312271343,0.02483955919114332,0.01111132542413303,0.012803987642497388,0.00744803150829667,0.04048682037862866,0.04863664641569126,0.014093878237567999,0.0212025646888198,0.017545391077610484,0.016019374789007543,0.026906022920906703,0.018481594691911546,0.03370189254675975,0.030405413494409884,0.024329784072851725,0.03778484819058163,0.01783871766954648,0.012344497158685973,0.025766411302980543,0.021249018141972286,0.022843861852097986,0.035554510322611144,0.018111348977758363,0.002276782616610841,0.0024066104097863208,0.016250680998948993,0.015101343575126904,0.0630157673444665,0.01840259919096572,0.017310897449458747,0.055332870679369726,0.016011347027491667,0.06212317861633197,0.01931642423921017,0.04236065910465292,0.02973941648939719,0.016547167295181613,0.027398814910949466,0.03932263519323746,0.009877029664584537,0.02889300813264537,0.021899922618018944,0.08450203441678507,0.025373672448311884,0.030822620793859758,0.0033321037208524163,0.03164602142617645,0.040677903645371785,0.02178190122693833,0.01957634540136782,0.03671739492950082,0.027663537936849572,0.03849786769025637
0.008374333027522577,0.013308769042292492,0.1256558629768054,0.0031400282358375565,-0.008143286839467337,0.01751403945773531,0.0024370073631083547,0.00030032289220652405,0.0036627466284457717,0.012527878197682103,0.004958971463847556,0.00700676776591219,0.00937332982143978,0.002873207120875936,0.011531282432861866,0.023069055762188987,0.032890036324396243,0.013735781799309616,0.009103819004678926,0.006347409660989485,0.0005065553198583853,0.03363170264428044,0.01641015752137985,0.007744844345296492,0.0035768307601866172,-0.0016186215425949672,0.014018417451105958,0.0067205330374750264,0.006673295146164001,0.012378844989111331,0.0035480583075703466,0.010796999026582928,0.014406542320323476,0.00912402581800549,-0.004166507978951183,0.012697979754001625,0.010016641665249485,0.004767924634051884,0.01445627005693817,-0.0012607906777601903,0.018658544326709426,0.0033315870670928187,0.0035472669089835606,0.004014523390264072,0.00374545596156473,0.00802268397133814,0.006126155188629612,0.013507155984737803,0.006404851220530105,0.016157121926328535,0.005615333369366606,0.015331864800536487,0.010502002801706547,0.010037532900244256,0.009481947466466911,0.011128062507467557,0.005563246325024046,0.004222722122430532,0.008685623715121868,0.020352124002228245,0.014874000048179337,0.007730916228398009,0.004396800044849906,0.011547128345517207,0.023611915841326908,0.006456263051018035,0.004449351430260339,0.015592134132296641,0.01237669312831667,-0.005878388996482854
0.01921779619319809,0.034995099392137595,0.0031400282358375565,0.1262019388143229,0.04805966619104645,0.07218178002789397,0.021649899239739697,0.007276450301933803,0.0016493336961328536,0.02761056458333651,0.033730672533301934,0.04648476884280477,0.03046417175887552,0.0030005571595062364,0.047097247007657245,0.07032794186782615,0.05799968173759683,0.036584732845589545,0.02071185682875938,0.01906624958770615,0.010300653213018431,0.06154717773933616,0.05347401617389189,0.023026102815728033,0.038069431214061124,0.02827566304195537,0.009714589038671216,0.02702358721509343,0.02913599410529364,0.04745051850366627,0.03721638272289102,0.04144817810025694,0.04771986421922954,0.0142813301630943,0.01387680007281999,0.039994377149809184,0.02674895158221971,0.028631143100936923,0.04431419816119885,0.0243779601007673,0.01646243040629042,0.007837205611202753,0.02714509098664367,0.0186202282593599,0.08857290444369452,0.02601004264826112,0.02222787761124383,0.0827008672339473,0.015402881979553511,0.06420916330505948,0.022669131645046775,0.05120996516743567,0.040300659502456364,0.03398121682766223,0.026197595323476583,0.05122031499831096,0.01040914946696417,0.04671136343638518,0.017908665680320193,0.09464590635157967,0.024129771497112446,0.036852835617780105,0.007250098631926721,0.045292003581365724,0.05309957698548145,0.018649775353526115,0.02643453397406176,0.052211439994502576,0.0357759139351498,0.04868179591681821
0.03714868771513052,0.018937313999911873,-0.008143286839467337,0.04805966619104645,0.5557645547057708,0.05743231198980184,0.004435054870981791,0.0002348079687999835,0.003978983659971896,0.03716243241298858,0.02035577695049359,0.030428369926906576,0.022115695530001863,-0.043867209740893136,0.030278358900438063,0.04456634953556704,0.03686415909265381,0.009227413257316389,0.027967120646938456,0.014995932960982443,0.010780707464258802,0.08390539591574872,0.05216006712073,0.01612319866973104,0.01831902955382588,0.02472273046022324,0.009175697338292646,0.0034797504892071164,0.01769976172874034,0.027945149335966927,0.023593488992134627,0.01930051500482087,0.014265975533900667,0.043823606696446936,0.010696030885317086,0.008159839218357227,0.024936570277761493,0.018560007931692196,0.029713767498624467,0.00338303508331417,0.06909591790331719,0.003665879665724536,0.013424819276543994,0.004321426560513968,0.00419354063162801,0.017519728312221983,0.005448078405087346,0.02584979988492548,0.006787545900331615,0.1634516514993413,0.019611871506342946,0.03505811694118139,0.042802070626768884,0.018116549431506198,0.038898918063035595,0.014937255768588375,0.0028619013449736387,0.029053888261705955,0.02207883722038778,0.07225176953132825,0.04025002808501009,0.0172239319693644,-0.0020823740865227335,0.03358484593188114,0.045306127679519484,0.056189792286973045,0.032126460763600255,0.029187953568362103,0.03078066043171699,0.06297112538636275
0.029077958158928142,0.03922066802865362,0.01751403945773531,0.07218178002789397,0.05743231198980184,0.4155866122394771,0.009127658534500361,0.0038779660363324883,0.0060825013964469436,0.05662208862855035,0.05014437052391564,0.07052272360174437,0.023690117078162345,0.03283101307187758,0.08809541257537067,0.07191434460451672,0.08988281837758284,0.04709282525416855,0.02361882191087794,0.020867587018691864,0.01147351609376583,0.10822652229190356,0.09529113184279436,0.03562123739972112,0.02980525159457214,0.03909478575322594,0.028510746981981,0.04636185800686304,0.044316937199592996,0.08149204093601721,0.0396133017994836,0.039985220590545656,0.06456232511194102,0.029840893275782134,0.020099506015494584,0.05535767498168522,0.02988217082447989,0.03800494187840126,0.061859400795886206,0.03272196217135347,0.025418154378645454,0.008949157810135997,0.01884527983493895,0.008971136196394273,0.10827308375454847,0.026895222237144828,0.04238401286003593,0.10551296792128488,0.042683582758997446,0.12386992644005905,0.03555002482174678,0.08728644564834576,0.05194592543372486,0.04737641608191093,0.0201804723817929,0.06867521632681245,0.01729721315682557,0.05344921033510635,0.02658365727870892,0.11747208899724051,0.03174864811795406,0.028029976565511944,0.010350950798829755,0.0595371699216032,0.09750512062892461,0.012077010517775577,0.02712954305866834,0.06319947797428722,0.06891814672572488,0.05986204795531852
0.008696917160335306,0.014374559282570518,0.0024370073631083547,0.021649899239739697,0.004435054870981791,0.009127658534500361,0.03616817654801825,0.014003308912140341,-0.0002864036812679722,0.01523093857619576,0.016007518111617092,0.020308326088054655,0.012781633224198658,0.011263269646812355,0.018792236403497427,0.024303386783601215,0.02686563716965088,0.014600991148889308,0.010444417244479951,0.010365856783895374,0.00816847330844498,0.009483535407415495,0.020538741289273837,0.013560649997793245,0.014196570171915873,0.020311418498093016,0.011000006322764736,0.014093353609751093,0.015344862707097595,0.02140053736355781,0.014046694018193792,0.020279335090666314,0.017662878202045623,0.006378720449348817,0.012609953646272308,0.017898502804618147,0.017763736756008525,0.013874983486402702,0.01793491581214941,0.009306268471144448,0.0005936613155023845,0.011856132708423995,0.017116444704330006,0.012430342260512768,0.024952716038972006,0.013159102123256643,0.010862804112078602,0.029559988248272922,0.014031992090400732,0.022653489750240154,0.013684806866627873,0.018027628022534672,0.017500024641087825,0.016808667838139883,0.015443060558975166,0.019498095178647985,0.002701611447752615,0.017332487188045087,0.01661505554464521,0.02687103642120529,0.012807662488409883,0.017666790521698335,0.008948338314904294,0.020010421015437947,0.02219313201120951,0.008552585238686754,0.013469647129606526,0.021413037158488798,0.0216793854454049,0.02065854766852595
-0.0005220405015684606,-0.0026760287400821024,0.00030032289220652405,0.007276450301933803,0.0002348079687999835,0.0038779660363324883,0.014003308912140341,0.03938225968528977,-0.00048453717891976274,0.003832071986942286,0.012534960364825952,5.195366338499243e-05,0.002125909831410916,0.022484036522521393,-0.005980314031722144,-0.006287271661281818,0.00730076650674653,0.006183258983143957,0.012361745118658857,0.0029186356397575444,0.011427317337422053,-0.005882384208285462,-0.011417420859822155,0.002414198942600871,0.009936934697455472,0.006893369382221474,0.002323261908178077,0.0059242339722478535,0.010410119498060715,0.007157353153234785,0.002825778616583222,0.007304394390320084,0.003234640491818784,0.0020575366645954264,0.008497578914871533,0.010138423017140673,0.007975555607138548,0.011494229284959964,0.00516733465299933,0.0026032577231024107,0.004968240394953901,0.02080096188020714,0.022390247281552818,0.011813654392048104,0.014202669566318264,0.00902444981464864,0.0038462500072117866,-0.008018385961800378,0.00816965966453169,0.0002717171009647967,0.004772327618173391,-0.004539397300524024,0.010947006468547453,0.006662722869570009,0.007057546891482938,0.0022445672037512874,0.0018305967337727972,-0.001434515567383653,0.0043896419427106315,-0.018148883703871087,0.007227600067735011,0.013686160862695203,0.014471977748022237,0.0022829311749909035,-0.000120933297759943,0.005826403798047185,0.007968440826250124,0.00019547979445137706,0.006653033671855458,0.008040632848993985
0.004094765080039446,0.0024089044965292226,0.0036627466284457717,0.0016493336961328536,0.003978983659971896,0.0060825013964469436,-0.0002864036812679722,-0.00048453717891976274,0.005092446052267082,0.0015548044929066067,-0.0004827363530333772,-0.0002657537895982263,-0.00029441340543324437,0.001294962044725434,0.0024031280141224554,0.007616824530714302,0.0043587692755916755,0.002710616705490388,0.0007124405617500624,0.0015387923611325561,-0.0002895886230920536,0.0014945639966967431,0.008533064679591517,0.0005668374451448251,0.0005184518686657713,0.001158631254855494,0.0007560655206147641,0.0019447433799422752,0.0008151914989893441,0.0010934392980395985,0.002859627656569835,0.0027804104218340964,0.004082433932162946,0.002061264942134634,-0.0008194151032950499,-0.0005540406198080167,0.0005783212750661164,0.002071134797626434,0.0024700555366460072,0.0013085980224707232,0.005191359208920037,-0.0005327560088109617,0.00171778808684727,0.0006931645925674841,0.005440551114552718,-0.00042859725616731817,-0.0007075324940792306,0.0014484256798576313,0.0013356649867190351,0.014587853875407638,0.0004482500133551429,-9.021166721375946e-05,0.004601846216121902,0.0007216295227913809,0.0018580615945859036,0.002121518006047252,0.0006750848372466055,0.0006312355393236689,0.000525365388577548,0.014431188005355075,0.006485407512829016,0.0007072950783598461,0.0004981800415580282,0.0018076992893721713,0.006777559223864989,0.0016440607042075292,-0.000665593401884499,0.0018403091977148855,0.002445099643238054,0.003283401251188049
0.022954021464182406,0.020569515936429254,0.012527878197682103,0.02761056458333651,0.03716243241298858,0.05662208862855035,0.01523093857619576,0.003832071986942286,0.0015548044929066067,0.06801617924330224,0.01461995354965146,0.02921392693861361,0.012638020458687015,0.00019372310933005743,0.02666524917698277,0.04441771663513663,0.03291615439146012,0.022518394293727057,0.018369496524770865,0.0084808942269885,0.0067885015134363565,0.053558432983954705,0.02031327607574464,0.023229948286362743,0.017805145548469986,0.018051370421045966,0.01221019733120893,0.01726993785897345,0.016307761719830536,0.033574506993380146,0.013331179721228919,0.02293962402512394,0.02461968219399013,0.023625392286218082,0.014396604103750403,0.019094848432107528,0.021311114487125943,0.014327943050424705,0.02422481460528334,0.011437541094782665,0.006171517530549143,0.00766065452265549,0.014997734967424134,0.00885584966165621,0.05852032350789977,0.020744254105917133,0.015139304879458245,0.05293382479037765,0.020546684923255346,0.04871431911448607,0.0153906510357045,0.033763533695433806,0.027291464248169466,0.015164212685620826,0.023576222269059633,0.031903741695209153,0.010882162840406604,0.02631942433310116,0.010900662402881154,0.0592283911346481,0.020091472318665295,0.02993720389263213,0.006193116012272071,0.023119898608147102,0.03132819662952197,0.016887630305769803,0.018668211561189786,0.02827949485993499,0.028615528211325184,0.025689232695888384
0.016654730144624458,0.02239544908002826,0.004958971463847556,0.033730672533301934,0.02035577695049359,0.05014437052391564,0.016007518111617092,0.012534960364825952,-0.0004827363530333772,0.01461995354965146,0.12231096055859936,0.03392841655725177,0.024523757929790915,-0.011885764801434849,0.026592071186566504,0.027523515641288354,0.0411319395687782,0.04073840884246527,0.018872770525435553,0.015753308034577074,0.01410867642716611,0.03124566691294056,0.03611911127839567,0.0057565179346542655,0.040200946115536984,0.021807489187388382,0.017086171495116795,0.030045871790467096,0.02665476426640235,0.042857766299137526,0.02150373911778024,0.015996794419984153,0.027611709554094453,0.0214624592470868,0.024326003847919046,0.029672253489609994,0.01975378535782451,0.018214670406122995,0.02811726296708193,0.021091729267270393,0.03530630989669548,0.01872908009044409,0.021383467759171312,0.013999315691439317,0.09265955434405374,0.019469884020052033,0.02421095289812769,0.04323777211605322,0.020332902658266205,0.03251369433022085,0.015543628500724013,0.0370168637448866,0.03019235430018298,0.03439844283621363,0.024607043660111464,0.028813699312827984,0.005667144001223226,0.034931481384637524,0.01855326235835444,0.03473392591120102,0.026507463505130075,0.04056111189406485,0.006433504066656981,0.03453697344923687,0.04512537787687124,0.02718805532563311,0.022024147541212326,0.03360209292791558,0.035158732569395036,0.04957322337698419
0.028174190697327888,0.03388386782698728,0.00700676776591219,0.04648476884280477,0.030428369926906576,0.07052272360174437,0.020308326088054655,5.195366338499243e-05,-0.0002657537895982263,0.02921392693861361,0.03392841655725177,0.0690376153519798,0.02989324115447808,-0.012783392870665098,0.0681860790978861,0.052409259122960274,0.057823672909156125,0.026376198669090106,0.011419406315809438,0.016908735378544513,0.005917468731798533,0.04931627782180825,0.0422401434946485,0.027136656945155938,0.022817904818034654,0.029033014557133932,0.017494558040415473,0.03116170477693453,0.028332195183961743,0.04469168895160004,0.031061628629649014,0.030834531965967867,0.040669502367803916,0.019615668619376643,0.022246904475751453,0.03486692179567398,0.0293364941586645,0.02147641859193408,0.04148718111741118,0.020395989283536874,0.012216549537850957,0.00029394837236338355,0.018137781869894544,0.014060239682268095,0.07463187777421428,0.025013036580121727,0.031228964356000727,0.07516311074579647,0.02401563169694105,0.06124857340307747,0.025335010113712444,0.0706017773509473,0.032850360087954875,0.038256934482994144,0.029944400451030053,0.040644937457757685,0.007997726321234447,0.03776424888642198,0.022786783455253305,0.07779936955090842,0.03467460254314218,0.03461402794559209,0.0053830841365561845,0.0407549109977628,0.05513017163351603,0.018602959719859827,0.02590939581001857,0.04826840122962774,0.044923415194839375,0.04344268878578841
0.017820023071702065,0.024145092469671066,0.00937332982143978,0.03046417175887552,0.022115695530001863,0.023690117078162345,0.012781633224198658,0.002125909831410916,-0.00029441340543324437,0.012638020458687015,0.024523757929790915,0.02989324115447808,0.07614278676098325,-0.024244305245794257,0.02951377492481515,0.03062818177549878,0.034546639548001065,0.02324035459450311,0.018952200677760146,0.013573566315706748,0.015784905212354382,0.03346369018497573,0.04572299968279186,0.009781041773600544,0.027724615740873523,0.02384256780630547,0.015594476548021804,0.023189738951140074,0.020090559595843226,0.02528780807860376,0.03857475365617052,0.03710172448402039,0.034642956794175894,0.015080496654195747,0.01539083287062794,0.027396965400883825,0.02886370927831284,0.018301585270461124,0.037501571737862754,0.02975057590712945,0.03183920450521778,0.01250930379455386,0.019431038090010136,0.014357662080480078,0.05430536696843538,0.025069513603510174,0.01462067485368097,0.05188024849947723,0.008939145256011334,0.033223552339164436,0.02689413491167264,0.03296910345677953,0.030848516083151454,0.024101815308857324,0.043141084978231034,0.033624931955889524,0.0065914595404756625,0.04114490622149964,0.022093392027514074,0.03988695705262975,0.022995124314980298,0.04069024682597132,0.005956205636870603,0.03602759457982046,0.03875425517966467,0.029582670639582916,0.031180924405174983,0.038833333911747335,0.028648479135810045,0.05280186104038903
-0.016279139271419985,0.0006320623098806718,0.002873207120875936,0.0030005571595062364,-0.043867209740893136,0.03283101307187758,0.011263269646812355,0.022484036522521393,0.001294962044725434,0.00019372310933005743,-0.011885764801434849,-0.012783392870665098,-0.024244305245794257,0.5099610366393056,0.023257365965154594,0.08665937331676447,0.09629325488915211,0.021830283998600913,-0.003940925217766024,0.01096717214252438,0.013532255098174776,0.022629865433114526,0.10289268536300332,0.007864510080159978,0.010086801963541095,0.019419424409651408,0.004725910985556123,0.01856095728441631,0.00999823941673297,0.007110611097416635,0.03484990425493955,0.03704236500821937,0.0282891667563117,-0.011806678019582057,-0.01446642329463377,0.014685582028877969,0.009980879542023528,0.04418043458531238,0.03409945293206943,-0.015374279907715619,-0.01936485608101178,0.007231403651012318,0.044494564818362115,0.029509685950477208,0.08296112267722335,0.007684582653843618,-0.01121622770130527,0.03578811043803645,0.0018134822197227647,-0.007947080258333256,0.014868669219218318,-0.020024677923615553,0.03752398962717647,-0.018777807950948883,0.015386330238481493,0.031081424681407076,0.004762246192518165,-0.007917204545803158,0.01164339334289165,0.14913140279954604,0.02882908584488246,0.003159865695810534,0.02310050422379825,0.01585808026773282,0.05275172965611667,0.023977849971305306,-0.0023239878876735918,0.013956968353394567,0.016528345868173814,0.007929721247852541
0.03490890134181107,0.04229712277170513,0.011531282432861866,0.047097247007657245,0.030278358900438063,0.08809541257537067,0.018792236403497427,-0.005980314031722144,0.0024031280141224554,0.02666524917698277,0.026592071186566504,0.0681860790978861,0.02951377492481515,0.023257365965154594,0.11556724328652497,0.08298290539152584,0.07143065324572,0.021899561420469248,0.007300228140574633,0.020507357446001753,0.0032133134725093756,0.05324369693556748,0.04153999259836453,0.02723986677554391,0.024620401297252386,0.028719434512013243,0.01805309103277679,0.03255602957277854,0.028946681343722854,0.03896571795677682,0.040723713771489055,0.03559162007380756,0.05401746782957425,0.026343075535071946,0.023196694869848388,0.03891524731805413,0.03110754599310451,0.03260750634661095,0.05371233469906875,0.017043217710221128,0.011465709879301863,-0.0043772222862182315,0.02156907692006618,0.020028172989377705,0.09180127718527707,0.028517337260801662,0.03225320194946732,0.09479455304451644,0.01986461779588373,0.0775098298330411,0.029845089191411225,0.08380929376927959,0.03491167571643965,0.034026617960964546,0.03246581176078628,0.049809078273337797,0.014598116304889807,0.030220308443925564,0.031188358181891047,0.15429110607696203,0.03753114234029609,0.028375842831020306,0.004341371110247375,0.047667946021083395,0.07821935433030394,0.023169837114456027,0.024848869452359316,0.056344232160241384,0.045740705280366854,0.04881243849736863
0.01868534619469633,0.055447521585771355,0.023069055762188987,0.07032794186782615,0.04456634953556704,0.07191434460451672,0.024303386783601215,-0.006287271661281818,0.007616824530714302,0.04441771663513663,0.027523515641288354,0.052409259122960274,0.03062818177549878,0.08665937331676447,0.08298290539152584,0.410149895729367,0.09832228185445654,0.02804195636515772,0.008924245938832146,0.028105533786659354,0.014889828827925927,0.052134770786994605,0.13892818254428332,0.036728642977699406,0.0346111964124999,0.032112087402194026,0.023749241659449336,0.0462224839824094,0.031016705723831434,0.06483855271572136,0.04933486878681489,0.03199698587928641,0.0682779585976163,0.037469823788634914,0.022437843298316044,0.015853322137104445,0.03997015730897314,0.04506236093955491,0.07168068424806068,0.01498987617235723,0.05297211297886295,0.0016915799292248764,0.038747820881620085,0.03693492891226998,0.11327149447582835,0.027778197935209668,0.017604275486971216,0.1152882250966871,0.00952138637418033,0.10415793618447845,0.03873001824168906,0.06149720743209647,0.026745986358060848,0.03645395191013852,0.04139548084682707,0.06786286178604398,0.023428823446899387,0.027186429982192273,0.03803858356348745,0.47487810803695146,0.026011744102481825,0.03621147144759205,0.0102810672496091,0.0290473882425408,0.1258977585164778,0.04996685192803608,0.041924613818188766,0.07017018635311179,0.0507764324747412,0.07621999291999272
0.03026121702501473,0.04591356312271343,0.032890036324396243,0.05799968173759683,0.03686415909265381,0.08988281837758284,0.02686563716965088,0.00730076650674653,0.0043587692755916755,0.03291615439146012,0.0411319395687782,0.057823672909156125,0.034546639548001065,0.09629325488915211,0.07143065324572,0.09832228185445654,0.22844755537278624,0.047138050791187505,0.023654983834394322,0.03499685929027876,0.01636653278607417,0.09563638431593252,0.10935691455788422,0.03132367691160415,0.046858825276915164,0.04969311405250392,0.0223606801853323,0.05083065401290425,0.04569962038839841,0.056885612367657,0.049164463257408586,0.04624816807665929,0.08390688173714754,0.023652546754489558,0.015928457679080774,0.0671456690642322,0.045761186425697375,0.04242419290985243,0.06707092489868208,0.03033931584646721,0.027029597234421828,0.009244189279538377,0.04295832366316311,0.028407032271551082,0.10515565013843703,0.039469748189062626,0.03150416192980546,0.11407792563468187,0.031141093460708917,0.08701014308739376,0.038687000038400046,0.07910302453086558,0.05115434366316862,0.04009342983370011,0.0506127706215072,0.06757381891223459,0.00790895228342026,0.050420117780931965,0.04391036101342706,0.15262892153491303,0.047591274053104426,0.04063567603981395,0.014830216741396677,0.07028550038327917,0.0883916912701899,0.045469056434049776,0.03288989959889048,0.0711115590936655,0.05464479101254291,0.07055059560514297
0.016020077625905713,0.02483955919114332,0.013735781799309616,0.036584732845589545,0.009227413257316389,0.04709282525416855,0.014600991148889308,0.006183258983143957,0.002710616705490388,0.022518394293727057,0.04073840884246527,0.026376198669090106,0.02324035459450311,0.021830283998600913,0.021899561420469248,0.02804195636515772,0.047138050791187505,0.10412369445346141,0.0320823704545366,0.018076594114907706,0.01324914394998947,0.039270439603223274,0.043918129542654796,0.011708811198458851,0.04901027837559052,0.01720945544175542,0.02742677330567533,0.018353972968289455,0.025780617353492043,0.034096494471873975,0.0316282145674456,0.021425455249544263,0.0394322826892629,0.020908023160438542,0.01654694266782919,0.024002133987801943,0.019309411161568143,0.019101819761537325,0.033407815898953606,0.012127623902114325,-0.0006014478162701775,0.008888132927323473,0.015266421294120905,0.00948749339039566,0.05267745969448781,0.021742780378971448,0.015104952644073329,0.02814924402602219,0.015761424342381817,0.05291712691374772,0.018275181375850706,0.027445737131972323,0.034502865412525986,0.02234997247113461,0.02040270520642404,0.03925904569791642,0.005647596790429538,0.04552440198860337,0.014553915614079177,0.045990114951425576,0.0263746832354965,0.03186084820679155,0.004412620903119708,0.02777232999767374,0.035278425127937246,0.024776343268466252,0.021260966417104482,0.02996535124875984,0.026557552755999365,0.03949845857187075
0.0013847741524610898,0.01111132542413303,0.009103819004678926,0.02071185682875938,0.027967120646938456,0.02361882191087794,0.010444417244479951,0.012361745118658857,0.0007124405617500624,0.018369496524770865,0.018872770525435553,0.011419406315809438,0.018952200677760146,-0.003940925217766024,0.007300228140574633,0.008924245938832146,0.023654983834394322,0.0320823704545366,0.08348205802120941,0.010821550728851064,0.009710477399467732,0.01741628482126227,0.003847540586353635,0.007438366462460672,0.040284909279429675,0.006051546466186744,0.008136353287878586,0.00935585436828641,0.01584683225092025,0.026571830129460676,0.00782810448896976,0.018703078365980633,0.011942601247802949,0.016460747918413506,0.011966915392387223,0.01635408404885525,0.015318017235405539,0.012585458767824312,0.015321824040942336,0.006464629016488241,0.006638325652606475,0.013927820366036226,0.015003550156515808,0.013792028017543204,0.010655786517404167,0.016897704959807185,0.008418289774597822,0.004937755931731275,0.0067196445448260735,0.010327428660775854,0.012853438021600758,0.014878197303470935,0.02652893848142464,0.010317524712675876,0.01958891603616171,0.019622404466357695,0.005628315109131555,0.02469117251098371,0.00850261057694084,-0.0062815797435646,0.015406664100369344,0.02896894256292414,0.010061685192974066,0.015678573143591883,0.024344814601855606,0.022674072455916253,0.01741912438141509,0.016770630515147333,0.011087946304740786,0.022179408836851756
0.009449614215798138,0.012803987642497388,0.006347409660989485,0.01906624958770615,0.014995932960982443,0.020867587018691864,0.010365856783895374,0.0029186356397575444,0.0015387923611325561,0.0084808942269885,0.015753308034577074,0.016908735378544513,0.013573566315706748,0.01096717214252438,0.020507357446001753,0.028105533786659354,0.03499685929027876,0.018076594114907706,0.010821550728851064,0.05168212270271084,0.005008599972621726,0.028519218641031446,0.025100075411019152,0.0062210155897462005,0.022983404228964763,0.014624084870415692,0.007392853434053435,0.019065498056317253,0.01151582388444403,0.015566881375576259,0.018556932132162123,0.010354947955297717,0.031103426398656677,0.014437887732100058,0.007025508655541216,0.010724357633835084,0.013398662335473148,0.015014664150613885,0.02497425923022524,0.010174256998085326,0.016409401743029826,-0.00035192253711487857,0.012052179643228545,0.013061621888899921,-0.002990847922913393,0.010687583321939512,0.007854646579994929,0.032363511717896386,0.008375220331656741,0.016114631747792173,0.010965164732848419,0.01938355845416297,0.019820615414224366,0.012468935803835433,0.020673735737493443,0.02328683691358603,0.0074799741620075405,0.026016094047481134,0.020986656357991643,0.05155862601421198,0.023608325798296567,0.017733749360861823,0.008639297548179645,0.023998286660851385,0.037936468265722584,0.02510701850707041,0.015220306399368938,0.024526711322848175,0.014454292452693314,0.029049893645849492
0.004700943812889526,0.00744803150829667,0.0005065553198583853,0.010300653213018431,0.010780707464258802,0.01147351609376583,0.00816847330844498,0.011427317337422053,-0.0002895886230920536,0.0067885015134363565,0.01410867642716611,0.005917468731798533,0.015784905212354382,0.013532255098174776,0.0032133134725093756,0.014889828827925927,0.01636653278607417,0.01324914394998947,0.009710477399467732,0.005008599972621726,0.044530700306651905,0.007719564975542473,0.00650633820924275,0.00255579956600568,0.01230927418263249,0.012863590383568902,0.00620942338876714,0.006974491041526693,0.009910330468427942,0.013237594350228615,0.014123129150373507,0.01113759550075163,0.02198485353453085,0.008807112931380033,0.006404975849909949,0.011386697604343788,0.009982423937996763,0.017971435924922768,0.019125054284841483,0.0093511303129296,0.02602316020529533,0.02861076871327053,0.017711899711717254,0.013455491699003534,0.008065025940805982,0.01359268118538938,0.0027605924213965037,3.2895481816118107e-05,0.002409369801050987,0.01449719928805775,0.010165094566551278,0.008085774668276677,0.009360893689695076,0.007881107584432978,0.012867408848856482,0.020151220498536564,0.002786961276115128,0.01180323157761527,0.007876180883469397,0.015520008061202972,0.012404854084668772,0.014270145981494713,0.009257137674959308,0.013199163283530135,0.00869525835622028,0.014841992285870128,0.011104139386079051,0.011691756216065649,0.009808677854047527,0.023902272613050665
0.04255319354977158,0.04048682037862866,0.03363170264428044,0.06154717773933616,0.08390539591574872,0.10822652229190356,0.009483535407415495,-0.005882384208285462,0.0014945639966967431,0.053558432983954705,0.03124566691294056,0.04931627782180825,0.03346369018497573,0.022629865433114526,0.05324369693556748,0.052134770786994605,0.09563638431593252,0.039270439603223274,0.01741628482126227,0.028519218641031446,0.007719564975542473,0.42073647355787025,0.06287459992992238,0.0347400174247545,0.028272413131819444,0.04898557488597105,0.014236464573300477,0.04418197968091369,0.029314800201628084,0.049135328163441225,0.0328493795884066,0.037087805734809576,0.06021382591402551,0.046159626740406315,0.016137529709224763,0.049560410001146825,0.03544500885089438,0.032215254382052,0.05677491538041684,0.029422461898495497,0.051938584945569015,-0.0017259876189978638,0.028812141197998915,0.019052962685970728,0.20241541414075592,0.03314057774987953,0.019547786455637386,0.1068660118328066,0.01721317702752869,0.16411192864939686,0.029568560276067943,0.06426004887768164,0.054025359578787936,0.04205959023333731,0.04615292755277715,0.05071363576468551,0.01815459160405343,0.02577780676496929,0.03285030693332734,0.0965562419666455,0.05253500809668017,0.07281418195030918,-0.0001617504368789628,0.0545779393805355,0.10022605373304316,0.03530055095627185,0.036033153937948516,0.04781061012594979,0.05317592860832338,0.07915122458600109
0.026976275398815266,0.04863664641569126,0.01641015752137985,0.05347401617389189,0.05216006712073,0.09529113184279436,0.020538741289273837,-0.011417420859822155,0.008533064679591517,0.02031327607574464,0.03611911127839567,0.0422401434946485,0.04572299968279186,0.10289268536300332,0.04153999259836453,0.13892818254428332,0.10935691455788422,0.043918129542654796,0.003847540586353635,0.025100075411019152,0.00650633820924275,0.06287459992992238,0.4702743280469916,0.021540237223673167,0.030561785958236984,0.07354220369120802,0.03678743385744109,0.05471347994551357,0.029415102962106296,0.07813763398758486,0.06509210218023667,0.04971540311426074,0.06552160888612296,0.021454494872245787,0.009319421444557703,0.037228699821531104,0.04122953507511161,0.029865265708247615,0.07368440545350997,0.05589623913011366,0.008682546439314152,-0.006193678686393696,0.022649569585331247,0.014431317662800829,0.10780496728080152,0.01539153510393085,0.029394227213126106,0.11276871728978058,0.027103824629513915,0.10344089256890493,0.027552429936862313,0.04772649496652609,0.05665063611396982,0.03871534741579217,0.05181733719630685,0.0821162285326427,0.014233636556804102,0.0650336855364437,0.03491112394226737,0.22651621372185304,0.05625076175076149,0.07674440370908141,0.0014856499383398346,0.05867276836935092,0.08978188546708363,0.06124617548966474,0.028379241239852474,0.07174087562069521,0.05726241385542361,0.07778363662620573
0.014869227148894484,0.014093878237567999,0.007744844345296492,0.023026102815728033,0.01612319866973104,0.03562123739972112,0.013560649997793245,0.002414198942600871,0.0005668374451448251,0.023229948286362743,0.0057565179346542655,0.027136656945155938,0.009781041773600544,0.007864510080159978,0.02723986677554391,0.036728642977699406,0.03132367691160415,0.011708811198458851,0.007438366462460672,0.0062210155897462005,0.00255579956600568,0.0347400174247545,0.021540237223673167,0.04943820842685382,-0.00026856996790704767,0.018789748980690628,0.006458996201974244,0.016681317373410887,0.010841083825170275,0.02507249218103807,0.013091116392328758,0.01955148193584598,0.016987526112320114,0.009612481293211473,0.011419611145890237,0.01685756926266541,0.014127546196951866,0.00910724785114813,0.018803815315335783,0.006438037685715183,0.005652145816834044,0.004997258316681696,0.007808003909919138,0.005628997768589718,0.033314016514873715,0.012864576837896628,0.01341832477970936,0.041144175155753186,0.014682108833776073,0.039899687840603174,0.01184239579071336,0.03315876024794134,0.015419678442439496,0.023928762795745382,0.00971122915184723,0.020513090790938233,0.0063373676184202326,0.02026733580407375,0.00812181981798526,0.045809235234346955,0.019072795687419236,0.024808918139720006,0.007119643687258056,0.017784955045730088,0.03106454126870449,0.014227477276889517,0.011717146932429883,0.0202274682291705,0.022426578705032733,0.017923225425598772
0.013612530003233364,0.0212025646888198,0.0035768307601866172,0.038069431214061124,0.01831902955382588,0.02980525159457214,0.014196570171915873,0.009936934697455472,0.0005184518686657713,0.017805145548469986,0.040200946115536984,0.022817904818034654,0.027724615740873523,0.010086801963541095,0.024620401297252386,0.0346111964124999,0.046858825276915164,0.04901027837559052,0.040284909279429675,0.022983404228964763,0.01230927418263249,0.028272413131819444,0.030561785958236984,-0.00026856996790704767,0.1135583004854249,0.009919960884077223,0.009992208876037773,0.01288792131460195,0.020839484682499833,0.027255740674238683,0.025823131874680622,0.015969601577629382,0.03116597604882159,0.021738021191577025,0.01895009233194609,0.025505500532299944,0.0177699822725162,0.018742585567532978,0.024871964820842994,0.005540276120977812,0.015076455828271695,0.012916622466070818,0.021815237898967582,0.016221789090711716,0.07386088058633235,0.022882002082623833,0.011345094372866094,0.038931504649713365,0.014345941320577607,0.039885378794421805,0.013752450173943904,0.02804996981174688,0.027824391630861367,0.01872089572241616,0.027449589061448825,0.031517732979005945,0.006802749316580379,0.04028611052999359,0.01886776622952969,0.04854645332180452,0.022422808942885408,0.03616875188526508,0.007383709904758243,0.023137067033708235,0.04833928678714489,0.03289268568733842,0.019963794497649307,0.03306694022193748,0.026172487491452855,0.05093098251646779
0.017130049220010695,0.017545391077610484,-0.0016186215425949672,0.02827566304195537,0.02472273046022324,0.03909478575322594,0.020311418498093016,0.006893369382221474,0.001158631254855494,0.018051370421045966,0.021807489187388382,0.029033014557133932,0.02384256780630547,0.019419424409651408,0.028719434512013243,0.032112087402194026,0.04969311405250392,0.01720945544175542,0.006051546466186744,0.014624084870415692,0.012863590383568902,0.04898557488597105,0.07354220369120802,0.018789748980690628,0.009919960884077223,0.10589985978913745,0.00621551943028632,0.026130102915599314,0.020266624844650843,0.030350566043874667,0.024006003594602063,0.020206340664141023,0.03427212001790905,0.007604512687858614,0.008012698841256199,0.022995932986240437,0.026796442117308833,0.02165464377794737,0.035494269337684826,0.01679354242369049,-0.004589956006273483,0.009206200196215734,0.027650668152952716,0.012169110631124063,0.01686439124484432,0.02038203213481061,0.014654163191791978,0.05846188276541589,0.012828825552292167,0.010408247947300624,0.019651122687768745,0.0338898752272865,0.028366020807634177,0.024027375880879207,0.026040271181833864,0.031431247049454776,0.008941905480885462,0.02113261426868876,0.021923075291689905,0.03687960244147374,0.017285194196902044,0.04221031735939716,0.010902862248458638,0.03254301339620559,0.04726893544786749,0.01662688800327241,0.026150033183293772,0.03596634010495108,0.02652896139942981,0.04080247473205474
0.008895359351483582,0.016019374789007543,0.014018417451105958,0.009714589038671216,0.009175697338292646,0.028510746981981,0.011000006322764736,0.002323261908178077,0.0007560655206147641,0.01221019733120893,0.017086171495116795,0.017494558040415473,0.015594476548021804,0.004725910985556123,0.01805309103277679,0.023749241659449336,0.0223606801853323,0.02742677330567533,0.008136353287878586,0.007392853434053435,0.00620942338876714,0.014236464573300477,0.03678743385744109,0.006458996201974244,0.009992208876037773,0.00621551943028632,0.0521115594547618,0.014024229620996516,0.012990806971470455,0.021903570507844562,0.013761594971986521,0.00841043560830955,0.017358660260431022,0.010786120209318564,0.007951522043759473,0.013607893627227034,0.016886021142356825,0.01050462097395127,0.0174038372099098,0.006695005609617019,0.007576844270729062,0.0016750302378015077,0.006437635051157088,0.007022070548575289,0.030900664074752428,0.010990615352968481,0.011868026419825204,0.02960701981909905,0.010695891267763102,0.02700927936285281,0.012423440478410805,0.020887719115268516,0.013451164010305494,0.015728769347959245,0.019658232597629947,0.020266730212775943,0.0043722781690925284,0.02058048599189988,0.014931465346537836,0.03486345669283225,0.016122187726481003,0.019291829596853733,-0.0007483450439438453,0.01726822278503681,0.024433061506643768,0.010026917323606057,0.012344867026887568,0.023226202303265383,0.019876554015891303,0.020079943939877522
