0.02238576226595622,0.015204267804371552,0.01800856441963454,0.009232744393300317,0.008002466193708792,0.023657402111183196,0.002957231402496229,0.0077626103393966,0.00861829392702388,0.036082588695326503,0.00410949871606558,0.013361595093502831,0.015342664962537554,0.008694671892368156,0.009605898001330259,0.008239405669364794,0.013456645366419967,0.008294552736279544,0.002700349822307397,0.013814805881337986,0.009581897079524514,0.014151011702926763,0.016541671594722213,0.008541676746506926,0.014853848712459436,0.00478283083676934,0.015106762540220866,0.03171799211570157,0.010036058237100956,0.015888321590005625,0.014968349722835875,0.015823456074569815,0.0013306662844207592,0.012413515158160736,0.004853500517793283,0.014188694623963329,0.016189206626472875,0.006089202275880454,0.006504330447701718,0.01418073340767092,0.03223326599414151,0.0030652505969752993,0.01925506228634334,0.007610889232970406,0.022684987929163333,0.00809614129741735,0.0022851295913542346,0.010600032725590916,0.010402892829300722,0.026394516075301213,0.011179019068135497,0.0128186254529189,0.010316773238400951,0.02289579033402096,0.014695736524448772,0.01333714509258431,0.014452403595762681,0.010405430887180458,0.018977929455702456,0.008674340912324307,0.012657133225693541,0.019289191527556853,0.012288406137343576,0.011052164155484843,-0.00016065163980295009,0.008508757327849129,0.0258008798125921,0.00931585612238961,0.011707381760995133,0.0019484640550830523
0.015204267804371552,0.31432015569967214,0.03436859461831714,0.032806406694596106,0.01126880206806706,0.04169950371133639,0.01600776211784828,0.02788759435170238,0.022135963307616056,0.09605150885134597,0.026393399234598658,0.03548376596631766,0.0010126793270412151,0.009934451710951425,0.03460889174501654,0.023236305908963376,0.03162935993590011,0.04598034899172988,0.0210609167616947,0.03999884632060718,0.02727757944841392,0.052873794841386934,0.08119323230428453,-0.008035660243932078,0.04856158280118208,0.004449576405375632,0.09368503103016776,0.05682527061369202,0.030242786542363974,0.07689122973345203,0.032275663273590105,0.04165396083095121,0.0018339209089813042,0.04221962923941428,0.017738281982703788,0.032828579263954535,0.017574761914236976,0.03940812806942236,0.02006364322000306,0.034309185337819834,0.0550094598240224,0.030843412757059898,0.02650073964695829,0.021813728428481304,0.05215032176167749,0.023589498489326777,0.025458739103933866,0.0578031624694846,0.027732787722550407,0.14529444069718056,0.03268084140972344,0.016172815308840228,0.019134127833950423,0.08190387755543456,0.026265857034703313,0.02669602357510396,0.02907211518371144,0.022356362768028066,0.09680966464896479,0.021486489191552313,0.07257042468309803,0.048366707655296305,0.024049459276765557,0.052852485275977454,0.04234253436174392,0.037092456617053585,0.023855728169442605,0.042703672083316206,0.04607127836060051,-1.1029780296451685e-05
0.01800856441963454,0.03436859461831714,0.12692959370626203,0.042895253489735,0.014449994805531757,0.05744074018207762,0.005028429439371471,0.03427416771087402,0.015863491455848464,0.0829406688892216,0.0049061137498320985,0.034781129286525984,-0.01381385250051625,0.03235065708815278,0.022726542614999495,0.01515319099266943,0.028181528166860658,0.035342662138938254,0.01327607916172021,0.048956401845133495,0.031346681414320766,0.03752878226212977,0.038629400770549674,0.00633053284845745,0.024492461220936342,0.013383907027882188,0.02561576949884329,0.08425862734487073,0.027437560645036992,0.051888975498532774,0.03436828671201486,0.036937101965856645,0.0011943220540527417,0.03304833041144344,0.011825411768818527,0.031596116427299134,0.03612092625281795,0.01724173226881517,0.016179477487133612,0.038077297650405365,0.04557786594159092,0.012508790520836461,0.028552054103998876,0.019364462775287118,0.06027379398166584,0.019515949723539337,0.00029230095509156064,0.039377800292674986,0.015510877727445412,0.06750032792268026,0.026445299142152247,0.034459923662304,0.02595732431839409,0.06392453866609046,0.026417869310275188,0.030252567131962373,0.04271811064921061,0.01321208565926873,0.02740156186553637,0.018877174073905868,0.04633441382950774,0.04675891404637504,0.033303815629024604,0.02446812298162549,0.02980175097165389,0.03917440502419116,0.03389422667427309,0.016199064623246575,0.03511466255341413,-0.00423739581490458
0.009232744393300317,0.032806406694596106,0.042895253489735,0.08559974382399779,0.01386180393524637,0.03823991275202113,0.0072091631369924835,0.02613961044174496,0.015461084690408028,0.05987534260602279,0.0087242217579979,0.020812431823878704,-0.005018366993282267,0.01776531006209592,0.022387351978606723,0.01429153797185425,0.01747590794009844,0.021371644566559996,0.01615100807613481,0.029957639029657958,0.023713552424231395,0.02250530556430572,0.03124385951645237,0.01229301401487191,0.02056027103726014,0.01636128057268345,0.02112966677021011,0.034420264523771366,0.02272332133287361,0.045178124167546956,0.028627339989292507,0.02393745906587466,0.0005111067433350958,0.02507630890775839,0.009912448516152807,0.04639101239544451,0.02070380575869021,0.018022702398925516,0.0158891435474735,0.023941046452154224,0.030898087615765683,0.011350478300046719,0.02558081495223068,0.016248523127313796,0.03334344133643713,0.017606940853393562,0.02008135658250509,0.036766762342611274,0.014400077499201087,0.05106223261802368,0.02676642993299629,0.035730420485590726,0.02510844751657931,0.05148802183364879,0.008865282058011115,0.025095532441974766,0.028260168266920918,0.008789272919364927,0.0063206698557157145,0.014037037737535627,0.027634825758794637,0.032795958116404046,0.01819821457203115,0.030831033827319665,0.02639091306098403,0.02306286229700175,0.025817163208661703,0.010785468335962002,0.027412171262690428,0.0002162369434755184
0.008002466193708792,0.01126880206806706,0.014449994805531757,0.01386180393524637,0.02582687664910524,0.03506454965209519,0.0036910402042472728,0.018635804806151963,0.01576443106213906,0.045192510997591015,0.009055981697317562,0.032060597974942706,0.022876145929466206,0.011573266549275967,0.025168933430999813,0.013435360651762897,0.017806976086540215,0.02083822300331386,0.00960837423815522,0.01897035896357405,0.006548497413564052,0.01805353512736579,0.014803662206302587,0.0054189563701056,0.015059919894917204,0.011643058144230955,0.009660968344759487,0.034929433267928335,0.016758215319352513,0.018216150215825507,0.023051033344778208,0.012835156720442612,0.0006560353008630735,0.02718558519995871,0.010179520243866019,0.022238927466125786,0.02055592904439503,0.013667957489053034,0.012157727340365203,0.03291936672226059,0.03278854876065262,0.005146635336590331,0.021739663975832605,0.01641575480346236,0.020738647952671156,0.015406186733952183,0.019773717663120836,0.024090529608756846,0.017606996333124587,0.020587623205950457,0.020909246501014365,0.019912696955282107,0.015695244352780854,0.028259416423769203,0.019056209505965666,0.017689531020515896,0.01969966476609721,0.006914376010255512,0.013514314815620999,0.01640840895725872,0.020209212865708426,0.027702148975595513,0.015590596537312568,0.012824706238263223,0.023795091679475352,0.012586125213558019,0.023242055606956642,0.020002947894220854,0.01766221451695843,0.001088496578873615
0.023657402111183196,0.04169950371133639,0.05744074018207762,0.03823991275202113,0.03506454965209519,0.12740688177324394,-0.0004490887449199251,0.04699354067338361,0.03586254884677271,0.1482901989523086,0.018757899992567998,0.08181697163299376,0.05100813023416409,0.03754789191458551,0.058022252156402346,0.028747273936037068,0.042197152161275536,0.05073027250701666,0.023617834500657547,0.057456015356051236,0.03391822357718017,0.05562021618688695,0.07211830874025174,0.005816786592850359,0.044884854650647975,0.01697156049347725,0.04716239048592989,0.12858401669753777,0.04586022411307017,0.07685384849171406,0.06182199907912187,0.041016860128326484,0.001651683892115921,0.07077721596589855,0.023539954764466967,0.06478800136230708,0.05614551508163582,0.04709091147951024,0.022123819076421577,0.0795317490999819,0.12354174468471107,0.01062077184865173,0.04365682435148152,0.036661250729264065,0.07674929252573225,0.035223546860456166,0.026822371395775795,0.0682171599683455,0.041552995722602286,0.09837937262836445,0.05458895809040953,0.058452925479592036,0.04187381926116373,0.09371134336198217,0.03978594770857525,0.042051469865415525,0.05705999616744819,0.020019783260098588,0.05379332125935025,0.0374626406950604,0.07409710018037144,0.07349210293148914,0.03940858140846517,0.04726491629279952,0.049551902277819235,0.04541278102954369,0.08685209576915794,0.05358846845248802,0.05042644266837477,-0.009255429340593728
0.002957231402496229,0.01600776211784828,0.005028429439371471,0.0072091631369924835,0.0036910402042472728,-0.0004490887449199251,0.03753520543140209,0.010689995343008926,0.007810366771089282,-0.0059211133687784535,0.01004265486776231,-0.005262773280148458,0.01291461207037537,0.005152075386460689,0.0028342655109031413,0.016007220953597422,0.01754778295492325,0.004166275655944823,0.004278683894362961,0.0014132805494531714,0.002722362008633709,0.010564346584101157,-0.003671747306675265,0.01584082627315368,0.023288548682127767,0.01978310409726812,0.005026023988301896,-0.0024375663884480888,0.006929778800405738,-0.005401961326880506,0.0022600784407039395,0.002417874042329117,0.0006903489055221535,-0.004927106423201448,0.005683007744603835,0.008015595175221766,0.009065636288592584,0.006598475289831879,0.011787511711281473,-0.003019784785448578,-0.006245582249209751,0.005167370702554588,0.009695027164242096,0.006843780082192376,0.002772647295486427,0.009644593140604668,0.01743414689685268,0.001500051681093377,0.0062724487902903305,0.005279699436071412,0.0005106052740674851,0.0009801405753929134,0.007226869382917295,0.010820046321285866,0.006158927309640331,0.012646520706849611,0.0051222247764053245,-3.2786248010103564e-05,0.01922886877817368,0.008530471851143506,0.0029847879044621133,0.00871932893750043,0.01579069825342097,0.01380919789723048,0.01851523235045363,0.005626936562529685,0.003488147568912821,0.006354490498705191,0.008567386174608484,0.02778007379617924
0.0077626103393966,0.02788759435170238,0.03427416771087402,0.02613961044174496,0.018635804806151963,0.04699354067338361,0.010689995343008926,0.07250988060493774,0.020125214894254013,0.0722118804826197,0.01185943798707685,0.03394150371786572,0.03895657269997846,0.02248607207882629,0.030589281210582287,0.021457727834917308,0.03095872891207356,0.02696566477146899,0.016471028340823028,0.034070878708216935,0.0196542388158815,0.036505306976326674,0.03664206435175233,0.007659604713548174,0.034886936315060055,0.017994936964179475,0.02631320179218715,0.04310398709417044,0.028577610137735115,0.04715882523030137,0.03715843615627774,0.009835649929883034,0.0010238729468055269,0.03352418796851063,0.01704624580768399,0.039278775598032695,0.029429123015123074,0.03314844769733011,0.01834655096861815,0.03343668332744411,0.04581395904285956,0.00982984432566628,0.02781294719256898,0.02147711009657653,0.03894643901332177,0.021687819185849375,0.019628944681193312,0.03977497705019841,0.02175987404023727,0.034070863178877094,0.03297637534866846,0.028298003590053068,0.030525264129226036,0.0530880358300076,0.026962278745012433,0.029733438529014215,0.03474017299373912,0.007913611372384999,0.020762110154917572,0.018973685132129454,0.03768267058495339,0.044194082547339746,0.024422365615544023,0.03171168538141279,0.03433543011193908,0.021235238943251418,0.04734224304139257,0.03521819168053263,0.034884044500636785,0.002009281129310536
0.00861829392702388,0.022135963307616056,0.015863491455848464,0.015461084690408028,0.01576443106213906,0.03586254884677271,0.007810366771089282,0.020125214894254013,0.02192627103122295,0.044194583751751976,0.013507083919074831,0.02692608459537363,0.02335021716420181,0.012890002799452805,0.02338280890404784,0.015311728561371585,0.01774720145167962,0.02336298839435744,0.011588466642344619,0.02098601137127739,0.013638432658804408,0.012981744171374276,0.019077229469346358,0.006391572324719858,0.021807920518897697,0.011841316774594896,0.013400917103472632,0.03237352262692549,0.01828064766888628,0.02284822084380393,0.022553935081475972,0.005123961101709237,0.001026625207282469,0.02691313256774855,0.011214554338513394,0.02337033624443133,0.01967550727333904,0.015017125916548612,0.012811941602576215,0.029940474795758697,0.03487610184095966,0.0086031943342048,0.020586082248071354,0.016268028005255144,0.025636663626487376,0.015852370220261938,0.017154391799698767,0.03235727099618884,0.015770891384675557,0.023328220813075062,0.02262956026506499,0.01755065757358693,0.016045366802940064,0.03725774379931848,0.018564545509440002,0.016416091585897564,0.018861536151347072,0.009220429808281427,0.018558664064347787,0.016453501172643534,0.02705427304647858,0.0248354454805251,0.018009198824188482,0.023866089603935745,0.016460005935628626,0.016767074548104728,0.02729462252482186,0.019935529054825592,0.022311390946545547,0.003344449247107542
0.036082588695326503,0.09605150885134597,0.0829406688892216,0.05987534260602279,0.045192510997591015,0.1482901989523086,-0.0059211133687784535,0.0722118804826197,0.044194583751751976,0.7911525612994819,0.01344568553740587,0.12766034491481612,0.07164363491122999,0.027036735654286336,0.0840294286940669,0.04360051509871764,0.0730952542158636,0.07493398244670878,0.03376151818063995,0.0696954391488886,0.08081985706304128,0.09115796528535129,0.09372016248445414,-0.013003184584171521,0.034953304319568765,-0.011732552405743883,0.10875052787924315,0.22198977089580035,0.0667679691919342,0.11808658450136683,0.09697143422992144,0.05640182922122627,0.0023617143469269386,0.1076763363431257,0.027968808657121525,0.08349970733275658,0.07187730997944121,0.08487510150837276,0.020783283166892243,0.12117606005068679,0.3639109126183653,0.06403699494292488,0.06529908040833322,0.052156456407445914,0.11458372010578471,0.03917096593820154,0.04055145984313074,0.06671230635702163,0.1039118393731747,0.18727928642417452,0.08708861424019834,0.08816780436776038,0.04233805427853566,0.20670699393027764,0.0652131745188044,0.07707785310569254,0.09350643534127548,0.055337637726321116,0.18745711807438084,0.04568296625195717,0.19905521286971947,0.09103188480158836,0.03399766274739085,0.06089313282143599,0.07036566328220697,0.04321458484533797,0.21351218864679905,0.06817364111345359,0.09242986045266471,-0.02259846220615976
0.00410949871606558,0.026393399234598658,0.0049061137498320985,0.0087242217579979,0.009055981697317562,0.018757899992567998,0.01004265486776231,0.01185943798707685,0.013507083919074831,0.01344568553740587,0.10648167523670622,0.0141467448801256,0.020478401816181414,0.016336658938165664,0.012156523955612005,0.012453972036257857,0.02193119848969744,0.0008460381164789141,-0.00040332221351757646,0.020841786718986687,0.0035165856189071565,0.019319491589776035,-0.0044631544166491,0.010848999177827003,0.020472715676574278,0.018884813653209237,0.015018299389240396,0.011624921797656543,0.010969115908315688,0.009262427334306858,0.014433587411931953,0.002624347016367096,0.0002831725609379594,0.015516642656367279,0.00709679326235496,0.011927988633231006,0.01285249343806733,0.0019480064523366121,0.020914893539146284,0.015548737707858095,0.0112411215810297,0.002353825609322766,0.002498859037795329,0.00737320818533212,0.012009285445956893,0.013565160185397235,0.01991036051872144,0.028190838441410595,0.013117901693384797,0.01605290430314282,0.01024627881603422,0.00687691948464476,0.0063233121966203764,0.005592175699654103,0.002603089648012339,0.013230607829054365,0.01157144536190435,-0.0007353963711615415,0.02117425967298989,0.007368554730692975,0.007181244380587914,0.017891399256966516,0.014863109730286941,0.009621227466221712,0.04345388185239565,0.006202043042260582,0.018951558005931984,0.01526696562354845,0.010040361618361079,0.008250016275419238
0.013361595093502831,0.03548376596631766,0.034781129286525984,0.020812431823878704,0.032060597974942706,0.08181697163299376,-0.005262773280148458,0.03394150371786572,0.02692608459537363,0.12766034491481612,0.0141467448801256,0.11556724328652497,0.05380912628199987,0.026196090256938233,0.067003077240522,0.02297113712137893,0.0352987417071576,0.03461630060094928,0.025377890473371346,0.042668757258669546,0.026688839286711456,0.04634136195867599,0.05324369693556748,0.00012322996774321232,0.022520234285920596,0.012444807553888878,0.027689716771497876,0.11278927270989873,0.03589611639438521,0.06452671760317373,0.054758602196592954,0.026189735353850375,0.00039109203738318997,0.07557751617269409,0.024556193441514686,0.04464036832260675,0.0398868903906779,0.0358421586888082,0.013917528306905557,0.06878321514352227,0.110468243208534,0.013228029001435725,0.03486510303037385,0.03905472178492119,0.05536533711191748,0.024909582912246375,0.026308063044894175,0.06313934290754418,0.036736230665842626,0.08032258136582489,0.05222146858414372,0.046890505104781446,0.030163627498212862,0.07539393972434925,0.024748165445253163,0.030625453146636675,0.04557198893475791,0.013629149034176908,0.0526768552813704,0.029001157882193963,0.062755022816331,0.05442088386467561,0.025752424743792603,0.046110282541052115,0.08142242122962816,0.028998303625124802,0.060555397232877554,0.03953200871749805,0.045740705280366854,-0.010741953127565845
0.015342664962537554,0.0010126793270412151,-0.01381385250051625,-0.005018366993282267,0.022876145929466206,0.05100813023416409,0.01291461207037537,0.03895657269997846,0.02335021716420181,0.07164363491122999,0.020478401816181414,0.05380912628199987,0.8986884601415609,0.03729618865779789,0.04558767567056282,0.047453787691991316,0.05431305395157674,-0.01925458168917745,0.014085238791413456,0.04774232373085776,0.010155358344097046,0.04776271354465736,-0.025810800989169585,0.023740238789583996,0.062268839808609554,0.0009262271162489846,0.021399622031060543,0.05621354669902011,0.03452089133809009,0.02440563917857153,0.044037212490723364,0.01841420742482346,0.0019414721438507474,0.032312325214264,0.022246149494220567,0.031738788167138876,0.06049321985019976,0.03637122416212448,0.040793539508957706,0.0364978733126427,0.09138380887621257,-0.001997393985593014,0.01950023237877372,0.02581079099078063,0.07908340413432936,0.03198554626081496,0.03561834821944438,0.013552062256060723,0.029110739806497938,-0.001796920525800797,0.019741769710612825,0.009994703216924982,0.035097206726085524,0.047656005358467445,0.030001437885784004,0.03217080508016381,0.03936785240969661,0.004119691034597137,0.0735430623044909,0.026580027939924752,0.03635780811683623,0.05655922892473538,0.01826059829148189,0.05361701662293497,0.01940204967947549,0.037650441440777796,0.09112432369447392,0.07138590110063296,0.039600277819796546,0.010380803963252541
0.008694671892368156,0.009934451710951425,0.03235065708815278,0.01776531006209592,0.011573266549275967,0.03754789191458551,0.005152075386460689,0.02248607207882629,0.012890002799452805,0.027036735654286336,0.016336658938165664,0.026196090256938233,0.03729618865779789,0.05159379828990352,0.019527257246808927,0.016009195310804015,0.0208548563792001,0.008662525458034117,0.006830384707329739,0.030509470981777483,0.020112854849459495,0.025201580422502274,0.021905506071664152,0.01086108782857411,0.02548357698211503,0.020754915220760856,0.016275118030487007,0.05032736242314089,0.01576611502930688,0.02499086159996928,0.026016559942865027,0.021161403288981667,0.001156059491818718,0.021380356702205682,0.01024892204139405,0.01938517896028867,0.02422611248584733,0.017272621928245812,0.012546826191998428,0.023039437664288103,0.024936554381212093,0.008473317269543472,0.016264665767412343,0.015075884488679997,0.0427736161377413,0.016698418487612793,0.02099764980726487,0.012630599455279522,0.01182338658666487,0.03558554581754482,0.023365886018537278,0.023113559848870115,0.0206078930584563,0.03103631372836717,0.017990122687028178,0.020720296341130526,0.029720291401865568,0.01008312417439543,0.011992876760786378,0.011309021976944392,0.022510887663699575,0.03512559186937791,0.019641470989129405,0.019703435250793704,0.006282023065928236,0.030680455968489003,0.02874699205342198,0.022897329373996373,0.02186653374932231,0.002824047211830642
0.009605898001330259,0.03460889174501654,0.022726542614999495,0.022387351978606723,0.025168933430999813,0.058022252156402346,0.0028342655109031413,0.030589281210582287,0.02338280890404784,0.0840294286940669,0.012156523955612005,0.067003077240522,0.04558767567056282,0.019527257246808927,0.06431804859146767,0.019410056517112365,0.02571418947655407,0.03738549647076576,0.024203444314497096,0.033478427920102194,0.021458604501396777,0.03327518474266947,0.04297463821563661,0.006635596008105241,0.03132551920172789,0.01419297209021524,0.01178196713406446,0.06670333886773291,0.026485795649235807,0.054518326990973615,0.04149707615865336,0.014289000335337624,0.0009408636039685365,0.05457660934625876,0.022482907471368843,0.04334488447495489,0.028795496627301354,0.02469288741126599,0.01970244845914429,0.05473210934459839,0.056169240352457475,0.01050735753017052,0.025838826757486263,0.03448443833211846,0.04329654446939063,0.02160178048377842,0.022670343486252277,0.05880849440167336,0.022197982588959355,0.05048899462209349,0.05272400635340653,0.03238757971876431,0.026112647125356308,0.05454085989749024,0.027939752478069593,0.02743827770267537,0.03616130693630575,0.007591075953082606,0.02773205763412938,0.021109157275311482,0.04286654343594513,0.03707027446570262,0.02599894105709046,0.039374274651127805,0.050311216318403455,0.02863129174968863,0.03942023198532415,0.03667331089215341,0.03888623320314406,-0.004373488712947752
0.008239405669364794,0.023236305908963376,0.01515319099266943,0.01429153797185425,0.013435360651762897,0.028747273936037068,0.016007220953597422,0.021457727834917308,0.015311728561371585,0.04360051509871764,0.012453972036257857,0.02297113712137893,0.047453787691991316,0.016009195310804015,0.019410056517112365,0.058454347659198824,0.026007287961451738,0.02225193571912676,0.015161525491634619,0.016676567929102794,0.01575147822140699,0.0271460192068724,0.019234260403150655,0.020009600314453126,0.029080223481107254,0.021183377551966562,0.002671954501297282,0.028048830848276064,0.0176795031861759,0.01880680710772605,0.01875511560290653,0.004652146828835368,0.0011079228083533048,0.01707796648996232,0.016006557958251913,0.028363933517439897,0.017685435920473173,0.014510861424237019,0.013641462504609195,0.024318960058425366,0.022281781924424475,0.011886975109603938,0.01691064035704121,0.014841774791237574,0.025420509943864623,0.015980628722417844,0.022580865232370854,0.026419860476370412,0.017794865529706636,0.0259724974494673,0.01906970875433194,0.01774969802501362,0.015772239969363343,0.025759254265780424,0.020956602673216498,0.02012873376174458,0.026488473362515367,0.00505469687353483,0.013345069931750608,0.015623202514403979,0.023612073046858004,0.0329546134491229,0.01600087109975085,0.023690237050174277,0.01622354141867276,0.019260607013690506,0.01936227152994793,0.024384708243262523,0.02253763589280003,0.009508983795858907
0.013456645366419967,0.03162935993590011,0.028181528166860658,0.01747590794009844,0.017806976086540215,0.042197152161275536,0.01754778295492325,0.03095872891207356,0.01774720145167962,0.0730952542158636,0.02193119848969744,0.0352987417071576,0.05431305395157674,0.0208548563792001,0.02571418947655407,0.026007287961451738,0.11572933843877,0.02222137336718871,0.009827424854665834,0.035486166829335655,0.015044174936396967,0.03644275304463932,0.01912594028187592,0.02051651638166568,0.03291683873032644,0.015150531820000484,0.017764405316832182,0.06888669812196534,0.025385703351818258,0.028217067274941374,0.031400932562538474,0.02624160230408611,0.000977708455688886,0.02712566227065556,0.01255944789368436,0.023608623618183524,0.03674667805490105,0.02849846410686602,0.022095578972515028,0.028091409987858532,0.059417441961504294,0.011285066841767406,0.02654349285162859,0.018759515268619575,0.04312355037159963,0.021241170524894954,0.01359059828093983,0.036771620032747185,0.02351719077990948,0.0532269091481952,0.025912807688210124,0.02035409247780581,0.015206732247188087,0.027575153006503653,0.03241603691632047,0.029818192072596377,0.03902660455806143,0.0189851618609737,0.040609166566177336,0.01795783524442161,0.04294325598431442,0.044913920264420495,0.027812715081319623,0.032982386498320734,0.018270047523898377,0.029752844783255076,0.03191230418282382,0.031003549818283724,0.03259975287628684,0.012391912478890137
0.008294552736279544,0.04598034899172988,0.035342662138938254,0.021371644566559996,0.02083822300331386,0.05073027250701666,0.004166275655944823,0.02696566477146899,0.02336298839435744,0.07493398244670878,0.0008460381164789141,0.03461630060094928,-0.01925458168917745,0.008662525458034117,0.03738549647076576,0.02225193571912676,0.02222137336718871,0.43280406792454174,0.029903781244032087,0.028687390328567864,0.029275541563296946,0.0010379366946447735,0.08662866565518793,0.031625017337312926,0.02965606498081267,0.016700457006159262,0.02274474431034047,0.04894966053050821,0.03193440816611245,0.04551301526385828,0.035591568731632495,-0.08559947605362364,0.0015034791642294493,0.03820375084260356,0.01805139263023524,0.04149219992553492,0.019750514063850682,0.02359590183496528,0.006791138251322938,0.044913360337394445,0.025217997014240785,0.013536697744326424,0.027944085642565786,0.031568443988838055,0.04466417240639632,0.01496710747570194,0.01867875536431743,0.01970239254468466,0.015265255731086258,0.062105949994916365,0.0264005176457104,0.04340946528947137,0.02907520508996098,0.049178947810432985,0.02541250880801775,0.03222281859686318,0.04528629342704862,0.012068456329393473,0.03752134885806735,0.007383398239435099,0.04322025122791067,0.030249233257631,0.04251189737022952,0.021306284119239582,0.08583821031744598,0.028725944142234606,0.028722519762789934,0.03257343999614098,0.05123851039856447,-0.010777353117405398
0.002700349822307397,0.0210609167616947,0.01327607916172021,0.01615100807613481,0.00960837423815522,0.023617834500657547,0.004278683894362961,0.016471028340823028,0.011588466642344619,0.03376151818063995,-0.00040332221351757646,0.025377890473371346,0.014085238791413456,0.006830384707329739,0.024203444314497096,0.015161525491634619,0.009827424854665834,0.029903781244032087,0.04195360755757279,0.011443820469390527,0.020501188018480394,0.018916111211796566,0.022472686502587436,0.0026196759539126833,0.013003518241689048,0.0071460280460692695,0.005250302446804405,0.020089876514973997,0.012334731832993861,0.021944476500719522,0.01707412372041823,0.0022714446815073055,0.000387429317992884,0.02148519841943908,0.010659890790200579,0.027658550502124308,0.010010293041133017,0.012244323749226333,0.009327680046461449,0.020290115065102726,0.023388458677538082,0.006991129548548047,0.01368948936989467,0.014980785462161793,0.018456494831208505,0.008430220627354462,0.006949519539676532,0.038737446649752094,0.007639189325289674,0.024403290066699522,0.026791263306255777,0.020492780229799463,0.006056654914332359,0.033190554357565794,0.017432807911453792,0.012403712273382885,0.017401840241415473,0.0029754515960821247,0.0040031934380335265,0.013885621785396523,0.01900151855850298,0.0191945823304418,0.010484803000815791,0.02824073601746249,0.031585608647060594,0.019823012465238425,0.018642604349205796,0.0202441319882502,0.023086877593626275,-0.0032485883293132847
0.013814805881337986,0.03999884632060718,0.048956401845133495,0.029957639029657958,0.01897035896357405,0.057456015356051236,0.0014132805494531714,0.034070878708216935,0.02098601137127739,0.0696954391488886,0.020841786718986687,0.042668757258669546,0.04774232373085776,0.030509470981777483,0.033478427920102194,0.016676567929102794,0.035486166829335655,0.028687390328567864,0.011443820469390527,0.09869045453747137,0.02975086538345133,0.03285890455726556,0.04207295144204758,0.012592006015470895,0.031449842496501616,0.01204694005471867,0.02296482574038387,0.06357206673184572,0.025173272002375065,0.04958492820104033,0.032975333075866586,0.03868282617290554,0.0010243098660130548,0.04667397509154213,0.017407382117630453,0.018489291637325985,0.039687057595719825,0.02884585203662897,0.01620866405549723,0.04658835855459937,0.05621645975891867,0.005538632889611445,0.02579572267701289,0.02284025952520176,0.05981447988188571,0.028527984870025034,0.012445357223196365,0.051148849126796354,0.02194400225079148,0.06574852580918632,0.030985078033742137,0.031634780642743984,0.03051273906998975,0.05115126785597843,0.03043737819738776,0.03471616199514715,0.043985665185907984,0.013213635114225098,0.03045459530585343,0.014198220125199761,0.03610101857372586,0.053071936005805655,0.03081759272516272,0.029630223744742844,0.03911796983731284,0.03423527464850195,0.057114852165081866,0.03412836414857962,0.03847147887248405,-0.002330570375988615
0.009581897079524514,0.02727757944841392,0.031346681414320766,0.023713552424231395,0.006548497413564052,0.03391822357718017,0.002722362008633709,0.0196542388158815,0.013638432658804408,0.08081985706304128,0.0035165856189071565,0.026688839286711456,0.010155358344097046,0.020112854849459495,0.021458604501396777,0.01575147822140699,0.015044174936396967,0.029275541563296946,0.020501188018480394,0.02975086538345133,0.13104585462209858,0.023271544051747972,0.025288617302985154,0.009850663872755237,0.020331382693774814,-0.004522722766141581,0.021369476247507544,0.060995458616602174,0.01798403371649235,0.034415036094759904,0.02181671120661986,0.020594647098798415,0.0007359142039240622,0.025867436623636737,0.01370751291014888,0.02533667089281226,0.021622963773906545,0.02072948678416345,0.009541749839711372,0.02545501167155425,0.048240001020490295,0.0021048327070976648,0.01993909409818464,0.0166885703487761,0.04726403172748631,0.01612406688945876,0.013775529112030883,0.037133731639192334,0.007900941147255761,0.05227894744644118,0.024550370419505294,0.040236053880212994,0.010316813644911238,0.06208179150692549,0.02671730451084079,0.03012872875049969,0.04291902337483086,0.004313775000865487,0.03767631995550408,0.018022327858815294,0.03610290641590209,0.036592131823764744,0.020299671536114693,0.026831871763039285,0.0524762120846639,0.031144708296293306,0.014300473714779023,0.028464091457537123,0.0312463260852797,-0.004187589284876076
0.014151011702926763,0.052873794841386934,0.03752878226212977,0.02250530556430572,0.01805353512736579,0.05562021618688695,0.010564346584101157,0.036505306976326674,0.012981744171374276,0.09115796528535129,0.019319491589776035,0.04634136195867599,0.04776271354465736,0.025201580422502274,0.03327518474266947,0.0271460192068724,0.03644275304463932,0.0010379366946447735,0.018916111211796566,0.03285890455726556,0.023271544051747972,0.18070616791518795,0.06579280987724505,0.01374109673023423,0.038402557279104986,0.025216864657647366,0.053949018442591694,0.08537097825391605,0.018581856965599924,0.062071929707854426,0.03916797477148778,0.07696969875846123,0.0008511469262049529,0.03660420274871471,0.017980064432217994,0.03776906714561646,0.04209965920373917,0.01969473792921436,0.019607253011782663,0.030983814062138702,0.06126465248220955,0.013700654617892273,0.030770617802076437,0.02160090696205451,0.053458112824971586,0.0220073623988117,0.02894126709763354,0.027794020045272955,0.028432187526349198,0.06135845135678294,0.035143855051670586,0.02403791096506107,0.01852849948188243,0.04997848990755835,0.03404808506844225,0.0342621903471937,0.03475966462837264,0.014009686585340481,0.04860377885191344,0.014329432336399432,0.04334930199072562,0.053764179716200365,0.021792508218789416,0.0408003716617268,0.051390050022222154,0.03911188184565995,0.0372477155281944,0.04351284513072552,0.037391652613506625,0.0003605842502017333
0.016541671594722213,0.08119323230428453,0.038629400770549674,0.03124385951645237,0.014803662206302587,0.07211830874025174,-0.003671747306675265,0.03664206435175233,0.019077229469346358,0.09372016248445414,-0.0044631544166491,0.05324369693556748,-0.025810800989169585,0.021905506071664152,0.04297463821563661,0.019234260403150655,0.01912594028187592,0.08662866565518793,0.022472686502587436,0.04207295144204758,0.025288617302985154,0.06579280987724505,0.42073647355787025,0.001405233549838146,0.050694881308749155,0.03834489923278479,0.06477500683030718,0.08541815995018467,0.035703298089422644,0.2110770663925022,0.07292974256809874,0.08491170221619972,0.0022180324580736203,0.05513938422125912,0.022389018433569125,0.05662672068119956,0.03420138854789801,0.030506424586487686,-0.00037352121266482724,0.02970796406516749,0.06965747078410571,0.02818469094973004,0.05327150736791912,0.030579766723574618,0.0730074625239827,0.01922834131352959,0.010569060142445342,0.12555645318179975,0.018584646557794987,0.174715458781137,0.04612454345270621,0.05526918696394443,0.06687166669935396,0.06396570730516353,0.028116891882737922,0.03085004450582261,0.04693832714449057,0.030379397860959785,0.04127445195514585,0.02038543090589575,0.08848233262205876,0.05318489808138161,0.035894198194965546,0.06521912087938786,0.07989091963532641,0.05354780708695118,0.07546631165503899,0.05169890961643228,0.05317592860832338,-0.014028261706995337
0.008541676746506926,-0.008035660243932078,0.00633053284845745,0.01229301401487191,0.0054189563701056,0.005816786592850359,0.01584082627315368,0.007659604713548174,0.006391572324719858,-0.013003184584171521,0.010848999177827003,0.00012322996774321232,0.023740238789583996,0.01086108782857411,0.006635596008105241,0.020009600314453126,0.02051651638166568,0.031625017337312926,0.0026196759539126833,0.012592006015470895,0.009850663872755237,0.01374109673023423,0.001405233549838146,0.0633277866404236,0.022158341303594953,0.029242332131556758,-0.006133178750323184,0.024151087720512155,0.005355301295730019,0.009376272616298536,0.009774172053209528,0.0022294818569880068,0.0009798154911557502,-0.0004370519067226999,0.00731099250783851,0.011659888771038542,0.018214196760667777,0.000497469254736509,0.00842865440050349,0.0008305071392935685,-0.01172800210143891,0.0018109412319862865,0.012370024355076165,0.007457684668091905,0.020784066024648273,0.00801451820383007,0.007977106606391777,0.007293846573967205,0.0057884181207788765,0.010048341642050259,0.004947391683768377,0.001272506955608735,0.020561105492816742,0.00600012944799025,0.008326739804037886,0.01845867449439543,0.019432721993556862,0.0031427514108875376,-0.0070970328321482805,0.005838601381497848,0.003857058432149192,0.016330421704394128,0.022200026021894467,0.011669246655738022,0.009322590470259242,0.006191348004453857,0.012313165042112016,0.0022328420528506246,0.011402604537765624,0.014205654647537013
0.014853848712459436,0.04856158280118208,0.024492461220936342,0.02056027103726014,0.015059919894917204,0.044884854650647975,0.023288548682127767,0.034886936315060055,0.021807920518897697,0.034953304319568765,0.020472715676574278,0.022520234285920596,0.062268839808609554,0.02548357698211503,0.03132551920172789,0.029080223481107254,0.03291683873032644,0.02965606498081267,0.013003518241689048,0.031449842496501616,0.020331382693774814,0.038402557279104986,0.050694881308749155,0.022158341303594953,0.0920683177676868,0.018813989395780436,0.018999270841877983,0.044162747221776724,0.030255819361916278,0.046166986408871985,0.03364270056919657,0.034939276105958775,0.0027932225735782684,0.024935134751299062,0.019700021413355695,0.03832999950374248,0.03340629814673308,0.030986448239144197,0.02632661422048409,0.026382013259792798,0.03871573302966766,0.005219827189069898,0.037855375722449035,0.020894053038842075,0.04487094236637593,0.024697719308028887,0.02963853623108634,0.03508580197599951,0.02586926410125884,0.059215103500099196,0.029242695006785467,0.03133003471188738,0.03426253254285163,0.04087565393146181,0.022723680336756355,0.03521675121976642,0.04058597649373622,0.0025328309361576313,0.04293547063365166,0.020453246119364,0.029466309609705626,0.04467928040947393,0.0352134932149957,0.047320271945772666,0.011204437983414616,0.03058082530611669,0.03800740991677539,0.036713605044791466,0.02963031130589846,0.014641290707165702
0.00478283083676934,0.004449576405375632,0.013383907027882188,0.01636128057268345,0.011643058144230955,0.01697156049347725,0.01978310409726812,0.017994936964179475,0.011841316774594896,-0.011732552405743883,0.018884813653209237,0.012444807553888878,0.0009262271162489846,0.020754915220760856,0.01419297209021524,0.021183377551966562,0.015150531820000484,0.016700457006159262,0.0071460280460692695,0.01204694005471867,-0.004522722766141581,0.025216864657647366,0.03834489923278479,0.029242332131556758,0.018813989395780436,0.1577644380077865,0.016136254671206753,0.030006661216933378,0.004567093460790146,0.01780891989826252,0.015360077472646765,0.010077978617910916,0.0005298256714402233,0.006677022508853017,0.013240515255111765,0.031247412642144982,0.00862218301855427,0.0035420492038204924,0.006712252210616742,0.011356237136962391,0.0042054431454277685,0.0030843154813849564,0.017118313202808752,0.010907607612181092,0.017155896963585403,0.013271910009090285,0.024828102249261682,0.016484615502284482,0.01238586126764358,0.03496973870986366,0.021548434049654293,0.0026041426164428094,0.03501285719946694,0.013188388983153911,0.0071091039996383,0.0169939831839797,0.0071496674299427205,0.011931874470299097,-0.023826019255278413,0.010809359431446437,0.016405102407474222,0.010206772090926197,0.023598519618047407,0.02362870396618078,0.01762655501180634,0.028232287827245392,0.026646859987566888,0.005230151533468447,0.014585710408402505,0.015726618441217463
0.015106762540220866,0.09368503103016776,0.02561576949884329,0.02112966677021011,0.009660968344759487,0.04716239048592989,0.005026023988301896,0.02631320179218715,0.013400917103472632,0.10875052787924315,0.015018299389240396,0.027689716771497876,0.021399622031060543,0.016275118030487007,0.01178196713406446,0.002671954501297282,0.017764405316832182,0.02274474431034047,0.005250302446804405,0.02296482574038387,0.021369476247507544,0.053949018442591694,0.06477500683030718,-0.006133178750323184,0.018999270841877983,0.016136254671206753,0.22777621413011714,0.056621834058766196,0.01980444476457643,0.041714643738686066,0.029316294348107702,0.024303215656666734,0.001452838701438329,0.025007995047485767,0.001990194702870629,0.03678162896569066,0.033353408396192157,0.023140881375683223,0.014754472148524822,0.02217391510367102,0.11198023012827703,0.02683838367904212,0.041035040940109055,0.00969254681097788,0.046785615783277064,0.012645843981628317,0.0028497666984719627,0.020466526655412307,0.019659449255030166,0.09515901597829825,0.008310785845035343,0.03235986159754218,0.006815869942149406,0.04398517478579872,0.007751723195510519,0.036420273355080406,0.029137689133077276,0.027852413591614042,0.07966286272847536,0.02244040297092847,0.07546633240383271,0.03179194213161715,0.008831878374656082,0.02124275638627929,0.04730260725358539,0.03338497954483656,0.0571612677827081,0.014093972583471986,0.03189332769161274,-0.003990576714504571
