0.07261210147087781,0.029537825225595327,0.044437812843098584,0.016496790657784432,0.015858764014264556,0.021824882604189716,0.00983355158037049,0.019287114118740668,0.03455595846527773,0.025347779309288453,0.019737392800443627,0.011135648069436501,0.02272672242218276,0.016896537381613515,0.012502219495469716,0.022335155877053255,0.013926602586801964,0.0076709526868177155,0.010703818842765257,0.047320789750846685,0.006675922794566151,0.007336377170472899,0.0039125205769498,0.012910454211801115,0.02609047149532711,0.019793837421996224,0.021385073240827522,0.01681944080725244,0.026540100721168344,0.011330576116839469,0.009157557746261435,0.0069141855301612,0.013973246361642867,0.013280525499633088,0.010897445038213662,0.02481237703273111,0.009414913179221161,0.020614069686634425,0.015316062182631787,0.013673333174990069,0.017636015974840692,0.014420338852229484,0.008379151487087302,0.014158548239870524,0.016393799133655382,0.02700581405647518,0.031222162060833076,0.01271254804500001,0.024812605301318423,0.027376906143152618,0.022133213612043606,0.01171714882128315,0.026164479628181966,0.012243540590730812,0.020601269238196523,0.010965217394969093,0.013462458928609103,0.016333987642046424,0.028189429890733635,0.025883439881422388,0.023824782548456748,0.010349587357467148,0.018860721704436235,0.021940603473044933,0.0028439517120260236,0.0072154834521625825,0.02556413300853054,0.009648184114512272,0.01636712208735992,0.0073939730566867316,0.02610412359869716,0.012040823990140972,0.015412537157075792,0.03360441193009957,0.02222532581698323,0.024010094314212565,0.013513146667920148,0.01846104506140174,0.02941194666760518,0.0218150094173287,0.01276439779325385,0.03845937367161982,0.023306868177613866,0.024870315013064557,0.017840501054434795,0.026332301724883836,0.019634568100743967,0.014291282052495498,0.031429470488955766,0.018272784790829995
0.029537825225595327,0.1247303586998176,0.0650691727772004,0.05507002649909098,0.03928718006141501,0.057185002644935,0.01783908121221603,0.06857454303827423,0.07999107074018916,0.05349070292626531,0.04553460230662767,0.033550716178284146,0.04010513393358989,0.055239170026514024,0.018507711376516328,0.0557235861485665,0.03946984111042875,0.017563599598116306,0.03180191730231678,0.07857902288811833,0.04321335145339343,0.03841433529297949,0.01035829644181475,0.05473059231393644,0.03667962208829713,0.052651102829068604,0.020620416720503406,0.06906796365899284,0.06134777974174168,0.04370283730092981,0.030063729879395734,0.04577849601855272,0.023272613131145353,0.03434452849843128,0.03326132994469638,0.05312130840732292,0.030345407488429867,0.06282758778663246,0.04978380587278284,0.02855025830364586,0.032746580173576685,0.07796458551810556,0.0076198459242131766,0.023852779381801706,0.028456480785392067,0.06844260661525471,0.0705990839979765,0.038446864770803564,0.08682982709121614,0.05154777166452189,0.04326589865525678,0.02148895626016237,0.052570297186298305,0.031149703476341058,0.05682687637110478,0.021372287180701454,0.027015505612845006,0.03397076631556617,0.03725059108767644,0.06167172131783169,0.06145768829688804,0.03388236774594039,0.044780018240425115,0.02938925448647942,0.03154028481629422,0.01090589560991942,0.05813277155077634,0.02646256087556927,0.04729883859872469,0.014804484967804737,0.05588534423141934,0.03069321527774381,0.020733398941480845,0.062302370044116796,0.057918295926733615,0.06264758512077191,0.08936371887034715,0.03944953374660974,0.039134816164074195,0.04386652014788736,0.02426197886261619,0.06933395383243128,0.07997288503288232,0.01941023369839779,0.09188394215508594,0.054733442520226855,0.02705896768216455,0.03940629600505178,0.08195815197950725,0.057460617773104974
0.044437812843098584,0.0650691727772004,0.37204827434986787,0.0352760880602262,0.02917980423053657,0.03807030804566773,0.02143123710105826,0.08243683531736602,0.08717497868575479,0.054588293541037655,0.04333983561764488,0.004937642489960316,0.03326623784585724,0.049523268373905194,0.02266392642717313,0.039007436870232635,0.035416924534151094,0.016459874796938473,0.037507068486755495,0.12159002969736744,0.046022954192195126,0.008929335052779677,0.01061157508740154,0.05234584977874079,0.04563155757232918,0.039902658979790784,0.01546874318402439,0.07704424376536201,0.06334846918581222,0.040597969460061265,0.016627481166480756,0.0637304529068516,0.057556678156045885,0.028266864893443187,0.05382179360889591,0.05278449221667556,0.030817697679333265,0.03810988383600325,0.07640618037309764,0.02542854579707003,0.040851695089197025,0.12736342390230562,0.009964709978039976,0.01974362145354568,0.031174153959758425,0.0669862400232261,0.07486133697494803,0.06026757986526929,0.11960818886907695,0.05731828113276959,0.04654938072786759,0.013799858395117002,0.0438514803165446,0.03838762087283685,0.07281272931975658,0.014011569691323491,0.020861813142963825,0.03532843713603268,0.05275665673324822,0.05744002631523079,0.06081317724868509,0.030285956701467102,0.041791560952776204,0.028481311747226398,0.008914753969959277,0.0036515247327136954,0.06643416902499302,0.027054971437030124,0.04115815969170546,0.017108703539409235,0.04795673333868387,0.024577087428080242,0.043809137686042686,0.10677532267586345,0.07040244843276491,0.05218237637467702,0.075946438190941,0.07644798919498606,0.05751457919148435,0.11180300419355715,0.029316954820127163,0.11017703477494815,0.06753806875219044,0.07785947404452688,0.08077660737880607,0.05481088552217897,0.020573993365975228,0.03265896692222795,0.08765560698324402,0.03841498115181951
0.016496790657784432,0.05507002649909098,0.0352760880602262,0.4610598904297916,0.03771376289134899,0.049273536827343374,0.020099640090868443,0.10041133381563166,0.048709115629614406,0.019373238099714005,0.04438961514554629,0.030484746083010713,0.05125582549680354,0.040067990140971316,0.0006307750196365194,0.05427232390894142,0.02697457566973955,0.009354385781624213,0.03851472050852098,0.1322978371144429,0.04832877237999555,0.019072300560169977,0.005945906220217434,0.042681412839945344,0.026082482913952893,0.03964537606275587,0.009882990097691093,0.08904374585953469,0.05994895936017808,0.04653725576524608,0.03748356048462633,0.06184770172730184,0.011327571226901695,0.03241280302857352,0.03434911704949209,0.04186443516198034,0.01553893786378533,0.03598910155773977,0.06196744712198536,0.022245100308646924,0.027407438224040022,0.06525597066262497,6.9624825631368e-05,0.012508766913940176,0.01598208136723534,0.13087528876275864,0.02937139112290924,0.061475939555375114,0.0727087913380525,0.03947881386996131,0.04312422441915982,0.025145035475484877,0.03283340239366299,0.039855245073103465,0.04964539876145791,0.01612464310309893,0.017623513052001657,0.027463555844814774,0.041180380347928744,0.02012823420153369,0.04003663362291972,0.024510086836419257,0.030876061671650332,0.012472681231317968,0.015556565433044093,0.005589212881594163,0.038929947144563506,0.02271099328616204,0.045280983423339465,0.015473912014594813,0.043566792670402484,0.02682527550210183,0.03615021931141342,0.07800188517544476,0.04870247352806083,0.0514627600273853,0.22318596178453906,0.06368119733365737,0.03444198868526018,0.040083974961266866,0.013999149254104847,0.1094628923146576,0.15743824391973538,-0.007056057895701552,0.05713941033837397,0.031972686116877966,0.03803563438760347,0.03181224958394878,0.11939354118422926,0.028371924695739972
0.015858764014264556,0.03928718006141501,0.02917980423053657,0.03771376289134899,0.05146664221676972,0.038243968760053156,0.014639901425173038,0.0306740788060804,0.05080793206494299,0.034395527359085125,0.03247109080930174,0.020038181233783182,0.03182124122392471,0.02132276572771789,0.014242820301580549,0.03195917172492443,0.01701608658249787,0.009842362158077224,0.017613474407582437,0.04897509103437207,0.021249268496253384,0.01783144748144259,-0.0004275372733025748,0.03099823073553153,0.02038396174492082,0.026261701708636533,0.007034527840573099,0.03545754208850626,0.03528356101179554,0.023510454966107795,0.020575653459221254,0.035134786457316304,0.018564924683612014,0.01704713170639376,0.019043540787620758,0.04339700832113425,0.015308972267776052,0.04691904724963383,0.03148632548464835,0.02058658503901189,0.02173214397840228,0.05153772876006816,0.0047326281713229385,0.008606170996998817,0.016900358552906735,0.03378564635262219,0.05444157014025832,0.029282710772533898,0.030307591670971048,0.03903539326173506,0.030556706641861865,0.011941084170662064,0.0397730667055451,0.017255115263692583,0.0377793787070336,0.015689259103601298,0.02172633087634505,0.01585328860456767,0.026443801850109316,0.030954623949480526,0.038290672501538545,0.020712317273530324,0.024869685852629317,0.01735421986436334,0.01970230269577508,0.001250943283400849,0.0314087869051256,0.018800289488432608,0.0373046559041158,0.005272730092508812,0.03532387583380882,0.014491430597950833,0.01760168351201858,0.03100564042524045,0.03481805497970746,0.034828202380187606,0.047843355423770925,0.02201280987267956,0.022612947424666498,0.02345547083667946,0.009829677003377307,0.04744955273960694,0.05138131408212892,0.01719581334896368,0.03572573521892639,0.03322296089259762,0.02039404044159996,0.026355945545035522,0.04831952648739101,0.037342408327646945
0.021824882604189716,0.057185002644935,0.03807030804566773,0.049273536827343374,0.038243968760053156,0.35017830490533197,0.024512116605759773,0.05944739403796061,0.06872454922377963,0.06347215910519088,0.04385902960739582,0.02495689062978422,0.032601677788961184,0.05940122425024179,0.021293315057324597,0.05421552018773882,0.0191272336928434,0.009261119272212855,0.033194933066281844,0.12822420278186744,0.06421877916134616,0.03277957242806841,0.022984252369055033,0.04130530635965784,0.031912786781019505,0.053954714003229466,0.015828988668181783,0.07197554264494563,0.05989045339032636,0.028601698390071793,0.018560841900873575,0.059683395409933844,0.010560548423322068,0.031039203024020454,0.02270942070409122,0.04540546050318144,0.021405316955063976,0.0338825723302076,0.07268097741332306,0.043266048120982586,0.026356990551080886,0.062421670853309526,0.010894024365891474,0.013241424533621798,0.021928915796374984,0.0431775146028488,0.05540764118655607,0.04484042958902066,0.06943088516286129,0.05851173343956628,0.03700765513841391,0.021711335587122366,0.041682338926377425,0.03525615110672432,0.05160660522289557,0.017672287977644717,0.011297304162601697,0.02117774304537213,0.022245827706891947,0.053428588381980675,0.06565073308846645,0.03344420882003498,0.03588110260973291,0.0461328734311978,0.027303386037946194,0.0004039492897619854,0.05223115560463271,0.022424166907240216,0.04898213822983742,0.015613642758159997,0.04889380341935416,0.02015717829838478,0.01906284163882483,0.094156463401162,0.052801188998525886,0.06217092535783794,0.08899898245412566,0.05615948384280096,0.03294033708336045,0.09320286778919154,0.011287217508698598,0.06954656267201113,0.04902680367152058,0.06144740432475656,0.07029944113259161,0.05079531512851626,0.029585406682977364,0.041487748763291116,0.11485366130305763,0.05121295053687927
0.00983355158037049,0.01783908121221603,0.02143123710105826,0.020099640090868443,0.014639901425173038,0.024512116605759773,0.03470282290846197,0.026823797434894256,0.02219823527544563,0.018103940282127147,0.0185127261929731,0.011088733981148041,0.014849682873227903,0.008546039166464884,0.00691734269626976,0.02060445640877249,0.00991710353817717,0.011342567088278169,0.010624410256482052,0.04370697916323643,0.023748669569953623,0.015184747157558062,0.014447756653265453,0.01704851502772271,0.01812376759219332,0.016565407690532986,0.013106258308198972,0.0012816237070620506,0.022784634274999667,0.01114372279858383,0.004634683061483677,0.007063335193159033,0.008739274128888178,0.015689548690845347,0.007808983881118406,0.017720965583031312,0.01459634848312071,0.011892183654635527,0.013164840368579026,0.015080794905197788,0.013960778750562553,0.010310860879323095,0.014536966164739396,0.014643120414593109,0.011315808623242515,0.01836003218728342,0.022645990788271335,0.014044636224246582,0.016572988059976132,0.022146893485113502,0.02073024675023666,0.005660306024408454,0.01797277152494302,0.011777064908500409,0.017439207592474977,0.012001376778999874,0.012299861096901524,0.017078945223717498,0.015992249593872923,0.01935609461173097,0.017196475063878273,0.011345602630882657,0.01333120436993504,0.011546912219190401,0.009837622356253097,0.013149089905739897,0.01912482207013551,0.017597431182591827,0.013283638026288243,0.004158680527370489,0.01811138501779147,0.01814230266805697,0.008588598978143635,0.017769206228857748,0.016949767748310553,0.026282916255004767,0.008410909629818438,0.017600338235952195,0.0052789609731594255,0.004204127802481792,0.012564396895977888,0.024511076352543473,0.019346763250688223,0.0037667094298964115,0.0174930172234958,0.01847964665837358,0.017840172665792044,0.010220651401643799,0.03513497946723995,0.013291530960125603
0.019287114118740668,0.06857454303827423,0.08243683531736602,0.10041133381563166,0.0306740788060804,0.05944739403796061,0.026823797434894256,0.6964351606176559,0.09863909853435507,0.07685941619244226,0.042272139606726315,0.013550636199846625,0.0339989569948194,0.03391709142569522,-0.011201903038662907,0.04935825237018033,0.040543984322311113,0.0014130644481875926,0.023503297714567887,0.1222524653877483,0.10909578619105281,0.022533354167383772,-0.004548253783713093,0.054968938760597004,0.05608915089181851,0.038413265239857726,0.008258582551781087,0.13262715723475776,0.06584593944942393,0.05570114763250017,0.018951132588302697,0.09679940220803669,0.04498486907616529,0.0455444188805376,0.02395764048397829,0.048817150949786677,0.023489145032761383,0.029923556507174175,0.05200768119163257,0.024870305995671044,0.027853090575603704,0.10505943013591064,-0.008486462851394799,0.007916018059860795,0.027916506210721777,0.08738432059050873,0.08301261026258054,0.036692518721587616,0.15708166082303657,0.05203992167934012,0.042233572637370174,0.02025605722689239,0.06138953399625416,0.02567948427173643,0.05613519952868354,0.019491161730079483,0.01644470600956232,0.03629359540820449,0.026030092714955003,0.05961308652446942,0.05547364193746737,0.03424137365250997,0.037796815604402095,0.02187385049613829,0.011950167306353636,0.0009464491925737531,0.09275498443891586,0.040878815633708925,0.03479336701899092,0.017373691567757983,0.0470243022061561,0.028519051771186944,0.023686516237664476,0.05749416140295964,0.04135397931041814,0.0584629050650038,0.15515490766058102,0.016289846648636395,0.03409246366665699,0.08527109607333436,0.014482951205626702,0.11724907537143647,0.10598526837989881,0.08084802955149231,0.07011435868474383,0.053513783242151405,0.03315158778597041,0.05820855185979282,0.10082329196491731,0.04776865929695019
0.03455595846527773,0.07999107074018916,0.08717497868575479,0.048709115629614406,0.05080793206494299,0.06872454922377963,0.02219823527544563,0.09863909853435507,0.22483376823131693,0.09261827337578922,0.05986369639887519,0.034083892125158485,0.040460005697941025,0.05365095874838222,0.014191420619881904,0.0569215815199753,0.03739218679432468,0.021925265117924052,0.049633836239505305,0.09480472346192309,0.044217609759997334,0.0297152369653647,0.007097656933997364,0.07324833977718917,0.04133422816725206,0.04914999804402055,0.025236451147429048,0.10580152831563225,0.09520348753270232,0.04262486310869397,0.03434939655578891,0.05419399808849456,0.03703353933033215,0.04288521806610452,0.05820375645931374,0.05824400263095882,0.02864057324770371,0.05091221997068295,0.08696677304038881,0.04426768638537325,0.04254915763916735,0.13612465143464772,0.006804910430366293,0.029295949664868922,0.03291905190925689,0.0793891991367373,0.09642456323487353,0.051368791786326966,0.08767562011117536,0.09635531021480792,0.06160545290499677,0.028657773286148363,0.0579909613115327,0.04777271527453427,0.06805310051776826,0.030744840180047105,0.04156721929130802,0.06113204132489235,0.049133891423660585,0.07073750536687204,0.09326089183603015,0.03944778082946722,0.048396955303314226,0.03351218127114833,0.02354848366221417,0.008057379878575915,0.07685913451306504,0.03811358386734737,0.05089915890205296,0.02370172708441527,0.07653666974995857,0.03387527585347398,0.05391742011562346,0.0996341564799105,0.07290537894222295,0.06625371571489352,0.1372873168476423,0.06348659752211863,0.036521661564966015,0.05820462635536259,0.027396172524935838,0.11905462139423836,0.10736672532648692,0.03757490928962484,0.08592524351382476,0.09984939000573217,0.0475740380389182,0.05448933058422468,0.1623639047896568,0.08438007721771623
0.025347779309288453,0.05349070292626531,0.054588293541037655,0.019373238099714005,0.034395527359085125,0.06347215910519088,0.018103940282127147,0.07685941619244226,0.09261827337578922,0.10712072422471247,0.03874951108287462,0.024605123306057325,0.036255796980647945,0.03889609023983942,0.017283189005961864,0.044697721254765566,0.02772483700159325,0.015123566106693322,0.02595354049978208,0.037319708579854116,0.05022803343856307,0.028323152062722987,0.012289521666097541,0.046269151904201895,0.028404569941286862,0.040835545723509316,0.018828793433367047,0.08468579939930461,0.061291466700321554,0.03430524099221656,0.024199113567727193,0.028269211725966994,0.026201814024155244,0.0281277371471487,0.03281677508730269,0.03868817773831768,0.023441784907298806,0.030726176860013374,0.05197576441684914,0.030897214251918236,0.027330942502086286,0.06792970586086577,0.007200639086179976,0.020812318540091235,0.023813011784224902,0.02737094054986025,0.06013611201721312,0.03102065094424161,0.05983762754919431,0.04947586975614579,0.04004202394617487,0.020074740200843964,0.038383313137806165,0.03381782641446122,0.04940375887441209,0.019805081544696127,0.026117998421437933,0.03599485023651935,0.04159935407602027,0.04888767449561261,0.06486687116110458,0.024616587471823242,0.03069906710756332,0.03048715112895899,0.021914913572764528,0.00896682214798433,0.04441146802540791,0.02720428283890209,0.030185695213896253,0.014486855428063041,0.04779067272621441,0.03860240746869031,0.026038896161749883,0.06841087903735531,0.04182496253855185,0.03397552419216032,0.07395856284246614,0.03166911804514192,0.025356437711575763,0.04154470819274991,0.018885764017863748,0.07180316899793293,0.0576317145445,0.026836642695261346,0.051003300091191264,0.08175566619004469,0.03216682330275427,0.03378576779003272,0.08941455959766045,0.04121680787271886
0.019737392800443627,0.04553460230662767,0.04333983561764488,0.04438961514554629,0.03247109080930174,0.04385902960739582,0.0185127261929731,0.042272139606726315,0.05986369639887519,0.03874951108287462,0.07222574481415664,0.02037796827422691,0.02996444524433129,0.03191241298451117,0.014088371391880189,0.0351086035818993,0.01427153752648005,0.013388468280949486,0.025172459487203456,0.10131706756942474,0.034067625292722406,0.019671233935623,0.009427768933858952,0.041805627908062415,0.015173482639046118,0.03691936839074759,0.013709024192712166,0.04798991296528412,0.04858181247034795,0.022201930321583505,0.028510720409702907,0.03254883010846687,0.026999285727880986,0.01936828851238232,0.025257331021457656,0.03908282512119768,0.015605930861416314,0.04121496273944266,0.0329530180123215,0.022658535945039686,0.0261462273014165,0.07577328771837405,0.0085165058688787,0.01521928987116478,0.019167022992494277,0.037917528110731256,0.05572657495990881,0.025799507751639722,0.04525748848152653,0.06409218992469147,0.036170080293836705,0.020529880134652675,0.040878139502976536,0.0245025381683081,0.04149671045797451,0.018967980882827657,0.024004275579120434,0.02803409641723095,0.03051681610940971,0.03665823754015202,0.04407428019252306,0.024021625520527667,0.03754996696417123,0.020224345919988503,0.018875284533100473,0.004050805455831455,0.05916719491250913,0.02417820803255187,0.038869533320598754,0.01157594223925207,0.04280686395988799,0.01415959090579747,0.025940857788304707,0.05589544154701449,0.04745480352574665,0.04483025683863721,0.05795611643673,0.03304900036178273,0.03505285334399029,0.03100453986641829,0.014646127647402299,0.058965807225790666,0.060157396193841486,0.011799105165176633,0.04933347878266099,0.04789677268523341,0.026435411286245117,0.025225827714226785,0.0876835287185707,0.054219201819467794
0.011135648069436501,0.033550716178284146,0.004937642489960316,0.030484746083010713,0.020038181233783182,0.02495689062978422,0.011088733981148041,0.013550636199846625,0.034083892125158485,0.024605123306057325,0.02037796827422691,0.08849530513161706,0.017885327048654705,0.01568618459276007,0.014291186878662595,0.025729918942078846,0.01189257681843532,0.013561970605981964,0.021276289230867124,0.05813414360879302,0.027611809434581365,0.011995373264612369,0.01335108442443218,0.019704101212738315,0.01743192110179563,0.01845225737590307,0.010551096515385935,0.015992722920930746,0.03308589752668586,0.02152164115207904,0.015732733576017576,0.015162455511085283,0.012974560698961959,0.014296431820992045,0.005026348573220647,0.025064082941107006,0.015748282176144174,0.022968048415446796,0.03774441952307829,0.02453260245993531,0.011027239844644939,0.002613645692249102,0.009505320644551184,0.011214647103151261,0.021060237215330995,0.02480411236223424,0.027428475693450825,0.013737911492881274,0.017001534586111526,0.017583933488739004,0.0330670635804679,0.010895836477750989,0.02719877714609122,0.01652660760474637,0.028259977077983608,0.012149445467250362,0.014924019771025093,0.01707955002900592,0.01416727405170752,0.01990457854812976,0.021116688364330536,0.015346185061595827,0.014929187712967385,0.01908984197365169,0.010917242194005933,0.009493210654908369,-0.00024978278165475317,0.016805756367963946,0.02787035363905,0.01018797632009531,0.02463536627080973,0.01582907701282974,0.021878740884930626,0.03731374424888738,0.025739055834674326,0.034811919071531014,0.04510972319987282,0.01838341773814625,0.009424815305305312,0.01396280395255661,0.01111269669464013,0.03761163987029417,0.0448865291281435,0.01253913351051264,0.027279002627987353,0.030131593158188065,0.022161610875274962,0.021845480978591812,0.05318729846772271,0.013649158978501075
0.02272672242218276,0.04010513393358989,0.03326623784585724,0.05125582549680354,0.03182124122392471,0.032601677788961184,0.014849682873227903,0.0339989569948194,0.040460005697941025,0.036255796980647945,0.02996444524433129,0.017885327048654705,0.10779992974368498,0.03634923614156556,0.016487288487778935,0.04219086746310734,0.019001083768157,0.010980764677328671,0.00818806783438712,0.07537453829322445,0.03223944194918614,0.02786400620297854,0.006490163507967123,0.02774949063041489,0.029477048080203582,0.02717355969991239,0.010029164940008746,0.02997241654469133,0.04050687927341038,0.032922577915383305,0.014898642090722955,0.021096244189758646,0.025186724629437662,0.02137812549997434,0.028203373427179625,0.03539900067245263,0.014194078040014156,0.02814154910337062,0.016752373121024844,0.02059880522964085,0.02176188119596853,0.06318533211408017,0.004721783759130443,0.012473689399609782,0.014953257472112229,0.036973903962732244,0.039702163440529556,0.03099765313121796,0.04018560386333676,0.026682676380717234,0.023394472792188446,0.01633071049641095,0.03542788540351119,0.02582543262693726,0.03625022947875675,0.01924460830291785,0.021612824288959987,0.017557192500022842,0.025672967182988452,0.029458391620171456,0.035347219138866584,0.020415426642386096,0.02379175989280607,0.013187781238546794,0.02138251269133846,0.0034363835068056464,0.0275785773295687,0.026742252427652265,0.03410551950731936,0.005480237265223602,0.03754648435301423,0.016071278157833543,0.014362838170099935,0.03986495148588513,0.0367528851362383,0.03879090626068748,0.062367107480972614,0.025863848014526104,0.03308058114031192,0.04264571337427891,0.009547506103918975,0.05285176444331742,0.05439772486565936,0.02270084143099522,0.03362211896742479,0.0393289282172218,0.012705317274291875,0.02862733351249237,0.04835770882834227,0.03479737102038431
0.016896537381613515,0.055239170026514024,0.049523268373905194,0.040067990140971316,0.02132276572771789,0.05940122425024179,0.008546039166464884,0.03391709142569522,0.05365095874838222,0.03889609023983942,0.03191241298451117,0.01568618459276007,0.03634923614156556,0.10650329770836274,0.015925874310702526,0.041543853320117514,0.028459846780361685,0.007586057048235717,0.019594398606365363,0.05379000680021673,0.0404759836972264,0.028279316019684777,0.009969671971208434,0.031218892667621515,0.03183161149937958,0.035258248437731544,0.006717281548183573,0.05699971926522173,0.04791123433533921,0.035472600816596235,0.01967548782456842,0.04148384252074176,0.010928307107043114,0.026900905586543282,0.02532263100947216,0.03930616036448804,0.014716404521655058,0.04800058528292775,0.040530003728460905,0.01870137600276722,0.018810621534596263,0.08907437589969631,0.003509925007703148,0.010407527240405726,0.015896858732493288,0.04583281187257309,0.05274397383856481,0.04322331586930339,0.06168733638608783,0.04100043135440776,0.0249628263696653,0.014890998886055006,0.03834683623716037,0.025907207968051585,0.04754210522585303,0.011583960821485464,0.015236119873615298,0.015124654511713548,0.028591227395937713,0.04531005728456383,0.04426501946535336,0.024594569654617166,0.03256735189105641,0.021621673344281497,0.02313925328980981,0.0005794479318209613,0.044767818347943966,0.02298494104094894,0.040286874092256654,0.010651012983924825,0.03824811269898387,0.012704656298452525,0.026645211662671024,0.049906917536091895,0.03392778450675137,0.03967185031915,0.06666778759039291,0.0282157024052635,0.02898254315276603,0.04136260363789328,0.01292596272221105,0.042633068627763684,0.05087281854832281,0.03195703760218229,0.06111166330573711,0.03251071172519658,0.010068333613798502,0.03328407899754816,0.05616432501221305,0.03696189483989301
0.012502219495469716,0.018507711376516328,0.02266392642717313,0.0006307750196365194,0.014242820301580549,0.021293315057324597,0.00691734269626976,-0.011201903038662907,0.014191420619881904,0.017283189005961864,0.014088371391880189,0.014291186878662595,0.016487288487778935,0.015925874310702526,0.03779196469197726,0.011744664255370388,0.00964221080305406,0.004863142300827014,0.010586584954719133,0.0346931236363023,0.01151570515947287,0.002868849455919226,0.007890851214301088,0.011417730980302247,0.013087481675943759,0.014807791258940188,0.006427301385376964,0.010986590802411846,0.012534478041684003,0.014643861518708005,0.01115353763721538,0.0028057395682409524,0.009251627353553326,0.004579946292932726,0.009930192202720303,0.026263478237952356,0.00875757110919579,0.011803110789191084,0.01027232756581,0.010187413436055903,0.01168534779757413,0.0060176175761279,0.00505384968511939,0.008383176857370766,0.006676239672982621,0.022917585801551735,0.02325974302858588,0.012663223279623789,0.004099682743182191,0.013082255822243278,0.010885968512193523,0.008721856725299957,0.02214676905245158,0.007957851459597046,0.015146369935405241,0.011480716861036062,0.0050916859950672876,0.004502014048172999,0.01716200853833581,0.013990350415009779,0.01614597164913641,0.010223095271753897,0.013801431892230114,0.012449760850841518,0.013878816366981702,0.002817863219712011,0.014933617456939477,0.008563415380095732,0.021910311989453653,0.005880045506041461,0.01628331905485725,0.00734961428036795,0.00029654569706784263,0.02434682724712856,0.017104532267039122,0.012976849162063011,0.02824040470377148,0.008194404417863982,0.011856092916299635,0.010150229708246817,0.0071076312499116015,0.02103409229090872,0.01297676283813262,0.017673432019032386,0.01840812340927893,0.020984315496865778,0.009439977997785544,0.00867564121872311,0.020969438346089768,0.013834232268241082
0.022335155877053255,0.0557235861485665,0.039007436870232635,0.05427232390894142,0.03195917172492443,0.05421552018773882,0.02060445640877249,0.04935825237018033,0.0569215815199753,0.044697721254765566,0.0351086035818993,0.025729918942078846,0.04219086746310734,0.041543853320117514,0.011744664255370388,0.10786013911036586,0.030596646101799817,0.013298930874612843,0.023246830412566626,0.053550641899911634,0.03187582255637734,0.038152786573692525,0.01562537348670415,0.02924273192008855,0.02507659565383733,0.03681625551606946,0.011992198865672805,0.027528593859318613,0.04410217212413156,0.04817758993995084,0.023726779219893596,0.044265013476398773,0.019904210701636872,0.024449449595432757,0.032296861454690955,0.04479132405455543,0.021720887638280235,0.03787358212033365,0.023191723691569154,0.031185329186015014,0.020508764154802822,0.04848145978659776,0.008608036450238611,0.014014445923006505,0.023387611550351864,0.03626465996700751,0.04487975926626294,0.049477097577254645,0.0359093416387231,0.026667160302016983,0.037423850665638955,0.012790730588011334,0.04450299620890874,0.025318815082932846,0.05910298965721762,0.01752027092195852,0.02153152822299541,0.023104635043477498,0.02882310220806996,0.04779881472755541,0.048948726730226606,0.0343970274730978,0.029361074493900297,0.024216482005075528,0.025559230191467035,0.012174580573535139,0.029143244947676235,0.02679654591591195,0.04117185117662542,0.005373059073462565,0.054488251135115816,0.02244732063352336,0.02562609760934737,0.03621958203976708,0.025702677831972845,0.054910566080706075,0.06755160513452779,0.02386296188275815,0.025328952539449594,0.02585025294622788,0.01439851445989322,0.06950603730598867,0.07753915935901304,0.02053028415546538,0.05127952821765895,0.029660940221096544,0.02772608719687753,0.039638473840988654,0.06574546705165268,0.02738560126235917
0.013926602586801964,0.03946984111042875,0.035416924534151094,0.02697457566973955,0.01701608658249787,0.0191272336928434,0.00991710353817717,0.040543984322311113,0.03739218679432468,0.02772483700159325,0.01427153752648005,0.01189257681843532,0.019001083768157,0.028459846780361685,0.00964221080305406,0.030596646101799817,0.09901199905155447,0.005486177114800799,0.0041489678208429075,-0.0009444805029192381,0.01978438604661702,0.02324590485200997,-0.00042318504328371886,0.025502391486876306,0.030369168151542083,0.027424368728186318,0.004521551191295981,0.03338885574096732,0.02872908348178959,0.025020548959406627,0.011660405395428989,0.02060262453432542,0.006676317253873049,0.017322475122915047,0.01817751977811968,0.02780019699426033,0.011243994020324354,0.02542371214023453,0.019096259925930257,0.012331661077554122,0.018847220193528316,0.049092893573877965,0.0012818835597989122,0.006155003082321589,0.01617616929576546,0.013373438673685609,0.034251712247138404,0.0325831665323657,0.03621159715619372,0.016905181094662793,0.01950948168297236,0.0050006319638595115,0.02445840227719715,0.021227550271498176,0.027915523078836317,0.0070566842856836206,0.009658600167300352,0.01678281988559641,0.023409531423959688,0.03792372556482164,0.021829113210035007,0.019162176470403608,0.019763775003940776,0.011421541949195714,0.016419179570143792,0.0061749792660339906,0.03182293757406506,0.011536216163989003,0.01921894615473838,0.0035992433470235017,0.03379578475328153,0.012521392164256554,0.021896944445479172,0.02991743534690066,0.02445609920464854,0.02321893723322245,0.05261503767719719,0.0195618407077173,0.018639723516617572,0.030087465831329957,0.006271630280484159,0.038908524286050856,0.038118343096332365,0.026824743521152897,0.03591414608371863,0.013976790337169498,0.017486837427793354,0.024439348634640094,0.03736282379890081,0.03492055532782844
0.0076709526868177155,0.017563599598116306,0.016459874796938473,0.009354385781624213,0.009842362158077224,0.009261119272212855,0.011342567088278169,0.0014130644481875926,0.021925265117924052,0.015123566106693322,0.013388468280949486,0.013561970605981964,0.010980764677328671,0.007586057048235717,0.004863142300827014,0.013298930874612843,0.005486177114800799,0.04022153263803478,0.010924208165981261,0.02804878857726124,0.012326937292840023,0.020640415731223927,0.015365457003284502,0.01653067458444436,0.012377489855124116,0.010561479066792993,0.024409810473228852,0.004412648860319485,0.027421825401016228,0.010772427873389192,0.005125344675981478,0.009757951582321232,0.005744463317443976,0.013670169679632133,0.006700145567250437,0.005363164296638114,0.014120903871545519,0.0038200042849924937,0.00922855018464028,0.01364841923395279,0.007928946788620998,0.01962950391682616,0.01131999415440989,0.02601410080127268,0.009085401402734446,0.01305794567190632,0.016524966817705423,0.005754394057295986,0.011539965063442709,0.011922793551002057,0.012826969177287944,0.006754749588737678,0.009478843865557769,0.01912875801988725,0.015955205732511874,0.009657708177196618,0.005201756855455435,0.03213213002884661,0.0073559892868056,0.015327801203699075,0.01745550493968632,0.011466114779512447,0.010275489248654186,0.014337031623200899,0.009249171917376321,0.017111415483459038,0.003705092711591288,0.014436477937381766,0.00848816440273691,0.0027402285676182956,0.016629733220338234,0.013053415948666635,0.01602926685200632,0.026235284481965715,0.012135746463356654,0.015401064482918872,0.011402764155239366,0.005432750651988895,0.01220385511522093,0.01842230938949314,0.02357059275526088,0.00996055605167247,0.0038901592539684017,0.011096271006896908,0.005306553183675711,0.015430903114612706,0.013024301804806411,0.00791628873680785,0.029363856122330438,0.013310728451131723
0.010703818842765257,0.03180191730231678,0.037507068486755495,0.03851472050852098,0.017613474407582437,0.033194933066281844,0.010624410256482052,0.023503297714567887,0.049633836239505305,0.02595354049978208,0.025172459487203456,0.021276289230867124,0.00818806783438712,0.019594398606365363,0.010586584954719133,0.023246830412566626,0.0041489678208429075,0.010924208165981261,0.06581800053600623,0.06215237971529717,0.024670332315192455,0.011166557451171313,0.014410233445825867,0.029224300037562864,0.01703265366266844,0.022446603352497325,0.010424651166815813,0.03880066252577311,0.029980705092077266,0.014878146965699965,0.022692230908084504,0.041043849969358205,0.022836256134736187,0.024624916600816806,0.011855084604279116,0.026083977609952683,0.022714969227737684,0.013362495877340359,0.04212007858238343,0.020640409475172265,0.014507654814663743,0.014797842757736395,0.005143730403990218,0.010142951814861495,0.015595186914951072,0.05384988685817916,0.03617628341212059,0.021460085928753033,0.0402600977970521,0.028894519210917024,0.026422973528980584,0.009846057951750694,0.02535240169013444,0.012226356821780306,0.027943311925747942,0.009443809936844077,0.011653809001399795,0.02315183413984968,0.014871950409315606,0.020544707357261213,0.026566335758861213,0.018505478658391413,0.022475927782348592,0.015628210005917915,0.008575875483716619,0.0028665794268375685,0.01529419258390054,0.014169431549076501,0.025961767541976714,0.011668666245980355,0.035145976405655706,0.019275660341007382,0.02028891158466766,0.04232795938189529,0.014842115784574268,0.034230472641084045,0.07745200803551651,0.02933951081578452,0.014679903968355343,0.019170278200728478,0.013893306235916414,0.05444993894676588,0.05828808092001787,0.015555204111620823,0.035272376614631624,0.0344465187935016,0.021204256049424008,0.026986373865087204,0.06289229275919599,0.02670914743772691
0.047320789750846685,0.07857902288811833,0.12159002969736744,0.1322978371144429,0.04897509103437207,0.12822420278186744,0.04370697916323643,0.1222524653877483,0.09480472346192309,0.037319708579854116,0.10131706756942474,0.05813414360879302,0.07537453829322445,0.05379000680021673,0.0346931236363023,0.053550641899911634,-0.0009444805029192381,0.02804878857726124,0.06215237971529717,1.0532890355354305,0.12883396438142464,0.02833610517802515,-0.005449318750662033,0.07696556809081852,0.04523742967423609,0.050174045882615016,0.02054270696697399,0.12621414350325746,0.08761639453902628,0.024887311938115053,0.04583906352456197,0.056128077121492474,0.06798067382428315,0.048188181899712336,0.03905549392458185,0.06267691320934564,0.014617591589649094,0.03641363171814673,0.07171524695392971,0.03761901606129521,0.03917844338439037,0.1554797427454674,0.006224608356140566,0.03660983527398661,0.041945943031974076,0.14186815311932302,0.07929049006351818,0.038474801906362995,0.08463447820655942,0.1310672598642655,0.061485562723980515,0.04139126616209162,0.05519399774062964,0.04399596440965052,0.0698067695237387,0.021450563350475647,0.06642055816251384,0.043416230445863145,0.047003853647317864,0.061620558379184724,0.05881279017755718,0.029968363545833886,0.037694031956262426,-0.0036816940413717456,-0.00097911577292335,-0.00818575163495915,0.07523223843501364,0.029139180787438178,0.04747490539824088,0.041432297324900585,0.04785298686280321,-0.003448023516694586,0.0832946682496917,0.13763237359887986,0.12999620467675463,0.0798088840049396,0.20559100720434664,0.11716707833084504,0.09306481988671425,0.04769737958220167,0.010996019369758006,0.10632614448945091,0.17922687328724016,0.08489100699090138,0.11957131583304213,0.09976869854946717,0.0361265971396674,0.07355849018953577,0.31817417224226147,0.05141591114932444
0.006675922794566151,0.04321335145339343,0.046022954192195126,0.04832877237999555,0.021249268496253384,0.06421877916134616,0.023748669569953623,0.10909578619105281,0.044217609759997334,0.05022803343856307,0.034067625292722406,0.027611809434581365,0.03223944194918614,0.0404759836972264,0.01151570515947287,0.03187582255637734,0.01978438604661702,0.012326937292840023,0.024670332315192455,0.12883396438142464,0.27268690579868615,0.034827033708069825,0.01583431901724166,0.041144434901890875,0.017320512735128055,0.02232512602222648,0.009417821011111615,0.09176657925670116,0.05602937585030586,0.019798737503182093,0.01505665753312681,0.013338762060105782,0.017941066028389293,0.02450640476281619,0.018350892732684174,0.031095838779603823,0.01436275132654293,0.02943129790542254,0.027730800533096865,0.021893554588118043,0.025489990049561467,0.10289744214497427,0.013756902501580364,0.019353940250219165,0.026823691135314173,0.040623290855792867,0.05166473053742174,0.03526257083016535,0.06130086701712098,0.023482209259729915,0.04257964711589171,0.02283432798988285,0.03040267740922624,0.03232786479622119,0.03931349992948544,0.021339012891990222,0.02902633918309899,0.03438086478091952,0.021706850543485923,0.038185164213553335,0.04625299668930189,0.019435764431044337,0.03375175389246866,0.005809608071924804,0.0034098141179581334,0.0034678099922141256,0.049427304742068016,0.020868976242060685,0.0215371481237382,0.016966060990458085,0.036150722293757334,0.05505390207229789,-0.002899920878639874,0.07454440873683253,0.0535279149217083,0.036129677052144316,0.05250957293730547,0.03223338510523814,0.017865882962105492,0.024377134650560957,0.015185585054702492,0.07898147529038471,0.08500504711969334,0.026977394864316922,0.06566329959961573,0.07770413696248549,0.029437704442758204,0.03270227965572842,0.11532963606174085,0.040544120671597135
