0.03691534278099982,0.007896100697414367,0.0212597207081171,0.010853400892847651,0.01596668221663196,0.028856469176620575,0.02093707490339216,0.013973668380915667,0.016689471949071413,0.013982695660405444,0.01891199483819978,0.00787747615835348,0.014182768012536623,0.0047527154308945364,0.015106625947060349,0.008649421699792735,0.01034059929751799,0.014589788085906627,0.02377214623972467,0.029772984379929743,0.011199358338636806,0.013465760842369775,0.00886863825442369,0.018278264140823515,0.016127130251979135,0.023050001026055412,0.007901051674784516,0.006490839315867759,0.008257753614594571,0.013528277280779846,0.009786956499623618,0.00885042255710795,0.011005739919114445,0.018293913730016334,0.013255255009094276,0.01791520122788179,0.011361670725853219,0.01509900075718017,0.014526506241968305,0.014909249060514638,0.027044238604514614,0.011712909068552626,0.011940118961742963,0.010904342485727617,0.012687438289506187,0.01893344977274859,0.016503858702986783,0.012431578374894628,0.015800832364728404,0.01571208799030135,0.009311715825743399,0.009335239928468745,0.012980455153489086,0.013602459374152436,0.013407615368551755,0.015431443228963814,0.015091626129345765,0.0146249496131078,0.011562071092891679,0.02598625077229295,0.008283244726365225,0.007618502086060438,0.006189909315679444,0.01734965429306722,0.01969780149357881,0.010240671697910158,7.017627669331236e-05,0.012864627641078229,0.013739437007905794,0.006689591900051962,0.020742788236758403,0.018224648706339157,0.022612325024233288,0.034149190281340946,0.029260753714934275,0.011558313421332575,0.014936729463418074,0.015880752533138066,0.016984677161421508,0.014161715448508748,0.01395969085095841,0.013807392765889494,0.014477656615278129,0.009451662659792174,0.016056961057343975,0.015388276265593442,0.029154534141381687,0.005992086023506852,0.014260270496863627,0.02122980942202466
0.007896100697414367,0.31432015569967214,0.04376874053777539,0.026679317928815453,0.06979952651178696,0.051986664878759796,0.028638041517615443,0.04521701630721987,0.06567442173352155,0.04915120856362002,0.0756743526081952,0.018999579599731416,0.02405636660280633,0.015617884138925052,0.03508660275992686,0.04346446359289742,0.011989123128126998,0.014823693955729281,0.004591817425915359,0.017489000086771365,0.07014273575607669,0.018929850014540273,0.019399227168424783,0.05169564251452107,0.008540538272261332,0.007371377499258805,0.024231849023956285,0.0598832500204897,0.10304358896038253,0.05112827835138342,0.03213995815590326,0.03573706660164606,0.021849199077829534,0.004449576405375632,0.028445104223380667,0.03953819460670996,0.061972915492154466,0.035844639678617445,0.02359705223038097,0.035082629118652356,0.03796151958037805,0.03009697422385367,0.016452170722267692,0.023470152226371183,0.013028700535387107,0.058724123598990395,0.022063463028131457,0.05304838053246629,0.04124265892761082,0.030442404471407645,0.039261884607281076,0.04537838419411889,0.009497915793126052,0.03154571275869774,0.028755535417238746,0.03321095351495849,0.061030306412390864,0.08679079500901281,0.06192242535448698,0.06315781562432062,0.06691849310301962,0.019302468073815374,0.008199856658275918,0.04223744426428867,0.08172504464984033,0.015892864256331702,0.07797165794120522,0.029251774893346245,0.051006543770144505,0.05597763977717177,0.11760541361090314,0.029133758129753457,0.025257100637387224,0.08957119063026248,0.05653904546250141,0.03695187640722704,0.010500268647408339,0.03891245294845852,0.06355838438853789,0.023893630897353954,0.005093502431611894,0.060273070149582955,0.0421527346769977,0.026563201895264704,0.046476763486538064,0.021144955413596005,0.1054738723088087,0.038526607529380384,0.009841093827406586,0.1287416071815903
0.0212597207081171,0.04376874053777539,0.11563250157314076,0.016945782858655542,0.043836817804181916,0.05159920047756939,0.02825849400059512,0.027554915134259426,0.025774795628411354,0.024768277267941525,0.04297663659029978,0.02634054924044619,0.02066012333382231,0.022979782737278364,0.03368040149305263,0.03445686214463979,0.01338621166830302,0.027534349891717626,0.012423287647085154,0.05751169371459661,0.05126243679365761,0.008155066337703236,0.014020558185955814,0.030820340597760364,0.03242606892673291,0.02218610318303861,0.021923295242709827,0.03915035319873283,0.0390205632399245,0.044300245249346754,0.027669820825573805,0.0107463618583096,0.02749966730319738,0.021595591797586848,0.013250803454295067,0.02688223178453401,0.03171322934213839,0.028844777803116894,0.022133094393170474,0.034579047975018234,0.034029475063444246,0.039401486592599545,0.011490490203704348,0.0174400932815194,0.021810374714198277,0.04904682739338476,0.01799518454519469,0.0392351066690224,0.031191160652107863,0.029670125948573614,0.04058070229965001,0.020508683224648855,0.018549523274594075,0.02482241857555792,0.02751158261746268,0.017325088398347788,0.040715142832111126,0.05463310874294932,0.036589677515488,0.03824810916783783,0.030489153758634688,0.021659963056298963,0.010087440309899286,0.03217963700567546,0.0613334735889621,0.029475418224044366,0.049431407237554376,0.023669510600322633,0.026698385955928983,0.02776258313813289,0.02668847127879557,0.026622240385727997,0.033692699339474205,0.06105330296032902,0.041185655969187565,0.03529514379008488,0.011953944870799354,0.033449570074407894,0.0519283329389248,0.027214943555672323,0.011108369926927006,0.02582741729065105,0.025532313527562824,0.02443549168640658,0.023163879274912556,0.01769617241202312,0.04472800507912552,0.0272327184464334,0.010440562582493295,0.03886216360030751
0.010853400892847651,0.026679317928815453,0.016945782858655542,0.06710510399738243,0.039160765361071645,0.022746050974226523,0.015077519174976121,0.0198589404732644,0.033432492289989534,0.019932408075112585,0.03869834408158935,0.012290820758697552,0.0025948643886062974,0.008332740486559919,0.03239979119629969,0.041381204107880626,0.006516394758267802,0.030416394605924917,0.00964442051008494,0.03011607746440444,0.02380698432819716,0.0035177051913229144,0.012790535982517918,0.020223649441140638,0.039595508142988144,0.00818750155307611,0.01877242128537337,0.018976506838111508,0.045151215704336174,0.013527475144038835,0.015207350401568552,0.021799467661763147,0.012583058445339213,0.007529364646149976,0.01687390832239233,0.01680903171747167,0.0536234568587783,0.028222238964296816,0.013445357966124725,0.01481444887152683,0.028268132547701882,0.02374863173107493,0.012653573678832429,0.027879965400439796,0.004571448799599394,0.02963430368045766,0.008000267615171981,0.04401549389879395,0.020825251799895413,0.018674392448924194,0.011238386400423742,0.02156642789615856,0.0013961756686728542,0.01245919122239267,0.015556583660207436,0.023088861039120404,0.04298976162643549,0.014538783690119522,0.020215788833086692,0.003156790184144914,0.024037153740355897,0.010705975854484963,0.01340174874488651,0.01947299736162703,0.0611427433955573,0.004314394169512878,0.027870120314493645,0.016964535345988168,0.011559750883371477,0.009308460330474591,0.10322281813619236,0.016031723972311587,0.023329602949278074,0.05520705810824702,0.04257776434291193,0.014067111515177573,0.008045877084001599,0.020515682520010636,0.031056289139628875,0.019951602615419287,0.003681626066228103,0.020328622210394828,0.01192850020289253,0.014532833325141666,0.008674970644074288,0.012121387363489673,0.0457290960989905,0.015977032041116012,0.010916174018278782,0.0214357159056038
0.01596668221663196,0.06979952651178696,0.043836817804181916,0.039160765361071645,0.3582764292292723,0.025911244761991113,0.05602114947874311,0.04975323748623685,0.0723276448690659,0.04426885501405014,0.07094477798513385,0.03589883545018532,0.04270468863096368,0.03281196493715845,0.039644950083308775,0.046433143735088174,0.0036341416522863938,0.08303835217065143,0.00524242137452123,0.07237620782131994,0.07049856938256037,0.0059470199298955065,0.025022789047718135,0.05091164344702747,0.09058381130521849,0.06880777780654292,0.024498188667941023,0.08171319023491407,0.2579272885814046,0.10722669119399314,0.05307474018946104,0.047254234365575395,0.050364501156046466,0.01665237796220194,0.09135924414682747,0.04578989350905596,0.05501844985801085,0.05552547585521476,0.025802384824389214,0.04158600768092764,0.052545666612942445,0.056387467424903595,0.050932734838691644,0.0323495359525844,-0.003560172536470822,0.06086710843851536,0.018502918547209674,0.06451966205091603,0.04713844681698399,0.04766775731323969,0.04201650467614065,0.06483778262860644,0.008830024294605705,0.03178852926249276,0.029800184257551713,0.013766919376768166,0.04871868647861994,0.17529143402311845,0.06326074675073169,0.05654343024763579,0.09701968522220632,0.02492487182567379,0.021969390864157962,0.015368377525180036,0.05728830447035326,0.014762689813334732,0.2449175504063251,0.03978732256610515,0.031172117675995425,0.03533120892555615,0.13734451359987201,0.022386772607282817,0.06631482238359131,0.06926879090016001,0.06963364810982686,0.03762648429128106,0.014679017354181888,0.05568234449631721,0.06464043527272649,0.05011951775542852,-0.0014533182223757774,0.14003676577376217,0.02873007491565685,0.042444121861310094,0.062287281582292346,0.013335391686439282,0.04617031692659581,0.036206678858645425,0.001951796917336957,0.08381938398397704
0.028856469176620575,0.051986664878759796,0.05159920047756939,0.022746050974226523,0.025911244761991113,0.37204827434986787,0.059098288543688655,0.04354724572929015,0.03571772091482468,0.04402290545004117,0.0698342027497477,0.026577662614142336,0.03968206036430689,0.02616458473726831,0.12137790530675642,0.059910787872772486,0.018995928433829152,0.03904043235646272,0.016459874796938473,0.07766291929775847,0.058006698375712276,0.01061157508740154,0.015598477182500757,0.05755140521852724,0.09612210612091336,0.02897901856392995,0.026330618077592162,0.03907140577895042,0.12618247054427842,0.033717365218914094,0.04046320280242455,0.023018768739107794,0.03249334256503672,0.016221679079456767,0.055374974752603535,0.04483049854384701,0.06589461280488788,0.050415338513658654,0.023077397605749336,0.067970116626401,0.054069888828727,0.04938671994581923,0.03015623068163566,0.016093689942363237,0.03650155747984691,0.0649525432178753,0.022518341110204843,0.06590092374824551,0.05300139160943594,0.03808851163300808,0.05275665673324822,0.04453426550869894,0.04381862267049322,0.032512002654486206,0.03150065409721192,0.02575472946591836,0.05877368622647369,0.06303390498235392,0.06309784071658842,0.055057749724765216,0.05839517491179112,0.03200540218950215,0.017108703539409235,0.047463214886529895,0.12239250392289869,0.05714907194721646,0.09007477171106565,0.03006131864230711,0.035538557393436504,0.04034373012847273,0.12169761242794086,0.11180300419355715,0.09104388337148313,0.07637025319832376,0.07496844242376755,0.04173749709541681,0.017919677790191543,0.04016143041617519,0.08628472716996284,0.06602096301170987,0.0037948288423145593,0.06794928266462644,0.02914571023241754,0.03676857025033849,0.03950757204883794,0.04287839898201818,0.11913748937816449,0.039795562802656136,0.00848413148615999,0.08628214665630005
0.02093707490339216,0.028638041517615443,0.02825849400059512,0.015077519174976121,0.05602114947874311,0.059098288543688655,0.20724815009090825,0.03431904259322129,0.026657124721354366,0.034064126292637276,0.07983516695788133,0.023706936579644858,0.033902554096433314,0.016613757208490582,0.0830144542723797,0.02004173789847933,0.004959462498780341,0.10694923495488409,0.01739890764279779,0.11098805565741843,0.034286797285656936,0.02126611557931648,0.01875811465715137,0.025732420345490312,0.0674592423532182,0.035720933268969295,0.016990219292313414,0.0284762463763117,0.05965007187738971,0.0586814029509944,0.03427352480893226,0.012903275620872807,0.03209319215394816,0.027947662436323666,0.06098449332612518,0.030829216407570147,0.04183913087374337,0.039255017815980384,0.013419860839172973,0.03804340247496383,0.031831358510604736,0.03777530643221584,0.02744870366377884,0.01199594630415847,0.01899745561305853,0.050142560875884284,0.018400174564212918,0.02773152305709135,0.02418979122772575,0.02687293445545834,0.021485855508403203,0.030343341542103337,0.009207443828834904,0.026815644811968586,0.016332924954385195,0.009316345393269424,0.023687541079767057,0.0815925571441913,0.039579471833102946,0.056730288608200036,0.05993020318227286,0.02317152393715489,0.011552967644805352,0.019182629853710758,0.04647754668170565,0.00588340842123763,0.09405418188282767,0.008729602420467147,0.019898230028762228,0.010474265767378725,0.08025613982772228,0.05892454479448193,0.041216168158259466,0.06441652393924423,0.04205167746408189,0.032595500220613194,0.0076868100501313276,0.033891785968570294,0.019061162467959424,0.03238086602222977,-0.011512738842093867,0.08673249138459552,0.013814705735301927,0.024888710784324662,0.04477242275790922,0.008365846860082304,0.08570916473422575,0.02737985326168308,0.0034410365512850746,0.05261061833440725
0.013973668380915667,0.04521701630721987,0.027554915134259426,0.0198589404732644,0.04975323748623685,0.04354724572929015,0.03431904259322129,0.08763641916868424,0.0542403572885839,0.021401364705409404,0.050815457283953924,0.01789756903159717,0.030630839446497676,0.02169278839877333,0.03583492516256613,0.026907636025383964,0.011862670789907822,0.03276985642911594,0.01101909731175712,0.05073913231828295,0.04252569824077042,0.00859257492542306,0.02227187415201709,0.05836389641702786,0.054701821058674716,0.04241852898852585,0.025321758017336306,0.025772405109695952,0.010651599906673257,0.04554552162252635,0.028276641264349683,0.028919498874523608,0.032107041036693144,0.0221858302727063,0.019158060701330422,0.05063244276054327,0.05673079545066919,0.03687821903851864,0.01552230769008624,0.021266386882909376,0.0337585104237744,0.04538218052774663,0.01888113950495673,0.03084317061979929,0.019831507203717687,0.047513272879042494,0.023729083463130254,0.053974078087601,0.02331742197767036,0.05056851761930625,0.02797707402373286,0.04616296916268973,0.01802753823470822,0.04345843985054739,0.024145712769227393,0.017527465724372738,0.04737510976313542,0.05170943583956387,0.03883988524849086,0.04460489458697187,0.02963734013535689,0.014867108087352938,0.009675652823195869,0.04000976546948539,0.033867252693220176,0.0115942847941887,0.054669266326891994,0.02609818630233423,0.03000388305130221,0.037187356010211454,0.08491748849631557,0.022061938621437436,0.028549188477071843,0.07873675036609942,0.049938331876879,0.030306368003107386,0.017378223612125026,0.03433924828840244,0.028983446778071117,0.03277948464730672,0.0017461299890785134,0.04898862138018305,0.03013586640266828,0.02167136178147485,0.04348687028426909,0.02599204553470511,0.05468926658404024,0.026388984087116915,0.010592425588268539,0.0461524392492841
0.016689471949071413,0.06567442173352155,0.025774795628411354,0.033432492289989534,0.0723276448690659,0.03571772091482468,0.026657124721354366,0.0542403572885839,0.3262734817742493,0.02554178794630837,0.09547602175343607,0.03200059022670689,0.015649322142671132,0.021266999755485357,0.02147720505343703,0.0419060873692184,0.007156597459180638,0.034137045127824506,0.016004745926249776,0.02527326352955266,0.0594173288321871,0.033050967218409597,0.019733010639655112,0.07791413453615746,0.06493427547450091,0.0638504750816588,0.01563043418462721,0.009079959259363623,-0.002230946878702822,0.048437925728887304,0.019351986363394167,0.04451942377160923,0.01537726883476091,-0.0016944099115666965,0.015619773801329206,0.054018693668224246,0.08198063792802306,0.03933560068882086,0.02721243055331519,0.007612488931841611,0.04650560316023034,0.02679433698463399,0.01635860722315528,0.039434578900292235,0.018375051078297365,0.05903859526332835,0.020233573311340278,0.0899394628690328,0.03771604527606828,0.05603510672927822,0.01720321080897907,0.055624277835374776,0.02288508515683772,0.044582030208766894,0.030359299809455176,0.04151597412888299,0.0653008859955555,0.02027753189717989,0.05185485860137083,0.05199669321592574,0.04544228478066383,0.017985645881988654,0.010406990213845906,0.07129141801255696,0.07967555924916586,-3.625081850543194e-05,0.06419768164897713,0.015524469594888669,0.03767933457172676,0.05389674732113583,0.1225276542980713,0.01315087430877726,0.022133797163145355,0.11710464594795275,0.07182308622329521,0.01704994280710668,0.01796952545585076,0.041636235173628605,0.046261120080825585,0.0279907075949075,0.02562795392251546,0.0443812938398418,0.0486953276463423,0.019821511873227716,0.046121828530832715,0.043683229885452035,0.08624495755481107,0.02230444422597421,0.01523666323618476,0.091643802219554
0.013982695660405444,0.04915120856362002,0.024768277267941525,0.019932408075112585,0.04426885501405014,0.04402290545004117,0.034064126292637276,0.021401364705409404,0.02554178794630837,0.13427883207656421,0.028036964112423932,0.023954561109405526,0.018503625859532923,0.019084102126748333,0.06454538124631817,0.03730223874485576,0.006277424696222595,0.05573544212789933,0.009669108245219942,0.049265894925745055,0.04449951870394936,0.0027012243547602957,0.008928383818037327,0.025277626708679692,0.06132995461392382,0.007775651300670969,0.015351939233753796,0.05412619555222304,0.041011586872719566,0.03988414273469038,0.030047544472105007,0.04027637896984976,0.023955140774688004,0.005154814448102152,0.009870442762170348,0.01975292144274657,0.05104327471372431,0.026024430003318513,0.021346507647619795,0.018998550185371468,0.04268518472363783,0.033065179419200806,0.011552680216745548,0.017737217533542442,0.01688960628497579,0.0025519099285033994,0.013018718423611164,0.04071989649638012,0.025378983384358695,0.021290909216360586,0.020009094419485177,0.02470930959034097,0.015441207186563801,0.01705458688382268,0.024309421381301727,0.018336451724520607,0.033315717631817586,0.05183176788642144,0.04474175320350782,0.05189061605782049,0.06030348755540278,0.023469807291803736,0.01445016520102995,0.0368111652304168,0.10482239276797116,0.011592620322232986,0.053762214534773645,0.010569685203000756,0.013183109232520963,0.0035848336586875346,0.11306671535616922,0.03804380739820326,0.037393933114705895,0.07440878840942934,0.04775038869174843,0.028112520826818997,0.006863928763767226,0.02866611784695956,0.04590987026738776,0.031523897592730825,-0.002315930609675958,0.0440565452364765,0.02926537937189791,0.02392350801651406,0.029220335689550264,0.009932376781897699,0.08651619111857836,0.029060373665027034,0.00930106558965077,0.049414496082912734
0.01891199483819978,0.0756743526081952,0.04297663659029978,0.03869834408158935,0.07094477798513385,0.0698342027497477,0.07983516695788133,0.050815457283953924,0.09547602175343607,0.028036964112423932,0.5373384785351439,0.01853084197909578,0.04426944214323882,0.008028074053921887,0.0697667249021248,0.06742638722354978,0.01859733580989199,0.08627821747333511,0.014975870121838066,0.08645952238073684,0.03351949935954605,0.0040515232404047825,0.019029552934040517,0.041791113840024915,0.06459589118033937,0.04792569356544327,0.02718443493592338,0.008639368299976937,0.1536249788225014,0.11734917408864667,0.02449782403615008,0.0504539950602308,0.02247144113994177,-0.018215361031500996,0.051118734425404204,0.032065468214944944,0.07796565136989253,0.056833225839847505,0.02562072457645669,0.022715660864103437,0.04023233074311765,0.024217578737100346,0.024441457103833903,0.021886629095039627,0.026105077968480977,0.09041458130539153,0.023370896322129707,0.11100936875094913,0.02555438142697742,0.0342431934973383,0.017501225834870075,0.057644728782057335,0.023348179692551024,0.032884693560090314,0.016178784548439885,0.025797336644787155,0.05845703874455014,0.08400686997897917,0.054825596597547134,0.041222867973914216,0.06336417312562193,0.015720731668884286,0.02455410457728854,0.04368315766122505,0.16129470285577624,0.008029737899974588,0.12976740780294918,0.03250429056151778,0.03282182087002734,0.01687999059328617,0.1735577549635057,0.06477719142554263,0.04611166732128333,0.1340252256753677,0.06660635239857222,0.014452919735930575,0.0038572081310094307,0.043206060587980384,0.024503362804259375,0.03862147372215234,-0.0014060768811639964,0.09797775265664384,0.054183531720067846,0.016606581936349705,0.02794547228954156,0.041511476130313474,0.0867471577408242,0.04852652273226028,0.01849385709864594,0.0716678335468096
0.00787747615835348,0.018999579599731416,0.02634054924044619,0.012290820758697552,0.03589883545018532,0.026577662614142336,0.023706936579644858,0.01789756903159717,0.03200059022670689,0.023954561109405526,0.01853084197909578,0.055848806384731955,0.014665188897627704,0.02689845110631876,0.02919815012059175,0.02257952098640188,0.0060098626864804544,0.029528703344653663,0.006877048665262349,0.019035442278889033,0.03914988523852263,0.007709359918527534,0.011787001160742225,0.033107585968691296,0.05175058656005544,0.023682260722433145,0.01523487951880105,0.03062364371031935,0.027732517279994078,0.026131988260289587,0.034997018266736214,0.02382953062624726,0.02900339801382564,0.012698701200398895,0.03398763843706869,0.020452341139314715,0.03138654550244942,0.015859232384601126,0.019026824030053718,0.01942021538482484,0.023213873939755242,0.03521125684320691,0.012667744011050116,0.01426679679607407,-0.0009779752564238278,0.016958373995355828,0.014839842331860427,0.020746190434453155,0.024401230940426673,0.020760996644316042,0.022263358798908096,0.011439783919353743,0.009744267919877599,0.023386479573467792,0.017413802490777282,0.014980433026731943,0.03103168935098108,0.027965419830649763,0.041258688683182075,0.03802942307854479,0.026418597637945306,0.024474238553411548,0.008199588477202752,0.02141985595928386,0.061389495116780046,0.02150891308104544,0.04172438010863863,0.020664355283939197,0.02059070378060369,0.020105144831431863,0.0493063583067071,0.026035742060059642,0.02780794026930682,0.036489267524811166,0.032694975410108865,0.03478049568771712,0.0039456198736923,0.029751676874572735,0.04397032698222908,0.024536674540662273,0.0024467938189978587,0.031313451072367014,0.0201036228643409,0.03087569823326469,0.02860815896843817,0.012831118273126826,0.04746876755963919,0.023463217988727424,0.005942631790062926,0.03321814158592164
0.014182768012536623,0.02405636660280633,0.02066012333382231,0.0025948643886062974,0.04270468863096368,0.03968206036430689,0.033902554096433314,0.030630839446497676,0.015649322142671132,0.018503625859532923,0.04426944214323882,0.014665188897627704,0.09347629156402312,0.019445315266843843,0.0471701986900327,0.019366632804996866,0.006565255661772664,0.0220251907445044,0.01365907193141458,0.029922629031194418,0.033746390748242566,0.010918647327719277,0.016838489346158555,0.035246388799379545,0.024254143560920767,0.029674650459972904,0.01405411870903952,0.03877691415473849,0.0025038543622301376,0.04904656754439757,0.027653663085922653,0.016145214824497482,0.031191541810402464,0.01544649703939054,0.00850224847177393,0.03197443395029393,0.026544859781532898,0.02046301162691137,0.013374143223939115,0.0170712906150666,0.023246541302383093,0.03191938857607932,0.012986462622833254,0.006344318087100473,0.0005627173573841873,0.037041167491526104,0.018811047872141877,0.0227533848206424,0.026298905346255935,0.027927373284139394,0.01763489839121105,0.016719243251210728,0.0075905089294262176,0.029688333448961785,0.019244040881908012,0.00781056003220548,0.029585051579100387,0.05170424511216649,0.034608719702260794,0.04305848523080067,0.03335951958054531,0.012896191352412989,0.005520125771334608,0.014085687120307524,0.028311347015379133,0.005686436616711962,0.06689381712238347,0.012574891155860348,0.02056504523159412,0.026632472591559958,0.019557151313259413,0.004479952140759929,0.024889519318844578,0.03532529368295001,0.021658653008602077,0.021845469843190617,0.013751099760865144,0.027307940141121798,0.03128614960276712,0.027645811655640992,0.003601967161523993,0.04073849449728823,0.020323021775083445,0.02121473046107642,0.032913614429422235,0.009045657777965291,0.040263801771977976,0.01977667781631451,0.0073706307336861765,0.035849548806762645
0.0047527154308945364,0.015617884138925052,0.022979782737278364,0.008332740486559919,0.03281196493715845,0.02616458473726831,0.016613757208490582,0.02169278839877333,0.021266999755485357,0.019084102126748333,0.008028074053921887,0.02689845110631876,0.019445315266843843,0.04559245138579281,0.03180198826420196,0.02280163245616507,0.008872933150548318,0.015169264168960141,0.005236583724602234,0.023361406313658267,0.038562066471022026,0.0069491357111460044,0.01165512091648139,0.029876333299011515,0.0479475572952868,0.021025742434820742,0.013418737413172373,0.020185355235135725,0.044681468848785905,0.02908277018048871,0.04227559574248629,0.02342652113853617,0.03207398720860826,0.004292778530153128,0.015504507364377602,0.022619392155815148,0.029084805926688703,0.01640870499077316,0.01405315193335648,0.020616409104425273,0.021898147590239954,0.04138398538474081,0.01455347530414675,0.015723485923917778,0.013456558419949024,0.006733437035049619,0.01329444194468776,0.026724483130771977,0.023560835535570986,0.021025301369475665,0.020944284642297858,0.01626379737910443,0.0058839299977729385,0.020360594751095484,0.017683083920881075,0.008180146572832385,0.03118301848795522,0.029640542773538132,0.04221299092757465,0.032007801978522654,0.027798404512244135,0.027701778539856663,0.007034429356806664,0.01899043564310502,0.04122309042721593,0.015329891695416667,0.039180589428468124,0.020901422629702685,0.02002539812596221,0.024258244782174077,0.035222426553068724,0.020394828505951073,0.025056931117781758,0.030208762369020505,0.023581776748872945,0.03983706735273982,0.004697985317209197,0.0324058102314583,0.03902012686336971,0.02370181442719055,-0.0002076076318444015,0.02236640276048635,0.016736689689981443,0.03590691127713744,0.021231504325675662,0.012718552016836504,0.03827437793662221,0.02331780073553322,0.005222862463063393,0.036361391677247445
0.015106625947060349,0.03508660275992686,0.03368040149305263,0.03239979119629969,0.039644950083308775,0.12137790530675642,0.0830144542723797,0.03583492516256613,0.02147720505343703,0.06454538124631817,0.0697667249021248,0.02919815012059175,0.0471701986900327,0.03180198826420196,0.7338205399975661,0.05045851374105807,0.009495177618430797,0.05618546581346899,0.01488478562069552,0.05780237407098587,0.08124048046035785,-0.00816477508953834,0.02713273356640601,0.019540570901932543,0.09346493755885664,0.06120503897227783,0.03310393480680928,0.07931800251645482,0.0019619660275984824,0.06375267071700355,0.044593194271712024,0.05118547017834802,0.034801022713175055,-0.013037456715846323,-0.004154414987039863,0.04374748691781938,0.08646996642765536,0.04065691463072955,0.027023079949298326,0.02512942541951365,0.054386071889051056,0.05919522463271643,0.046797851007128057,0.026835632760723264,-0.016914901478007196,0.098975853724401,0.02241463356746311,0.03243162984544725,0.02921898318270072,0.021500506199334066,0.06004406014552048,0.021425649496011223,0.010802494132477438,0.019104780687383048,0.031735050944775384,0.021157709001696088,0.07737686288162804,0.0637275784092205,0.07960042231192851,0.05797384687299417,0.0431762953700578,0.02771273944810454,0.023797152902620255,0.026027751593963033,0.07844219228758627,0.03239630209645273,0.018069901026195764,0.007176621755036009,0.015448130792943555,0.002761062368939229,0.146476347322859,0.005253370898534921,0.05581541057745803,0.10999024785639022,0.042668521564076835,0.026621388850796034,0.006226123675758148,0.03342725403155585,0.051335083830977235,0.058472114397015926,-0.01906015845791315,0.07745095046028695,0.020135989209755876,0.030500787721157004,0.038265746872753706,0.035815192476103104,0.1260404398147576,0.035664509684366616,0.023265264045768834,0.07097035212328881
0.008649421699792735,0.04346446359289742,0.03445686214463979,0.041381204107880626,0.046433143735088174,0.059910787872772486,0.02004173789847933,0.026907636025383964,0.0419060873692184,0.03730223874485576,0.06742638722354978,0.02257952098640188,0.019366632804996866,0.02280163245616507,0.05045851374105807,0.12342216199977886,0.008108023961960415,0.035250341311129536,0.0035719009187105983,0.05748389041740942,0.04118046083079961,-0.006960370031785435,0.013558319813011546,0.03357552316665292,0.07732175893230982,0.026142528755710635,0.029998275588178348,0.05645899467315843,0.04389819826371311,0.03414748981203073,0.03779879214242883,0.06418036869015467,0.02390402986319906,0.009790688512898165,0.014118328913871568,0.019837922781531448,0.08626186079852927,0.04057066589649751,0.016682557938454065,0.02132792780416554,0.0368890344202124,0.04572687995735131,0.019309567599910614,0.020813422491396318,0.0012982502680830771,0.036783499755702345,0.006443573810943666,0.12332625392915846,0.04425672451068813,0.024835658390008734,0.03310749451375901,0.03180072586052341,0.006866998924594148,0.019711353606599074,0.02667230659809765,0.0340250912815833,0.060135816042474366,0.0481556960256031,0.05162633501226409,0.015134123848446155,0.05523774243875546,0.028741885964154505,0.010902789350993255,0.01768560975395106,0.14092757398080497,0.010901885715556607,0.049148311653041385,0.021099820399030505,0.027087150612708766,0.017816945680411127,0.19731836112363121,0.036983325946852524,0.032521637615273345,0.08169235126805509,0.04564364337556948,0.033822264315723334,0.007890040589857348,0.04189520931460839,0.0690947156770254,0.03427101624049786,-0.004077607878926693,0.05765660071660046,0.030580123991537086,0.028893059883966125,0.027027743194917346,0.01791707604823355,0.06005880645451402,0.025519912900667522,0.01224883267078618,0.033265260059146096
0.01034059929751799,0.011989123128126998,0.01338621166830302,0.006516394758267802,0.0036341416522863938,0.018995928433829152,0.004959462498780341,0.011862670789907822,0.007156597459180638,0.006277424696222595,0.01859733580989199,0.0060098626864804544,0.006565255661772664,0.008872933150548318,0.009495177618430797,0.008108023961960415,0.030615515990334626,0.0126180210772266,0.006341328313122513,0.006637589392663626,0.010476517489289962,0.008571059564844073,0.005690734470159296,0.014313670216816815,0.012878820234957733,0.008111111447496705,0.00612993476589645,0.005974702731338464,0.01270661768547685,0.01698715348586392,0.010295792457481244,0.006841821018663144,0.011448414400915988,0.008719741302582764,0.017922598567351174,0.009510821559976335,0.00491897961373477,0.011417397530490184,0.009209964835200183,0.014028726779865034,0.01390227409543345,0.010685822012645884,0.004882930994123091,0.010383178929726592,-0.0002795353973202487,-0.00779213850572589,0.008793670842086565,0.006528176032244676,0.010840059498805855,0.011195986478309767,0.011824323707045982,0.006495333122318004,0.015358860808676263,0.013181658212948704,0.007190171156354226,0.00618298686043233,0.008726393647172969,0.003486509882517458,0.02027574447814767,0.015111111891740898,0.008530770471581187,0.006138093249327832,0.0037688177168616007,0.01554903375546344,0.007770774253476833,0.0101611187873034,0.008939178347026296,0.006126044761135193,0.011553413127325695,0.013610230883090668,-0.003748559267128144,0.015625643599736068,0.008659524524024149,0.014920597337942315,0.014361681574521072,0.012307865443534665,0.009804241726882207,0.011333043678312471,0.0035417572212188405,0.008399849949364544,0.013078732225339305,0.00028065222589652983,0.011627497921893267,0.010831489191116915,0.016122093208125306,0.010324729118220424,0.01940321471056959,0.010795981400584246,0.006145409079819935,0.02142687810868782
0.014589788085906627,0.014823693955729281,0.027534349891717626,0.030416394605924917,0.08303835217065143,0.03904043235646272,0.10694923495488409,0.03276985642911594,0.034137045127824506,0.05573544212789933,0.08627821747333511,0.029528703344653663,0.0220251907445044,0.015169264168960141,0.05618546581346899,0.035250341311129536,0.0126180210772266,0.44590720522574284,0.020870269348339663,0.06889200126818562,0.021694415993254272,0.003269859928954839,0.0070259572191507845,0.02791090658884714,0.06521352494366373,0.04624755078366415,0.02621983952832459,0.07707714982735424,-0.022896660155751956,0.05493073092653928,0.037902190721728506,0.04049985733340429,0.03415603743244555,0.0012915729000669753,0.01519555749057293,0.040158977314734445,0.08766250582206668,0.04738595691215435,0.024926324257990705,0.03167714417528117,0.027852090424142804,0.04223834113102549,0.017654232827452203,0.027102701522819222,-0.019629471434035886,0.04149961328338295,0.012006597066970841,0.05294365415259377,0.005856683396296616,0.031200857512526804,0.0333067592994703,0.044671637763504794,0.03056276754311693,0.03142204523666117,0.01169986918259977,0.007034769648103844,0.04986075963887829,0.08043041106696312,0.05652037605916287,0.04327627603045173,0.09119167700016864,0.022371713658256912,0.006078107761222987,0.03815520700927454,0.08102371346882518,0.008765887278159076,0.11717588219920407,0.021372582625161042,0.0360750926273859,-0.0020096864240503613,0.09647489592879442,0.030807997832624712,0.04045959731189795,0.08653044734740503,0.046887636665203035,0.039343874467833904,0.0035438878656707173,0.03911795135684341,0.017262804412526395,0.028767213159098137,0.0011008199197794115,0.08167890607775306,0.03032362665485182,0.021175146839454102,0.040050737214257476,0.011683393805616149,0.07514009431189916,0.035393196442504916,0.012488327706751822,0.04321123981657464
0.02377214623972467,0.004591817425915359,0.012423287647085154,0.00964442051008494,0.00524242137452123,0.016459874796938473,0.01739890764279779,0.01101909731175712,0.016004745926249776,0.009669108245219942,0.014975870121838066,0.006877048665262349,0.01365907193141458,0.005236583724602234,0.01488478562069552,0.0035719009187105983,0.006341328313122513,0.020870269348339663,0.04022153263803478,0.01835534812026646,0.013531776165354153,0.015365457003284502,0.010070383781796676,0.015603923832038843,0.014389210311874292,0.0207469136605311,0.006167277068680274,0.013049748837713754,-0.03102432171458834,0.008431427618076163,0.009143773246002155,0.008530146609256899,0.00798263104996199,0.014228777190285948,0.00291021706583248,0.01574551019551098,0.019918650417509925,0.010219446731144553,0.012890947390823396,0.013326471095476392,0.02086866831983682,0.014794152336097852,0.007535638035506156,0.014090703230090044,0.008816804403106308,0.013336638423562744,0.014883247601541742,0.006491847838717682,0.013658408129819864,0.01104288748191745,0.0073559892868056,0.010627204345456104,0.011196444363934991,0.012209838852444376,0.008292899215567077,0.014367822825126284,0.012245430186326263,0.007104793156539469,0.011513514020355624,0.018810376102705077,0.0029378405960743966,0.0017061968862342692,0.0027402285676182956,0.007129762751599057,0.010869952092354964,0.005951409630057903,-0.008567642272943706,0.018998362079894218,0.010948407309355443,0.004540486113166109,0.017505786678586502,0.01842230938949314,0.012608751950451668,0.027871352176215378,0.02221356934355529,0.007835217684300714,0.011090593780424022,0.015397823377622463,0.014002402152723357,0.011250413080535182,0.011768541766936527,0.004930947143643195,0.014685696864466295,0.006781046026146892,0.012250797577711648,0.00970836709271434,0.021686648599909084,0.0061307014414546885,0.01265089860769498,0.02592966871749924
0.029772984379929743,0.017489000086771365,0.05751169371459661,0.03011607746440444,0.07237620782131994,0.07766291929775847,0.11098805565741843,0.05073913231828295,0.02527326352955266,0.049265894925745055,0.08645952238073684,0.019035442278889033,0.029922629031194418,0.023361406313658267,0.05780237407098587,0.05748389041740942,0.006637589392663626,0.06889200126818562,0.01835534812026646,0.690939145001598,0.06309261205135774,0.0017273876537876238,0.010187391343392615,0.04840894106173637,0.07904774103991058,0.027621846242037326,0.010387900927748314,-0.007673636441559281,0.1265267573144223,0.05781658106351845,0.0310554156082958,0.032374750763510464,0.014370979259367348,0.01295215905342725,0.021494834188465813,0.04536275101833304,0.09397977528197186,0.053026051543728234,0.0156723902211322,0.0022886781769813356,0.06025074698018597,0.04703490388542674,0.02954069509892322,0.019755839851879845,0.037100186641113336,0.0703624022886158,0.020601475012261814,0.09612298872504584,0.06383615732550146,0.038293558610767026,0.04714755339327877,0.06442695736778065,0.04086202696118559,0.030408095515550293,0.028424781696649006,0.020388518333901613,0.06198438413487539,0.14181386786096883,0.035456738935234704,0.07463942345789867,0.06035343631356068,0.01884601649420051,0.0040902169913174516,0.03018891213112401,0.07879551137338392,-0.0075969384864444005,0.07370919031974789,0.015313508557937885,0.02020891450356091,0.06727566548354234,0.18755347809384051,0.04549737746317823,0.06085717225147134,0.14671623116047716,0.06516015028511109,0.025830845262850403,0.005010508261139144,0.02645705423791992,0.06229238990444069,0.040045717878618915,-0.013700070340696004,0.1151500362447281,0.007426313385130646,0.016176324466197045,0.05878745510243327,0.013542910029956291,0.07532159835789312,0.01749027225481899,-0.0032568366041952103,0.07683494516343299
0.011199358338636806,0.07014273575607669,0.05126243679365761,0.02380698432819716,0.07049856938256037,0.058006698375712276,0.034286797285656936,0.04252569824077042,0.0594173288321871,0.04449951870394936,0.03351949935954605,0.03914988523852263,0.033746390748242566,0.038562066471022026,0.08124048046035785,0.04118046083079961,0.010476517489289962,0.021694415993254272,0.013531776165354153,0.06309261205135774,0.2256268860432793,0.004543921196061258,0.023413059875538222,0.0467069782261349,0.06168205291503121,0.053804172051508656,0.02364485427747553,0.059855064687640853,0.1580488079497721,0.04290902719902635,0.05224288114932592,0.03893815106414093,0.04365602714572439,0.016063829006720317,0.02193507219073182,0.040507266546584826,0.060359998572733164,0.037347716823047904,0.021585274071980215,0.030070047791883533,0.04786271457986109,0.06144753845956969,0.03279267942628402,0.018316300501867503,0.015717983597459257,0.04715033717850868,0.02190329612947521,0.0456256651783628,0.04355179156064666,0.03802553135908182,0.03978489697778769,0.041909751399563225,0.013019171019042864,0.03444074168295991,0.03318532384114661,0.017422026059046494,0.06055126294091186,0.08660966796787763,0.06983148258812642,0.0831095705685346,0.03634028816862462,0.03334066317936096,0.012443877485264852,0.04709941713123678,0.07062329088228593,0.017235309814431936,0.08662417670822814,0.07212598248063647,0.03438446864965744,0.0408137134336687,0.0575341410371355,0.04279386748932495,0.0405048273623217,0.08020293130209943,0.039543832446295696,0.049836629545104615,0.009979505170308763,0.05092509469534957,0.06865410987597627,0.03835631311042253,-0.008174269226790277,0.05532878751974495,0.04076250127940524,0.04015684649747708,0.05618829646098787,0.02305170500190821,0.049866816566490925,0.01573351933007872,0.00910515892375683,0.05641346603538223
